0 0
0 3
0 4
0 6
0 7
0 9
0 15
0 16
0 20
0 22
0 27
0 35
0 38
0 40
0 41
0 42
0 43
0 58
0 60
0 69
0 70
0 72
0 84
0 85
0 87
0 92
0 94
0 97
0 99
0 100
1 0
1 2
1 4
1 8
1 15
1 19
1 20
1 22
1 24
1 27
1 28
1 37
1 39
1 42
1 49
1 55
1 56
1 63
1 64
1 70
1 71
1 72
1 73
1 75
1 76
1 80
1 81
1 84
1 85
1 86
1 87
1 88
1 99
2 1
2 3
2 4
2 5
2 10
2 13
2 15
2 21
2 22
2 23
2 27
2 30
2 31
2 32
2 36
2 37
2 38
2 43
2 44
2 45
2 50
2 52
2 58
2 60
2 62
2 66
2 72
2 77
2 79
2 81
2 82
2 83
2 88
2 89
2 100
3 0
3 1
3 3
3 9
3 11
3 12
3 17
3 19
3 22
3 25
3 27
3 28
3 29
3 33
3 34
3 37
3 41
3 51
3 52
3 57
3 58
3 61
3 62
3 66
3 67
3 70
3 74
3 78
3 80
3 84
3 85
3 86
3 90
3 93
3 94
3 95
3 97
3 98
3 99
3 100
4 0
4 3
4 4
4 5
4 10
4 20
4 21
4 24
4 28
4 31
4 32
4 33
4 37
4 38
4 41
4 43
4 46
4 49
4 51
4 58
4 64
4 65
4 69
4 75
4 77
4 79
4 83
4 84
4 85
4 87
4 90
4 92
4 93
4 97
4 99
5 2
5 5
5 9
5 11
5 15
5 22
5 24
5 25
5 26
5 27
5 28
5 29
5 31
5 33
5 35
5 39
5 41
5 43
5 44
5 47
5 49
5 51
5 56
5 59
5 60
5 61
5 66
5 72
5 78
5 81
5 87
5 88
5 90
5 91
5 93
5 95
5 96
5 99
6 0
6 2
6 11
6 12
6 14
6 15
6 16
6 17
6 24
6 34
6 36
6 38
6 48
6 50
6 52
6 53
6 54
6 57
6 58
6 59
6 62
6 64
6 65
6 69
6 71
6 79
6 81
6 82
6 83
6 87
6 88
6 90
6 100
7 4
7 7
7 11
7 13
7 18
7 19
7 21
7 30
7 36
7 37
7 39
7 44
7 51
7 52
7 54
7 55
7 59
7 62
7 66
7 71
7 84
7 86
7 87
7 90
7 95
7 96
7 99
7 100
8 0
8 2
8 4
8 6
8 13
8 16
8 17
8 20
8 21
8 23
8 25
8 32
8 41
8 42
8 44
8 47
8 51
8 57
8 59
8 61
8 63
8 65
8 66
8 76
8 79
8 83
8 90
8 92
8 96
8 97
9 2
9 7
9 8
9 9
9 13
9 18
9 22
9 29
9 37
9 39
9 40
9 43
9 45
9 46
9 50
9 52
9 55
9 56
9 58
9 62
9 67
9 73
9 75
9 76
9 79
9 84
9 86
9 88
9 91
9 93
9 94
10 4
10 5
10 7
10 16
10 17
10 18
10 26
10 28
10 35
10 38
10 39
10 42
10 44
10 59
10 60
10 61
10 69
10 70
10 86
10 88
10 91
10 93
11 8
11 11
11 16
11 23
11 31
11 32
11 34
11 38
11 39
11 40
11 42
11 43
11 44
11 46
11 52
11 54
11 56
11 58
11 60
11 65
11 72
11 73
11 78
11 83
11 86
11 95
11 97
11 99
12 1
12 10
12 12
12 24
12 25
12 30
12 31
12 44
12 47
12 53
12 57
12 62
12 63
12 66
12 72
12 74
12 76
12 78
12 81
12 84
12 85
12 86
12 91
12 93
12 94
12 97
13 0
13 1
13 3
13 7
13 9
13 10
13 14
13 18
13 25
13 26
13 31
13 34
13 36
13 39
13 40
13 51
13 60
13 63
13 70
13 72
13 76
13 77
13 83
13 85
13 90
13 91
13 95
13 97
14 6
14 13
14 24
14 26
14 35
14 39
14 40
14 50
14 51
14 58
14 62
14 64
14 66
14 68
14 71
14 72
14 82
14 87
14 93
14 94
14 95
14 96
14 99
15 3
15 5
15 7
15 8
15 10
15 12
15 14
15 17
15 24
15 25
15 27
15 28
15 31
15 34
15 36
15 37
15 40
15 41
15 42
15 48
15 49
15 50
15 53
15 57
15 62
15 64
15 65
15 66
15 69
15 70
15 81
15 83
15 92
15 94
15 95
15 99
16 2
16 4
16 6
16 7
16 16
16 17
16 18
16 20
16 21
16 31
16 34
16 38
16 41
16 55
16 56
16 57
16 58
16 61
16 62
16 64
16 67
16 71
16 74
16 77
16 85
16 86
16 89
16 96
17 11
17 13
17 19
17 20
17 22
17 27
17 33
17 36
17 38
17 44
17 49
17 52
17 53
17 59
17 62
17 65
17 66
17 69
17 72
17 74
17 75
17 79
17 86
17 87
17 88
17 89
17 90
17 92
17 93
17 95
17 97
17 99
17 100
18 2
18 4
18 9
18 12
18 16
18 18
18 19
18 24
18 29
18 33
18 34
18 35
18 36
18 37
18 38
18 39
18 41
18 43
18 48
18 54
18 56
18 58
18 59
18 64
18 65
18 66
18 70
18 71
18 72
18 77
18 78
18 81
18 82
18 86
18 87
18 92
18 97
19 1
19 6
19 11
19 19
19 23
19 24
19 27
19 30
19 31
19 34
19 36
19 40
19 42
19 47
19 48
19 49
19 50
19 53
19 57
19 58
19 70
19 79
19 82
19 86
19 92
19 93
19 97
19 99
20 3
20 4
20 5
20 8
20 12
20 13
20 16
20 23
20 28
20 31
20 34
20 35
20 38
20 48
20 49
20 53
20 57
20 61
20 67
20 73
20 79
20 81
20 85
20 88
20 95
21 6
21 9
21 12
21 19
21 20
21 28
21 30
21 35
21 37
21 38
21 39
21 43
21 47
21 50
21 54
21 56
21 60
21 62
21 63
21 64
21 67
21 69
21 73
21 86
21 87
21 93
21 96
22 3
22 4
22 6
22 9
22 10
22 11
22 15
22 19
22 21
22 29
22 31
22 36
22 40
22 42
22 44
22 57
22 61
22 69
22 72
22 73
22 77
22 78
22 80
22 81
22 83
22 84
22 86
22 90
22 95
22 97
23 4
23 5
23 6
23 9
23 10
23 14
23 15
23 17
23 21
23 23
23 24
23 25
23 28
23 33
23 35
23 36
23 45
23 48
23 54
23 58
23 60
23 61
23 62
23 64
23 66
23 73
23 75
23 81
23 82
23 83
23 86
23 88
23 89
23 96
23 97
23 99
24 0
24 5
24 9
24 11
24 12
24 17
24 19
24 27
24 33
24 34
24 44
24 46
24 47
24 49
24 52
24 57
24 58
24 60
24 61
24 62
24 63
24 64
24 65
24 66
24 74
24 77
24 79
24 83
24 84
24 86
24 90
24 94
24 98
25 0
25 6
25 11
25 13
25 16
25 18
25 27
25 28
25 36
25 40
25 41
25 45
25 46
25 47
25 55
25 63
25 64
25 66
25 69
25 72
25 74
25 76
25 77
25 78
25 79
25 80
25 81
25 83
25 90
25 91
25 95
25 96
25 99
25 100
26 3
26 6
26 10
26 11
26 13
26 14
26 15
26 16
26 18
26 19
26 27
26 28
26 30
26 38
26 39
26 41
26 45
26 49
26 50
26 51
26 56
26 60
26 64
26 66
26 67
26 70
26 71
26 72
26 80
26 82
26 83
26 85
26 86
26 93
26 99
27 0
27 2
27 3
27 4
27 5
27 6
27 8
27 13
27 15
27 22
27 25
27 30
27 36
27 43
27 48
27 49
27 57
27 59
27 66
27 69
27 71
27 74
27 76
27 78
27 80
27 81
27 84
27 91
27 95
27 97
27 100
28 0
28 2
28 5
28 6
28 10
28 21
28 32
28 34
28 42
28 46
28 48
28 53
28 55
28 63
28 66
28 71
28 73
28 74
28 77
28 80
28 83
28 90
28 93
29 3
29 4
29 5
29 7
29 14
29 15
29 17
29 22
29 24
29 25
29 30
29 32
29 36
29 41
29 42
29 48
29 49
29 52
29 55
29 57
29 64
29 70
29 72
29 75
29 76
29 77
29 81
29 83
29 88
29 89
29 92
29 94
29 97
29 98
29 99
30 6
30 10
30 11
30 13
30 25
30 27
30 29
30 32
30 39
30 40
30 42
30 43
30 44
30 45
30 49
30 51
30 52
30 57
30 58
30 61
30 68
30 70
30 76
30 80
30 86
30 88
30 92
30 94
30 97
30 98
30 99
31 2
31 8
31 10
31 12
31 13
31 15
31 17
31 18
31 20
31 23
31 24
31 29
31 31
31 32
31 40
31 42
31 44
31 45
31 46
31 48
31 49
31 52
31 54
31 58
31 59
31 64
31 65
31 69
31 70
31 73
31 78
31 79
31 83
31 86
31 87
31 91
31 94
32 5
32 9
32 12
32 13
32 18
32 19
32 23
32 26
32 28
32 31
32 35
32 42
32 54
32 58
32 68
32 74
32 76
32 83
32 85
32 86
32 89
32 91
32 95
33 1
33 4
33 11
33 12
33 14
33 17
33 23
33 26
33 28
33 29
33 31
33 40
33 44
33 46
33 47
33 50
33 51
33 52
33 56
33 61
33 74
33 76
33 77
33 79
33 85
33 86
33 89
33 90
33 92
33 94
33 97
33 98
33 99
34 0
34 4
34 8
34 14
34 22
34 26
34 32
34 37
34 42
34 43
34 47
34 59
34 76
34 82
34 93
34 99
35 1
35 4
35 10
35 15
35 16
35 18
35 20
35 25
35 27
35 28
35 33
35 36
35 38
35 39
35 40
35 41
35 48
35 51
35 52
35 54
35 56
35 60
35 61
35 62
35 71
35 76
35 78
35 81
35 87
35 93
35 96
35 97
36 13
36 20
36 22
36 23
36 24
36 26
36 28
36 30
36 32
36 37
36 40
36 56
36 60
36 66
36 75
36 78
36 81
36 85
36 89
36 91
36 92
36 98
37 1
37 20
37 27
37 39
37 45
37 50
37 51
37 52
37 56
37 59
37 60
37 62
37 63
37 65
37 69
37 70
37 72
37 78
37 82
37 86
37 89
37 90
37 93
37 99
37 100
38 1
38 2
38 4
38 6
38 7
38 8
38 12
38 17
38 18
38 28
38 30
38 32
38 33
38 35
38 39
38 40
38 42
38 45
38 53
38 54
38 58
38 62
38 63
38 64
38 72
38 74
38 77
38 80
38 84
38 85
38 90
38 94
38 95
39 6
39 10
39 11
39 15
39 18
39 20
39 29
39 30
39 35
39 41
39 46
39 56
39 58
39 61
39 62
39 68
39 70
39 76
39 78
39 80
39 82
39 84
39 86
39 91
40 1
40 6
40 9
40 11
40 12
40 13
40 22
40 24
40 25
40 27
40 29
40 34
40 35
40 36
40 44
40 46
40 47
40 50
40 51
40 54
40 58
40 65
40 67
40 71
40 75
40 76
40 83
40 84
40 90
40 94
40 95
40 98
41 1
41 2
41 8
41 13
41 16
41 17
41 18
41 19
41 21
41 22
41 27
41 29
41 31
41 33
41 38
41 42
41 43
41 48
41 50
41 53
41 54
41 55
41 56
41 58
41 71
41 72
41 73
41 78
41 79
41 84
41 90
41 95
41 96
41 97
41 98
41 99
42 2
42 3
42 5
42 8
42 19
42 20
42 25
42 26
42 27
42 29
42 31
42 33
42 34
42 38
42 47
42 48
42 49
42 51
42 54
42 61
42 62
42 70
42 72
42 76
42 77
42 80
42 81
42 82
42 87
42 90
42 94
42 95
42 99
43 2
43 3
43 9
43 12
43 14
43 25
43 29
43 30
43 32
43 35
43 40
43 49
43 53
43 57
43 59
43 64
43 68
43 73
43 76
43 78
43 81
43 82
43 85
43 86
43 94
43 95
43 100
44 2
44 3
44 4
44 7
44 10
44 12
44 16
44 18
44 22
44 23
44 28
44 29
44 36
44 39
44 40
44 45
44 46
44 48
44 49
44 53
44 54
44 55
44 59
44 60
44 61
44 69
44 72
44 73
44 75
44 78
44 79
44 80
44 84
44 91
44 94
44 95
44 97
44 100
45 3
45 8
45 9
45 10
45 12
45 13
45 14
45 16
45 18
45 21
45 24
45 39
45 41
45 46
45 50
45 54
45 56
45 57
45 59
45 60
45 62
45 63
45 64
45 74
45 78
45 96
45 97
45 98
45 100
46 4
46 7
46 8
46 10
46 12
46 13
46 19
46 20
46 21
46 23
46 29
46 42
46 46
46 47
46 51
46 52
46 54
46 55
46 57
46 63
46 66
46 68
46 69
46 71
46 73
46 76
46 82
46 87
46 89
46 92
46 99
47 0
47 2
47 6
47 11
47 12
47 15
47 16
47 18
47 19
47 25
47 26
47 27
47 28
47 34
47 36
47 37
47 40
47 45
47 50
47 54
47 58
47 60
47 61
47 62
47 70
47 71
47 72
47 74
47 77
47 80
47 83
47 91
47 92
48 4
48 5
48 6
48 11
48 12
48 13
48 14
48 15
48 17
48 20
48 31
48 33
48 34
48 35
48 39
48 41
48 43
48 46
48 47
48 49
48 54
48 55
48 57
48 58
48 66
48 70
48 73
48 74
48 77
48 78
48 79
48 92
48 98
49 2
49 3
49 8
49 9
49 10
49 12
49 16
49 25
49 26
49 29
49 30
49 37
49 40
49 43
49 45
49 47
49 48
49 52
49 56
49 57
49 58
49 59
49 60
49 65
49 66
49 68
49 70
49 72
49 79
49 80
49 81
49 84
49 96
49 97
50 3
50 4
50 10
50 11
50 18
50 21
50 31
50 35
50 36
50 38
50 43
50 46
50 53
50 54
50 56
50 57
50 64
50 65
50 71
50 76
50 77
50 78
50 82
50 85
50 86
50 87
50 89
50 92
50 98
50 99
51 2
51 6
51 7
51 8
51 15
51 16
51 17
51 18
51 19
51 22
51 23
51 24
51 25
51 26
51 29
51 32
51 34
51 37
51 40
51 41
51 42
51 43
51 48
51 56
51 57
51 59
51 62
51 68
51 69
51 71
51 72
51 75
51 83
51 85
51 91
51 97
52 5
52 13
52 20
52 24
52 31
52 34
52 37
52 40
52 42
52 46
52 57
52 64
52 65
52 67
52 73
52 77
52 80
52 81
52 83
52 85
52 95
52 98
53 1
53 6
53 7
53 11
53 12
53 14
53 15
53 17
53 19
53 21
53 23
53 24
53 25
53 26
53 29
53 32
53 34
53 37
53 38
53 43
53 44
53 52
53 54
53 57
53 58
53 61
53 63
53 68
53 78
53 89
53 91
53 93
53 96
53 99
54 3
54 5
54 8
54 9
54 11
54 12
54 18
54 20
54 22
54 24
54 29
54 31
54 33
54 36
54 38
54 45
54 47
54 49
54 51
54 52
54 54
54 57
54 62
54 64
54 65
54 67
54 73
54 75
54 76
54 79
54 81
54 83
54 89
54 92
54 93
54 98
54 99
55 4
55 5
55 12
55 17
55 19
55 22
55 28
55 29
55 30
55 32
55 35
55 41
55 43
55 44
55 46
55 49
55 52
55 60
55 61
55 62
55 63
55 64
55 66
55 73
55 84
55 87
55 89
55 90
55 94
55 99
56 2
56 3
56 5
56 7
56 16
56 17
56 18
56 25
56 26
56 31
56 32
56 34
56 35
56 41
56 42
56 48
56 50
56 51
56 52
56 55
56 58
56 60
56 61
56 62
56 67
56 68
56 73
56 77
56 85
56 87
56 93
56 96
56 98
57 0
57 7
57 8
57 11
57 12
57 16
57 18
57 21
57 22
57 32
57 35
57 39
57 42
57 44
57 54
57 64
57 65
57 66
57 72
57 73
57 77
57 81
57 86
57 90
57 91
58 3
58 10
58 15
58 16
58 18
58 19
58 23
58 26
58 27
58 28
58 31
58 32
58 33
58 50
58 59
58 63
58 64
58 70
58 71
58 75
58 77
58 81
58 84
58 85
58 90
58 97
58 98
58 99
59 2
59 5
59 13
59 17
59 18
59 21
59 22
59 25
59 30
59 33
59 39
59 52
59 54
59 66
59 68
59 69
59 70
59 71
59 77
59 79
59 81
59 83
59 86
59 89
59 91
59 92
59 96
60 4
60 5
60 6
60 8
60 9
60 11
60 12
60 18
60 28
60 32
60 37
60 38
60 40
60 43
60 45
60 51
60 54
60 57
60 58
60 68
60 69
60 71
60 76
60 81
60 83
60 85
60 90
60 94
60 98
61 5
61 6
61 8
61 11
61 17
61 23
61 30
61 32
61 33
61 34
61 39
61 41
61 43
61 48
61 50
61 53
61 57
61 62
61 64
61 65
61 67
61 69
61 70
61 74
61 78
61 82
61 83
61 87
61 88
61 97
61 100
62 1
62 4
62 6
62 7
62 9
62 13
62 17
62 18
62 19
62 20
62 23
62 29
62 30
62 45
62 49
62 50
62 51
62 55
62 56
62 67
62 71
62 75
62 76
62 78
62 84
62 88
62 90
62 94
62 97
62 98
63 6
63 9
63 13
63 14
63 16
63 22
63 25
63 26
63 28
63 29
63 31
63 32
63 33
63 35
63 43
63 44
63 47
63 49
63 51
63 55
63 60
63 70
63 71
63 72
63 74
63 75
63 82
63 83
63 84
63 89
63 90
63 93
63 94
63 97
63 99
64 1
64 2
64 4
64 12
64 14
64 15
64 21
64 28
64 29
64 43
64 46
64 51
64 54
64 57
64 58
64 61
64 65
64 70
64 71
64 72
64 76
64 82
64 83
64 84
64 89
64 92
64 93
65 8
65 11
65 12
65 14
65 15
65 17
65 18
65 21
65 23
65 25
65 27
65 28
65 33
65 34
65 36
65 43
65 44
65 45
65 46
65 51
65 55
65 56
65 58
65 59
65 62
65 63
65 65
65 79
65 81
65 85
65 86
65 91
65 97
65 99
65 100
66 0
66 3
66 4
66 5
66 12
66 15
66 23
66 30
66 32
66 38
66 42
66 51
66 63
66 66
66 67
66 68
66 70
66 74
66 78
66 80
66 87
66 90
66 98
67 7
67 10
67 18
67 20
67 23
67 25
67 26
67 33
67 36
67 38
67 50
67 51
67 52
67 54
67 55
67 56
67 66
67 74
67 77
67 79
67 86
67 88
67 89
67 90
67 93
67 95
67 96
67 98
68 1
68 14
68 19
68 20
68 25
68 26
68 28
68 32
68 33
68 48
68 50
68 54
68 57
68 62
68 63
68 64
68 71
68 80
68 83
68 93
68 96
68 99
69 0
69 1
69 4
69 6
69 7
69 9
69 10
69 12
69 17
69 33
69 42
69 44
69 45
69 50
69 52
69 54
69 58
69 60
69 62
69 65
69 66
69 67
69 68
69 72
69 73
69 77
69 79
69 82
69 84
69 86
69 92
69 97
70 0
70 3
70 10
70 18
70 20
70 25
70 26
70 27
70 29
70 32
70 34
70 35
70 36
70 39
70 45
70 47
70 50
70 57
70 60
70 65
70 67
70 68
70 73
70 76
70 78
70 81
70 84
70 86
70 88
70 92
70 93
70 97
70 99
71 2
71 3
71 6
71 7
71 8
71 12
71 13
71 15
71 17
71 19
71 22
71 23
71 34
71 40
71 42
71 46
71 57
71 63
71 66
71 75
71 78
71 79
71 80
71 94
71 99
72 1
72 5
72 6
72 7
72 10
72 11
72 12
72 13
72 16
72 18
72 19
72 28
72 32
72 37
72 43
72 52
72 59
72 63
72 64
72 65
72 66
72 67
72 68
72 73
72 89
72 91
72 94
72 99
73 1
73 2
73 3
73 6
73 7
73 9
73 10
73 15
73 19
73 22
73 24
73 28
73 29
73 30
73 33
73 44
73 63
73 65
73 73
73 75
73 79
73 82
73 89
73 95
74 6
74 12
74 16
74 22
74 25
74 27
74 28
74 31
74 32
74 33
74 35
74 36
74 37
74 38
74 41
74 44
74 48
74 50
74 63
74 65
74 66
74 69
74 72
74 78
74 79
74 83
74 84
74 85
74 89
74 94
74 96
75 0
75 6
75 7
75 12
75 13
75 14
75 30
75 31
75 32
75 33
75 36
75 38
75 41
75 47
75 48
75 50
75 53
75 55
75 59
75 60
75 62
75 73
75 74
75 81
75 84
75 85
75 94
76 2
76 3
76 5
76 6
76 8
76 9
76 14
76 16
76 26
76 27
76 31
76 32
76 33
76 34
76 41
76 46
76 47
76 49
76 52
76 58
76 61
76 63
76 66
76 69
76 71
76 81
76 82
76 84
76 88
76 92
76 95
76 100
77 0
77 3
77 4
77 5
77 8
77 14
77 17
77 20
77 24
77 27
77 30
77 32
77 33
77 35
77 39
77 41
77 44
77 45
77 46
77 48
77 52
77 53
77 55
77 57
77 68
77 70
77 72
77 76
77 77
77 79
77 81
77 82
77 87
77 91
77 93
77 94
77 97
77 98
77 99
78 0
78 4
78 6
78 8
78 9
78 11
78 14
78 18
78 20
78 24
78 27
78 33
78 40
78 41
78 42
78 45
78 46
78 48
78 50
78 55
78 56
78 57
78 63
78 64
78 66
78 68
78 70
78 75
78 77
78 79
78 80
78 84
78 88
78 91
78 93
78 95
78 98
78 99
78 100
79 5
79 7
79 9
79 13
79 14
79 15
79 16
79 17
79 21
79 23
79 25
79 31
79 37
79 42
79 43
79 44
79 46
79 50
79 51
79 52
79 53
79 59
79 63
79 64
79 67
79 70
79 72
79 73
79 74
79 80
79 81
79 82
79 84
79 87
79 89
79 93
79 98
80 5
80 6
80 9
80 12
80 13
80 17
80 21
80 25
80 35
80 36
80 45
80 46
80 47
80 49
80 50
80 52
80 53
80 58
80 59
80 63
80 69
80 71
80 74
80 76
80 77
80 78
80 86
80 91
81 0
81 9
81 14
81 18
81 23
81 24
81 29
81 32
81 33
81 34
81 36
81 41
81 44
81 45
81 47
81 49
81 53
81 54
81 57
81 59
81 60
81 61
81 64
81 66
81 67
81 68
81 71
81 74
81 80
81 82
81 83
81 84
81 85
81 91
81 95
81 96
82 0
82 2
82 5
82 7
82 8
82 9
82 12
82 13
82 14
82 23
82 24
82 25
82 27
82 29
82 33
82 34
82 38
82 39
82 42
82 45
82 46
82 47
82 50
82 53
82 55
82 59
82 66
82 67
82 73
82 80
82 84
82 87
82 88
82 90
82 93
82 96
83 4
83 13
83 18
83 20
83 27
83 37
83 38
83 39
83 44
83 48
83 50
83 51
83 53
83 58
83 66
83 70
83 72
83 75
83 79
83 80
83 82
83 89
83 95
84 4
84 5
84 6
84 10
84 16
84 17
84 18
84 19
84 21
84 22
84 24
84 25
84 26
84 27
84 28
84 30
84 36
84 37
84 38
84 43
84 45
84 46
84 51
84 60
84 65
84 70
84 73
84 75
84 76
84 80
84 81
84 85
84 86
84 87
84 90
84 93
84 94
84 96
84 97
85 3
85 7
85 8
85 12
85 20
85 22
85 24
85 27
85 28
85 29
85 30
85 32
85 33
85 34
85 35
85 36
85 41
85 42
85 43
85 44
85 46
85 48
85 50
85 54
85 55
85 56
85 59
85 61
85 65
85 66
85 69
85 73
85 74
85 76
85 79
85 81
85 84
85 87
85 96
85 97
86 5
86 6
86 7
86 8
86 13
86 20
86 21
86 23
86 27
86 29
86 32
86 33
86 36
86 45
86 48
86 51
86 52
86 65
86 67
86 68
86 72
86 81
86 83
86 84
86 86
86 90
86 97
87 0
87 11
87 13
87 16
87 17
87 22
87 30
87 33
87 34
87 36
87 38
87 42
87 43
87 46
87 48
87 56
87 57
87 59
87 60
87 61
87 66
87 71
87 72
87 83
87 88
87 92
87 93
87 96
87 100
88 0
88 4
88 5
88 8
88 10
88 14
88 16
88 23
88 24
88 27
88 28
88 32
88 35
88 38
88 45
88 46
88 51
88 52
88 55
88 56
88 67
88 68
88 69
88 74
88 79
88 82
88 90
88 92
88 95
88 100
89 4
89 5
89 10
89 13
89 14
89 19
89 25
89 28
89 30
89 32
89 33
89 34
89 39
89 46
89 47
89 51
89 55
89 60
89 61
89 74
89 76
89 81
89 83
89 88
89 89
89 91
89 92
89 93
89 95
89 96
90 1
90 5
90 8
90 12
90 14
90 22
90 23
90 28
90 30
90 36
90 39
90 42
90 44
90 50
90 53
90 57
90 58
90 60
90 61
90 63
90 68
90 70
90 73
90 74
90 78
90 85
90 87
90 93
90 94
90 97
90 99
91 1
91 4
91 9
91 11
91 14
91 15
91 29
91 32
91 37
91 38
91 41
91 44
91 45
91 49
91 50
91 52
91 56
91 58
91 65
91 66
91 69
91 75
91 76
91 78
91 83
91 85
91 89
91 95
91 96
91 97
91 98
92 0
92 3
92 6
92 7
92 9
92 16
92 18
92 24
92 31
92 32
92 37
92 38
92 40
92 41
92 43
92 44
92 52
92 54
92 57
92 58
92 65
92 66
92 71
92 73
92 78
92 83
92 94
93 3
93 7
93 9
93 12
93 16
93 21
93 27
93 29
93 30
93 36
93 37
93 41
93 42
93 43
93 47
93 48
93 50
93 56
93 64
93 65
93 76
93 78
93 79
93 82
93 87
93 89
93 90
93 91
93 97
93 100
94 2
94 5
94 10
94 12
94 13
94 16
94 20
94 24
94 26
94 30
94 31
94 34
94 35
94 37
94 38
94 43
94 47
94 48
94 50
94 61
94 63
94 68
94 69
94 70
94 76
94 82
94 92
94 93
94 98
94 100
95 1
95 2
95 3
95 6
95 9
95 10
95 13
95 20
95 23
95 29
95 34
95 37
95 38
95 43
95 49
95 50
95 55
95 65
95 66
95 67
95 68
95 70
95 71
95 72
95 75
95 77
95 78
95 84
95 86
95 88
95 99
96 14
96 17
96 20
96 21
96 22
96 23
96 25
96 29
96 30
96 33
96 39
96 46
96 51
96 56
96 57
96 63
96 75
96 76
96 79
96 87
96 88
96 90
96 92
96 96
96 100
97 1
97 2
97 4
97 6
97 10
97 12
97 16
97 20
97 35
97 36
97 41
97 43
97 52
97 57
97 61
97 67
97 69
97 72
97 74
97 77
97 78
97 87
97 91
97 92
97 93
97 95
97 96
97 100
98 2
98 4
98 6
98 7
98 10
98 15
98 17
98 20
98 22
98 28
98 30
98 31
98 32
98 38
98 40
98 42
98 43
98 48
98 50
98 52
98 56
98 57
98 58
98 59
98 60
98 61
98 62
98 63
98 64
98 65
98 66
98 67
98 71
98 72
98 80
98 84
98 89
98 91
98 93
98 97
98 98
99 0
99 5
99 9
99 10
99 14
99 15
99 16
99 17
99 18
99 19
99 20
99 22
99 24
99 25
99 29
99 31
99 32
99 33
99 35
99 39
99 41
99 43
99 44
99 46
99 48
99 52
99 53
99 56
99 59
99 60
99 66
99 68
99 70
99 72
99 75
99 79
99 81
99 88
99 89
99 94
99 96
100 1
100 8
100 14
100 16
100 17
100 18
100 19
100 24
100 25
100 27
100 29
100 30
100 31
100 34
100 35
100 36
100 40
100 42
100 43
100 47
100 49
100 50
100 53
100 54
100 58
100 61
100 71
100 73
100 79
100 91
100 93
100 94
100 97
100 98
100 99
100 100
