0 0
0 3
0 6
0 10
0 13
0 16
0 17
0 19
0 24
0 34
0 37
0 40
0 43
0 47
0 52
0 54
0 56
0 62
0 63
0 65
0 68
0 71
0 80
0 83
0 84
0 91
1 1
1 2
1 5
1 6
1 10
1 15
1 16
1 21
1 29
1 30
1 41
1 45
1 48
1 49
1 52
1 54
1 63
1 64
1 65
1 72
1 75
1 76
1 85
1 89
1 94
1 95
1 98
1 99
2 1
2 7
2 8
2 9
2 11
2 12
2 15
2 16
2 17
2 19
2 20
2 24
2 25
2 26
2 27
2 29
2 35
2 38
2 43
2 45
2 47
2 50
2 53
2 55
2 67
2 69
2 70
2 71
2 74
2 77
2 87
2 90
2 93
2 96
2 100
3 2
3 3
3 6
3 7
3 9
3 10
3 11
3 14
3 17
3 22
3 25
3 29
3 31
3 40
3 41
3 46
3 47
3 50
3 54
3 60
3 65
3 68
3 73
3 77
3 78
3 82
3 86
3 91
3 99
3 100
4 3
4 5
4 6
4 8
4 13
4 15
4 24
4 25
4 30
4 31
4 34
4 35
4 39
4 45
4 47
4 50
4 51
4 52
4 54
4 56
4 57
4 64
4 66
4 71
4 76
4 83
4 90
4 94
5 1
5 2
5 3
5 7
5 8
5 14
5 20
5 22
5 29
5 30
5 31
5 33
5 35
5 36
5 40
5 41
5 45
5 46
5 52
5 56
5 58
5 59
5 61
5 64
5 66
5 70
5 71
5 75
5 79
5 89
5 93
5 94
5 97
6 1
6 3
6 4
6 10
6 11
6 12
6 19
6 22
6 23
6 24
6 26
6 27
6 28
6 30
6 32
6 34
6 38
6 41
6 46
6 52
6 58
6 62
6 66
6 71
6 72
6 76
6 78
6 79
6 82
6 89
6 91
6 92
6 96
7 0
7 2
7 5
7 6
7 10
7 12
7 13
7 21
7 23
7 30
7 32
7 35
7 37
7 40
7 44
7 45
7 48
7 50
7 52
7 56
7 57
7 61
7 63
7 66
7 68
7 69
7 70
7 78
7 80
7 88
7 93
7 94
7 95
7 99
8 2
8 3
8 8
8 11
8 13
8 15
8 22
8 24
8 27
8 29
8 32
8 34
8 35
8 44
8 47
8 52
8 53
8 58
8 64
8 65
8 67
8 71
8 78
8 80
8 83
8 88
8 92
8 94
8 98
8 100
9 0
9 8
9 9
9 12
9 13
9 16
9 18
9 21
9 26
9 27
9 29
9 32
9 33
9 36
9 44
9 46
9 48
9 52
9 53
9 54
9 59
9 61
9 62
9 68
9 72
9 73
9 74
9 76
9 81
9 84
9 87
9 94
9 97
9 98
10 1
10 4
10 5
10 7
10 12
10 15
10 16
10 17
10 18
10 24
10 26
10 27
10 31
10 32
10 33
10 40
10 42
10 46
10 48
10 51
10 57
10 58
10 60
10 65
10 66
10 70
10 74
10 80
10 85
10 87
10 89
10 91
10 93
10 96
10 97
10 99
11 2
11 5
11 8
11 9
11 10
11 11
11 13
11 14
11 17
11 21
11 27
11 28
11 30
11 32
11 39
11 41
11 43
11 45
11 46
11 47
11 48
11 57
11 64
11 73
11 75
11 82
11 87
11 88
11 92
11 93
11 94
11 95
11 99
12 1
12 2
12 5
12 6
12 7
12 9
12 12
12 15
12 27
12 29
12 34
12 46
12 47
12 54
12 55
12 57
12 70
12 73
12 74
12 75
12 81
12 88
12 89
12 91
12 94
12 95
13 1
13 4
13 5
13 8
13 13
13 14
13 17
13 22
13 26
13 31
13 33
13 34
13 38
13 40
13 41
13 44
13 53
13 57
13 58
13 61
13 63
13 68
13 73
13 74
13 75
13 76
13 80
13 87
13 88
13 91
14 1
14 2
14 6
14 7
14 8
14 9
14 16
14 28
14 33
14 38
14 43
14 44
14 46
14 48
14 49
14 50
14 58
14 59
14 60
14 62
14 65
14 66
14 68
14 72
14 74
14 79
14 86
14 87
14 91
14 96
14 99
15 1
15 4
15 6
15 9
15 13
15 20
15 22
15 25
15 26
15 33
15 35
15 37
15 44
15 49
15 50
15 53
15 54
15 56
15 57
15 58
15 61
15 63
15 66
15 73
15 74
15 77
15 79
15 85
15 86
15 87
15 89
16 0
16 2
16 3
16 5
16 6
16 11
16 20
16 23
16 25
16 38
16 41
16 49
16 57
16 61
16 62
16 65
16 68
16 70
16 73
16 82
16 84
16 91
16 94
16 95
16 96
16 99
17 0
17 10
17 13
17 15
17 18
17 27
17 35
17 37
17 40
17 41
17 43
17 50
17 51
17 58
17 64
17 68
17 75
17 79
17 80
17 81
17 88
17 89
17 91
17 95
17 96
17 97
17 98
17 99
18 1
18 2
18 3
18 5
18 7
18 14
18 25
18 27
18 28
18 29
18 37
18 42
18 46
18 51
18 57
18 60
18 63
18 68
18 71
18 74
18 75
18 76
18 79
18 85
18 87
18 88
18 91
18 92
18 97
18 98
19 3
19 6
19 7
19 9
19 15
19 16
19 17
19 18
19 20
19 28
19 40
19 41
19 51
19 52
19 54
19 58
19 61
19 62
19 65
19 68
19 69
19 71
19 72
19 73
19 76
19 87
19 88
19 92
19 93
19 97
19 98
19 100
20 1
20 7
20 9
20 10
20 11
20 12
20 14
20 16
20 17
20 20
20 22
20 26
20 28
20 30
20 38
20 43
20 44
20 46
20 49
20 56
20 64
20 68
20 70
20 72
20 74
20 77
20 79
20 81
20 85
20 87
20 88
20 89
20 95
20 97
20 98
20 99
21 1
21 9
21 14
21 16
21 20
21 22
21 25
21 26
21 28
21 29
21 32
21 33
21 34
21 35
21 39
21 47
21 50
21 53
21 55
21 56
21 57
21 64
21 65
21 68
21 74
21 78
21 79
21 80
21 81
21 83
21 85
21 89
21 92
21 94
21 97
22 0
22 1
22 8
22 14
22 15
22 17
22 21
22 27
22 41
22 42
22 56
22 57
22 59
22 62
22 63
22 68
22 72
22 73
22 77
22 80
22 84
22 85
22 88
22 89
22 91
22 95
22 98
23 1
23 4
23 9
23 11
23 19
23 20
23 22
23 29
23 40
23 41
23 46
23 49
23 54
23 58
23 60
23 62
23 63
23 69
23 84
23 86
23 87
23 88
23 93
23 95
23 98
24 1
24 2
24 4
24 5
24 7
24 9
24 14
24 18
24 22
24 23
24 27
24 28
24 29
24 31
24 36
24 45
24 47
24 54
24 67
24 68
24 76
24 77
24 79
24 84
24 85
24 87
24 90
24 91
24 92
24 94
24 95
24 98
24 100
25 4
25 7
25 10
25 11
25 13
25 14
25 23
25 24
25 27
25 28
25 29
25 30
25 35
25 43
25 44
25 47
25 64
25 65
25 69
25 73
25 83
25 88
25 89
25 90
25 93
25 94
26 7
26 9
26 12
26 17
26 25
26 26
26 28
26 34
26 37
26 41
26 45
26 49
26 52
26 53
26 59
26 60
26 80
26 82
26 84
26 91
26 95
26 97
26 100
27 0
27 5
27 9
27 13
27 17
27 19
27 20
27 21
27 28
27 30
27 33
27 36
27 37
27 39
27 40
27 43
27 44
27 47
27 56
27 57
27 58
27 59
27 60
27 63
27 67
27 74
27 75
27 77
27 88
27 91
28 2
28 3
28 6
28 12
28 13
28 15
28 19
28 23
28 25
28 27
28 28
28 30
28 31
28 33
28 37
28 42
28 50
28 55
28 56
28 62
28 66
28 69
28 70
28 75
28 76
28 78
28 81
28 88
28 89
28 96
28 99
29 3
29 7
29 9
29 16
29 17
29 26
29 32
29 36
29 43
29 44
29 46
29 48
29 50
29 56
29 58
29 59
29 60
29 68
29 70
29 73
29 76
29 77
29 80
29 97
30 4
30 12
30 21
30 23
30 24
30 28
30 31
30 34
30 35
30 37
30 43
30 45
30 47
30 52
30 53
30 54
30 58
30 59
30 60
30 62
30 65
30 71
30 82
30 84
30 90
30 91
30 93
30 96
30 97
30 98
30 99
30 100
31 0
31 2
31 8
31 11
31 14
31 15
31 20
31 21
31 24
31 25
31 29
31 30
31 32
31 33
31 41
31 53
31 56
31 59
31 66
31 70
31 76
31 78
31 83
31 90
31 91
31 94
31 95
32 2
32 13
32 14
32 16
32 19
32 20
32 21
32 26
32 27
32 29
32 30
32 32
32 35
32 39
32 42
32 44
32 48
32 63
32 66
32 67
32 68
32 70
32 71
32 73
32 75
32 77
32 79
32 80
32 81
32 85
32 90
32 98
33 2
33 9
33 10
33 12
33 13
33 14
33 23
33 24
33 25
33 26
33 28
33 30
33 33
33 39
33 44
33 45
33 50
33 51
33 54
33 57
33 61
33 63
33 70
33 71
33 82
33 84
33 86
33 91
33 92
33 95
34 2
34 8
34 9
34 11
34 16
34 20
34 22
34 26
34 28
34 29
34 30
34 32
34 38
34 43
34 50
34 57
34 62
34 67
34 79
34 80
34 84
34 86
34 90
34 91
34 95
35 5
35 6
35 8
35 11
35 13
35 22
35 26
35 27
35 30
35 31
35 40
35 42
35 45
35 51
35 53
35 56
35 61
35 66
35 67
35 70
35 77
35 81
35 87
35 88
35 97
35 98
35 99
35 100
36 2
36 3
36 5
36 6
36 10
36 14
36 15
36 16
36 17
36 20
36 23
36 32
36 38
36 39
36 41
36 45
36 46
36 47
36 48
36 51
36 56
36 64
36 69
36 75
36 76
36 80
36 91
36 95
36 97
37 2
37 5
37 6
37 7
37 10
37 13
37 16
37 17
37 20
37 22
37 26
37 29
37 30
37 32
37 35
37 39
37 43
37 44
37 45
37 51
37 52
37 57
37 61
37 66
37 73
37 77
37 81
37 98
38 10
38 11
38 13
38 17
38 24
38 30
38 33
38 38
38 45
38 46
38 52
38 53
38 55
38 56
38 58
38 64
38 65
38 66
38 67
38 71
38 78
38 79
38 86
38 89
38 94
38 95
38 97
39 8
39 9
39 12
39 13
39 16
39 17
39 19
39 22
39 25
39 32
39 33
39 36
39 38
39 46
39 49
39 50
39 53
39 54
39 61
39 62
39 64
39 80
39 83
39 89
39 90
39 98
39 99
40 0
40 1
40 4
40 5
40 6
40 7
40 9
40 13
40 15
40 20
40 22
40 28
40 31
40 32
40 35
40 40
40 41
40 44
40 48
40 50
40 52
40 53
40 54
40 56
40 57
40 59
40 66
40 68
40 70
40 74
40 76
40 78
40 82
40 97
40 98
40 99
41 5
41 6
41 7
41 8
41 12
41 16
41 19
41 20
41 27
41 28
41 31
41 36
41 38
41 45
41 48
41 50
41 52
41 55
41 57
41 59
41 67
41 71
41 73
41 76
41 79
41 86
41 89
41 90
41 91
41 93
41 95
41 96
41 98
42 2
42 3
42 4
42 5
42 7
42 11
42 14
42 15
42 17
42 21
42 23
42 24
42 26
42 27
42 32
42 36
42 37
42 39
42 40
42 45
42 46
42 47
42 48
42 50
42 51
42 53
42 54
42 58
42 59
42 62
42 66
42 68
42 69
42 70
42 77
42 78
42 84
42 85
42 96
42 97
43 1
43 3
43 8
43 14
43 16
43 20
43 23
43 25
43 26
43 29
43 39
43 42
43 44
43 50
43 53
43 55
43 63
43 64
43 67
43 69
43 71
43 72
43 73
43 88
43 92
43 95
43 98
43 100
44 0
44 1
44 4
44 9
44 12
44 14
44 15
44 16
44 18
44 22
44 27
44 31
44 34
44 35
44 38
44 42
44 43
44 44
44 46
44 47
44 48
44 49
44 57
44 60
44 61
44 62
44 66
44 68
44 74
44 75
44 76
44 79
44 81
44 82
44 84
44 85
44 86
44 88
44 89
44 93
44 94
44 95
44 97
44 99
45 7
45 10
45 11
45 13
45 14
45 15
45 18
45 19
45 22
45 24
45 26
45 30
45 36
45 39
45 41
45 45
45 46
45 49
45 55
45 64
45 65
45 72
45 76
45 78
45 81
45 82
45 84
45 92
45 93
45 100
46 0
46 6
46 8
46 9
46 17
46 21
46 23
46 26
46 27
46 31
46 34
46 36
46 38
46 49
46 52
46 55
46 56
46 57
46 58
46 60
46 63
46 70
46 72
46 76
46 81
46 84
46 85
46 89
46 95
46 97
46 100
47 0
47 4
47 6
47 8
47 12
47 13
47 17
47 20
47 22
47 23
47 24
47 27
47 30
47 38
47 44
47 45
47 46
47 47
47 51
47 56
47 63
47 65
47 66
47 67
47 68
47 71
47 76
47 80
47 81
47 82
47 86
47 93
47 99
48 1
48 5
48 13
48 14
48 20
48 26
48 27
48 29
48 37
48 49
48 51
48 52
48 54
48 63
48 65
48 67
48 70
48 72
48 75
48 76
48 79
48 81
48 84
48 86
48 87
48 88
48 89
48 93
48 99
49 0
49 3
49 10
49 16
49 18
49 26
49 31
49 37
49 38
49 53
49 54
49 56
49 61
49 63
49 68
49 82
49 84
49 88
49 91
49 95
49 96
50 0
50 1
50 4
50 6
50 8
50 10
50 19
50 21
50 22
50 25
50 29
50 30
50 33
50 34
50 35
50 39
50 40
50 42
50 43
50 44
50 45
50 48
50 52
50 53
50 54
50 57
50 62
50 63
50 66
50 68
50 71
50 72
50 81
50 87
50 89
51 0
51 2
51 3
51 7
51 15
51 23
51 30
51 33
51 34
51 38
51 49
51 54
51 56
51 59
51 61
51 62
51 63
51 64
51 65
51 66
51 75
51 79
51 80
51 82
51 84
51 87
51 91
51 94
51 99
51 100
52 1
52 3
52 8
52 11
52 12
52 14
52 20
52 21
52 22
52 31
52 34
52 35
52 36
52 40
52 52
52 53
52 54
52 57
52 60
52 61
52 62
52 63
52 64
52 66
52 69
52 70
52 71
52 77
52 78
52 83
52 84
52 85
52 88
52 96
52 97
52 98
52 100
53 3
53 4
53 6
53 10
53 12
53 14
53 15
53 24
53 25
53 28
53 33
53 37
53 40
53 43
53 47
53 50
53 51
53 54
53 55
53 57
53 59
53 61
53 65
53 67
53 70
53 75
53 82
53 94
53 96
54 4
54 8
54 9
54 10
54 24
54 25
54 31
54 38
54 40
54 41
54 42
54 51
54 53
54 56
54 59
54 60
54 67
54 70
54 76
54 77
54 79
54 86
54 87
54 94
54 98
55 5
55 7
55 10
55 13
55 23
55 24
55 28
55 34
55 36
55 41
55 43
55 48
55 49
55 50
55 52
55 57
55 67
55 68
55 71
55 76
55 77
55 82
55 83
55 88
55 89
55 92
55 93
55 96
55 99
56 0
56 8
56 9
56 10
56 19
56 21
56 25
56 26
56 30
56 31
56 33
56 35
56 39
56 41
56 45
56 46
56 49
56 61
56 65
56 67
56 81
56 82
56 84
56 89
56 92
56 97
56 99
57 5
57 9
57 16
57 17
57 20
57 27
57 28
57 32
57 36
57 37
57 40
57 41
57 44
57 45
57 51
57 52
57 53
57 54
57 56
57 63
57 64
57 65
57 66
57 67
57 71
57 72
57 74
57 75
57 79
57 82
57 86
57 91
57 94
57 99
58 1
58 3
58 6
58 7
58 14
58 20
58 24
58 29
58 38
58 49
58 53
58 56
58 58
58 59
58 64
58 68
58 76
58 79
58 83
58 85
58 90
58 91
58 92
58 97
58 99
58 100
59 5
59 9
59 11
59 14
59 19
59 23
59 24
59 27
59 33
59 34
59 35
59 36
59 37
59 39
59 42
59 45
59 47
59 48
59 51
59 55
59 58
59 59
59 65
59 66
59 69
59 70
59 72
59 73
59 75
59 76
59 81
59 83
59 84
59 85
59 92
59 93
59 94
59 95
59 98
60 0
60 1
60 9
60 15
60 16
60 17
60 20
60 23
60 27
60 28
60 32
60 33
60 34
60 35
60 36
60 39
60 42
60 43
60 45
60 46
60 52
60 53
60 54
60 58
60 63
60 65
60 69
60 72
60 78
60 81
60 82
60 84
60 86
60 87
60 92
60 97
60 98
60 99
61 2
61 9
61 12
61 13
61 14
61 24
61 29
61 35
61 36
61 43
61 47
61 48
61 49
61 52
61 53
61 58
61 59
61 61
61 64
61 80
61 81
61 82
61 84
61 87
61 89
61 90
61 91
61 94
61 100
62 6
62 10
62 11
62 18
62 19
62 20
62 22
62 24
62 30
62 31
62 32
62 33
62 36
62 37
62 38
62 39
62 40
62 42
62 57
62 59
62 62
62 69
62 73
62 77
62 78
62 79
62 80
62 84
62 89
62 93
62 95
62 96
62 100
63 8
63 13
63 18
63 23
63 24
63 29
63 33
63 36
63 37
63 40
63 43
63 46
63 48
63 53
63 55
63 57
63 60
63 62
63 68
63 70
63 73
63 74
63 75
63 79
63 80
63 81
63 82
63 84
63 86
63 88
63 91
63 92
63 94
63 98
63 100
64 2
64 6
64 15
64 16
64 19
64 21
64 23
64 29
64 31
64 33
64 35
64 38
64 39
64 45
64 46
64 48
64 50
64 52
64 54
64 55
64 58
64 59
64 62
64 70
64 76
64 79
64 82
64 88
64 92
64 93
65 4
65 6
65 8
65 9
65 16
65 18
65 21
65 22
65 23
65 31
65 32
65 34
65 36
65 45
65 52
65 53
65 55
65 58
65 60
65 62
65 63
65 65
65 67
65 68
65 73
65 76
65 78
65 82
65 85
65 89
65 96
65 97
65 98
66 0
66 1
66 8
66 11
66 15
66 20
66 21
66 22
66 23
66 26
66 27
66 34
66 36
66 38
66 40
66 49
66 56
66 57
66 60
66 61
66 69
66 71
66 72
66 75
66 76
66 79
66 82
66 85
66 90
66 92
66 99
67 0
67 9
67 10
67 13
67 17
67 21
67 22
67 25
67 26
67 30
67 37
67 39
67 40
67 43
67 46
67 47
67 56
67 59
67 65
67 66
67 68
67 73
67 77
67 79
67 85
67 88
67 93
67 98
67 99
68 3
68 5
68 8
68 10
68 15
68 16
68 19
68 21
68 22
68 23
68 25
68 26
68 28
68 35
68 38
68 42
68 44
68 51
68 54
68 59
68 61
68 70
68 71
68 76
68 84
68 88
68 97
68 100
69 2
69 10
69 12
69 13
69 19
69 20
69 26
69 29
69 30
69 31
69 49
69 50
69 51
69 54
69 56
69 58
69 59
69 61
69 65
69 66
69 67
69 68
69 73
69 77
69 81
69 83
69 84
69 85
69 90
69 93
69 100
70 2
70 4
70 9
70 10
70 12
70 13
70 19
70 21
70 25
70 29
70 30
70 31
70 32
70 39
70 48
70 49
70 52
70 53
70 59
70 62
70 67
70 68
70 74
70 76
70 77
70 80
70 85
70 87
70 91
70 93
70 96
70 98
70 100
71 4
71 15
71 17
71 19
71 20
71 22
71 25
71 28
71 30
71 31
71 43
71 45
71 47
71 48
71 50
71 55
71 57
71 58
71 60
71 66
71 67
71 73
71 78
71 80
71 84
71 86
71 95
71 97
71 98
71 99
71 100
72 4
72 10
72 12
72 13
72 14
72 17
72 23
72 25
72 27
72 28
72 30
72 38
72 48
72 49
72 50
72 52
72 55
72 57
72 62
72 64
72 68
72 71
72 75
72 76
72 78
72 80
72 81
72 83
72 89
72 90
73 7
73 11
73 13
73 25
73 26
73 32
73 36
73 43
73 46
73 49
73 57
73 58
73 59
73 62
73 64
73 66
73 69
73 70
73 71
73 73
73 81
73 82
73 84
73 89
73 90
73 91
73 92
73 94
73 96
73 97
73 100
74 6
74 7
74 11
74 12
74 13
74 16
74 26
74 31
74 35
74 36
74 37
74 41
74 42
74 44
74 51
74 55
74 65
74 66
74 67
74 72
74 73
74 76
74 80
74 82
74 84
74 85
74 86
74 94
74 96
74 100
75 0
75 2
75 4
75 6
75 12
75 13
75 25
75 41
75 42
75 46
75 47
75 48
75 50
75 53
75 65
75 75
75 76
75 80
75 82
75 84
75 95
75 98
76 0
76 1
76 3
76 7
76 9
76 12
76 13
76 14
76 19
76 21
76 24
76 25
76 27
76 29
76 31
76 32
76 37
76 40
76 42
76 48
76 49
76 51
76 52
76 54
76 59
76 60
76 61
76 63
76 72
76 73
76 75
76 77
76 89
76 90
76 92
76 93
76 96
77 5
77 6
77 7
77 11
77 13
77 16
77 19
77 27
77 28
77 32
77 36
77 40
77 43
77 44
77 50
77 51
77 53
77 62
77 63
77 64
77 70
77 71
77 72
77 76
77 78
77 79
77 81
77 85
77 86
77 88
77 89
77 93
78 4
78 6
78 10
78 12
78 20
78 24
78 33
78 47
78 51
78 53
78 59
78 61
78 64
78 65
78 69
78 72
78 77
78 79
78 83
78 88
78 94
78 96
79 4
79 8
79 12
79 16
79 19
79 21
79 23
79 27
79 36
79 40
79 43
79 50
79 51
79 55
79 59
79 61
79 68
79 69
79 71
79 85
79 87
79 90
79 95
79 96
79 97
80 6
80 8
80 11
80 14
80 18
80 20
80 21
80 28
80 31
80 41
80 44
80 46
80 55
80 58
80 59
80 61
80 63
80 64
80 66
80 79
80 84
80 85
80 86
80 87
80 88
80 94
80 99
81 1
81 4
81 15
81 16
81 17
81 24
81 27
81 31
81 40
81 42
81 45
81 46
81 49
81 52
81 53
81 54
81 55
81 59
81 60
81 63
81 67
81 69
81 73
81 74
81 76
81 80
81 83
81 84
81 89
81 90
81 99
82 2
82 7
82 9
82 12
82 20
82 22
82 30
82 35
82 37
82 41
82 44
82 46
82 47
82 49
82 50
82 59
82 63
82 65
82 71
82 72
82 80
82 83
82 84
82 86
82 87
82 89
82 90
82 94
82 97
83 8
83 10
83 11
83 12
83 24
83 29
83 32
83 35
83 36
83 37
83 38
83 39
83 40
83 47
83 54
83 57
83 66
83 69
83 79
83 87
83 89
84 0
84 1
84 3
84 5
84 7
84 15
84 20
84 24
84 30
84 31
84 33
84 36
84 37
84 40
84 41
84 47
84 51
84 55
84 58
84 62
84 71
84 73
84 78
84 79
84 81
84 90
84 91
84 93
84 98
84 99
84 100
85 1
85 3
85 4
85 15
85 16
85 20
85 21
85 26
85 27
85 29
85 30
85 42
85 43
85 45
85 48
85 49
85 50
85 52
85 58
85 59
85 61
85 62
85 64
85 66
85 68
85 70
85 72
85 75
85 77
85 88
85 93
85 94
85 96
85 98
85 99
86 1
86 5
86 20
86 23
86 25
86 32
86 33
86 34
86 35
86 38
86 39
86 40
86 41
86 42
86 44
86 50
86 56
86 75
86 80
86 82
86 83
86 85
86 86
86 91
86 93
86 95
86 97
87 0
87 5
87 10
87 12
87 14
87 18
87 20
87 23
87 25
87 26
87 27
87 37
87 39
87 40
87 43
87 48
87 51
87 55
87 56
87 57
87 62
87 63
87 66
87 75
87 77
87 80
87 82
87 83
87 86
87 89
87 98
87 99
87 100
88 8
88 9
88 12
88 14
88 16
88 18
88 26
88 37
88 39
88 41
88 45
88 46
88 47
88 52
88 56
88 62
88 67
88 74
88 75
88 80
88 82
88 83
88 84
88 87
88 91
88 92
88 93
88 94
88 100
89 0
89 1
89 5
89 13
89 14
89 15
89 18
89 22
89 26
89 29
89 30
89 32
89 36
89 43
89 44
89 50
89 53
89 54
89 56
89 60
89 76
89 77
89 79
89 82
89 87
89 89
89 90
89 93
89 100
90 7
90 13
90 14
90 17
90 18
90 20
90 21
90 30
90 33
90 34
90 36
90 37
90 38
90 40
90 42
90 46
90 50
90 58
90 60
90 61
90 62
90 66
90 67
90 71
90 73
90 74
90 75
90 76
90 79
90 80
90 81
90 82
90 83
90 92
90 94
90 98
90 99
90 100
91 1
91 4
91 6
91 13
91 32
91 33
91 35
91 39
91 40
91 42
91 47
91 49
91 52
91 53
91 56
91 62
91 66
91 69
91 72
91 76
91 78
91 79
91 80
91 82
91 85
91 89
91 94
91 95
91 98
92 1
92 2
92 4
92 8
92 9
92 10
92 13
92 26
92 32
92 33
92 34
92 37
92 41
92 42
92 44
92 45
92 46
92 50
92 53
92 58
92 59
92 61
92 64
92 66
92 68
92 69
92 73
92 76
92 78
92 82
92 87
92 90
92 91
92 93
92 95
92 96
92 99
93 1
93 5
93 10
93 12
93 14
93 16
93 19
93 21
93 27
93 29
93 33
93 40
93 42
93 48
93 50
93 55
93 56
93 57
93 58
93 64
93 69
93 78
93 81
93 83
93 85
93 86
93 88
93 91
93 93
93 95
93 99
94 2
94 3
94 7
94 8
94 9
94 20
94 27
94 37
94 40
94 43
94 47
94 50
94 51
94 52
94 53
94 55
94 56
94 61
94 72
94 73
94 74
94 79
94 81
94 83
94 87
94 88
94 90
94 92
94 95
94 98
94 99
95 2
95 5
95 8
95 9
95 15
95 16
95 18
95 19
95 21
95 22
95 26
95 30
95 33
95 37
95 42
95 49
95 50
95 57
95 60
95 67
95 73
95 78
95 79
95 81
95 82
95 85
95 86
95 90
95 92
95 96
95 100
96 0
96 1
96 3
96 10
96 14
96 18
96 19
96 22
96 24
96 26
96 27
96 28
96 29
96 30
96 32
96 35
96 41
96 44
96 51
96 52
96 53
96 61
96 64
96 68
96 70
96 71
96 72
96 73
96 78
96 80
96 82
96 84
96 88
96 89
96 92
96 94
97 0
97 1
97 4
97 5
97 6
97 7
97 10
97 12
97 15
97 18
97 19
97 29
97 30
97 33
97 40
97 41
97 42
97 46
97 53
97 56
97 59
97 63
97 64
97 69
97 71
97 73
97 74
97 85
97 88
97 93
98 2
98 3
98 4
98 20
98 22
98 25
98 26
98 28
98 30
98 39
98 40
98 44
98 51
98 59
98 61
98 62
98 65
98 66
98 68
98 73
98 74
98 76
98 88
98 89
98 90
99 2
99 3
99 5
99 15
99 20
99 21
99 35
99 39
99 44
99 45
99 46
99 47
99 51
99 52
99 53
99 68
99 69
99 71
99 72
99 76
99 77
99 80
99 81
99 83
99 84
99 87
99 90
99 91
99 100
100 4
100 8
100 13
100 19
100 23
100 28
100 35
100 44
100 47
100 51
100 52
100 54
100 55
100 61
100 63
100 65
100 70
100 79
100 86
100 87
100 88
100 89
100 92
100 93
100 95
100 97
100 100
