0 1
0 2
0 5
0 13
0 14
0 19
0 21
0 22
0 23
0 28
0 29
0 30
0 37
0 43
0 50
0 54
0 55
0 60
0 61
0 66
0 69
0 70
0 71
0 73
0 77
0 83
0 86
0 91
0 94
0 97
1 2
1 6
1 8
1 17
1 18
1 21
1 22
1 26
1 28
1 29
1 32
1 42
1 44
1 46
1 51
1 56
1 59
1 65
1 70
1 75
1 78
1 81
1 85
1 92
1 95
1 97
1 98
2 1
2 2
2 3
2 6
2 7
2 8
2 12
2 15
2 21
2 22
2 24
2 25
2 28
2 34
2 37
2 38
2 41
2 42
2 44
2 45
2 48
2 52
2 58
2 59
2 60
2 65
2 68
2 74
2 76
2 81
2 82
2 84
2 88
2 89
2 90
2 91
2 92
2 96
2 99
3 2
3 4
3 7
3 9
3 11
3 13
3 17
3 23
3 26
3 30
3 33
3 34
3 35
3 38
3 42
3 43
3 45
3 46
3 48
3 51
3 53
3 54
3 61
3 65
3 66
3 67
3 78
3 79
3 80
3 81
3 84
3 86
3 87
3 88
3 92
3 94
4 0
4 1
4 4
4 12
4 13
4 15
4 16
4 18
4 22
4 23
4 25
4 26
4 27
4 28
4 29
4 32
4 37
4 50
4 51
4 52
4 56
4 58
4 63
4 65
4 67
4 74
4 75
4 82
4 89
4 94
4 95
5 1
5 5
5 7
5 8
5 9
5 11
5 16
5 18
5 21
5 28
5 29
5 35
5 48
5 50
5 56
5 58
5 59
5 60
5 64
5 72
5 74
5 75
5 77
5 78
5 80
5 84
5 92
5 100
6 13
6 18
6 23
6 26
6 30
6 31
6 38
6 42
6 44
6 45
6 50
6 55
6 59
6 68
6 70
6 75
6 76
6 81
6 83
6 85
6 86
6 87
6 90
6 93
6 96
6 99
6 100
7 3
7 5
7 17
7 18
7 19
7 20
7 21
7 24
7 27
7 30
7 35
7 48
7 51
7 53
7 58
7 59
7 67
7 68
7 71
7 76
7 77
7 80
7 84
7 86
7 87
7 88
7 90
7 93
8 10
8 14
8 15
8 26
8 36
8 42
8 43
8 44
8 48
8 50
8 51
8 52
8 61
8 63
8 66
8 69
8 70
8 71
8 82
8 90
8 91
9 3
9 5
9 6
9 10
9 11
9 12
9 17
9 20
9 21
9 25
9 26
9 32
9 36
9 39
9 40
9 42
9 45
9 46
9 48
9 50
9 51
9 57
9 59
9 61
9 66
9 68
9 72
9 73
9 76
9 81
9 86
9 99
9 100
10 0
10 4
10 5
10 8
10 9
10 10
10 18
10 26
10 27
10 34
10 35
10 38
10 46
10 56
10 60
10 70
10 74
10 79
10 81
10 82
10 84
10 90
10 96
10 100
11 1
11 2
11 6
11 7
11 14
11 16
11 18
11 20
11 22
11 25
11 28
11 32
11 36
11 38
11 39
11 41
11 42
11 43
11 48
11 50
11 57
11 63
11 65
11 70
11 71
11 74
11 79
11 82
11 83
11 87
11 93
11 94
12 2
12 9
12 10
12 11
12 20
12 21
12 24
12 27
12 29
12 31
12 32
12 33
12 36
12 39
12 40
12 48
12 49
12 52
12 53
12 61
12 69
12 70
12 71
12 74
12 75
12 78
12 79
12 80
12 81
12 86
12 89
12 90
13 10
13 14
13 15
13 16
13 17
13 18
13 20
13 21
13 23
13 32
13 38
13 39
13 42
13 43
13 44
13 45
13 48
13 49
13 50
13 59
13 66
13 67
13 68
13 71
13 73
13 83
13 85
13 86
13 87
13 90
13 91
13 92
13 96
14 2
14 3
14 5
14 10
14 12
14 15
14 18
14 20
14 21
14 24
14 26
14 29
14 30
14 32
14 36
14 37
14 45
14 50
14 51
14 54
14 56
14 58
14 59
14 60
14 67
14 71
14 72
14 75
14 78
14 79
14 80
14 81
14 82
14 84
14 87
14 88
14 95
14 96
15 0
15 2
15 3
15 4
15 7
15 8
15 12
15 13
15 18
15 25
15 35
15 45
15 46
15 51
15 52
15 54
15 55
15 58
15 70
15 71
15 72
15 75
15 81
15 85
15 87
15 88
15 95
15 97
15 99
15 100
16 3
16 5
16 8
16 9
16 15
16 17
16 18
16 23
16 25
16 26
16 27
16 29
16 32
16 33
16 38
16 40
16 46
16 47
16 49
16 51
16 53
16 57
16 59
16 63
16 64
16 65
16 66
16 75
16 79
16 80
16 82
16 89
16 90
16 91
16 95
16 99
17 0
17 1
17 3
17 4
17 7
17 15
17 16
17 21
17 24
17 26
17 27
17 28
17 29
17 34
17 35
17 39
17 43
17 51
17 54
17 55
17 57
17 59
17 62
17 80
17 85
17 89
17 93
17 94
17 97
18 0
18 2
18 3
18 4
18 9
18 11
18 12
18 14
18 17
18 21
18 22
18 26
18 30
18 34
18 41
18 42
18 43
18 46
18 47
18 48
18 60
18 61
18 62
18 67
18 70
18 72
18 79
18 85
18 88
18 90
18 93
18 95
19 2
19 5
19 8
19 9
19 11
19 12
19 17
19 22
19 24
19 30
19 31
19 37
19 38
19 42
19 43
19 44
19 48
19 49
19 52
19 59
19 64
19 65
19 66
19 70
19 73
19 74
19 80
19 84
19 85
19 86
19 89
19 98
20 1
20 3
20 5
20 7
20 8
20 11
20 12
20 13
20 15
20 18
20 21
20 29
20 33
20 35
20 36
20 38
20 39
20 40
20 42
20 43
20 51
20 54
20 57
20 69
20 74
20 82
20 83
20 84
20 87
20 88
20 91
20 94
20 95
20 97
20 98
21 5
21 14
21 17
21 18
21 20
21 22
21 23
21 24
21 25
21 28
21 30
21 36
21 42
21 43
21 45
21 47
21 48
21 50
21 53
21 58
21 62
21 67
21 74
21 75
21 76
21 77
21 78
21 80
21 81
21 83
21 84
21 90
21 92
22 2
22 4
22 11
22 14
22 20
22 24
22 31
22 33
22 34
22 41
22 43
22 44
22 45
22 51
22 59
22 60
22 65
22 69
22 70
22 75
22 79
22 81
22 88
22 94
22 100
23 2
23 3
23 12
23 14
23 20
23 26
23 30
23 33
23 34
23 40
23 45
23 46
23 48
23 51
23 52
23 55
23 57
23 58
23 62
23 65
23 75
23 80
23 82
23 88
23 92
23 95
23 97
24 0
24 3
24 5
24 13
24 17
24 19
24 23
24 26
24 30
24 34
24 36
24 37
24 38
24 41
24 43
24 45
24 51
24 55
24 56
24 61
24 66
24 67
24 69
24 72
24 80
24 90
24 92
24 97
24 98
24 99
24 100
25 4
25 7
25 18
25 22
25 23
25 37
25 38
25 40
25 45
25 53
25 55
25 58
25 62
25 65
25 69
25 72
25 73
25 74
25 77
25 78
25 83
25 84
25 85
25 93
25 94
25 95
25 100
26 7
26 9
26 11
26 14
26 15
26 17
26 20
26 21
26 23
26 24
26 29
26 33
26 38
26 40
26 42
26 43
26 44
26 45
26 46
26 56
26 61
26 63
26 68
26 75
26 80
26 84
26 87
26 89
26 96
27 0
27 1
27 5
27 7
27 8
27 12
27 15
27 16
27 17
27 18
27 20
27 22
27 23
27 25
27 26
27 34
27 39
27 44
27 46
27 58
27 62
27 63
27 64
27 69
27 76
27 79
27 83
27 85
27 91
27 94
27 95
27 98
27 99
27 100
28 1
28 2
28 5
28 12
28 20
28 26
28 28
28 37
28 41
28 48
28 49
28 51
28 54
28 55
28 56
28 58
28 62
28 63
28 64
28 66
28 69
28 81
28 90
28 96
28 98
29 2
29 7
29 10
29 13
29 14
29 15
29 17
29 18
29 19
29 25
29 31
29 45
29 46
29 48
29 51
29 52
29 53
29 59
29 69
29 73
29 75
29 78
29 91
29 92
29 93
30 3
30 6
30 11
30 16
30 25
30 30
30 31
30 35
30 37
30 38
30 40
30 41
30 43
30 47
30 48
30 56
30 59
30 60
30 63
30 65
30 67
30 71
30 74
30 81
30 85
30 88
30 94
30 98
30 100
31 1
31 3
31 7
31 8
31 10
31 13
31 16
31 26
31 29
31 31
31 39
31 42
31 45
31 49
31 52
31 54
31 55
31 58
31 60
31 61
31 62
31 65
31 66
31 67
31 68
31 69
31 71
31 74
31 75
31 76
31 77
31 80
31 81
31 82
31 91
31 93
31 100
32 0
32 3
32 33
32 38
32 46
32 48
32 49
32 55
32 62
32 65
32 68
32 69
32 71
32 73
32 76
32 77
32 78
32 81
32 82
32 84
32 86
32 89
32 91
32 94
32 96
32 98
33 15
33 17
33 19
33 29
33 32
33 41
33 45
33 48
33 53
33 54
33 55
33 64
33 66
33 67
33 68
33 72
33 76
33 78
33 84
33 92
33 97
33 98
34 2
34 3
34 8
34 11
34 13
34 18
34 20
34 23
34 25
34 26
34 28
34 30
34 32
34 37
34 43
34 44
34 47
34 61
34 64
34 66
34 69
34 76
34 83
34 88
34 89
34 90
35 1
35 4
35 5
35 7
35 9
35 10
35 12
35 13
35 17
35 21
35 23
35 24
35 25
35 30
35 35
35 38
35 39
35 47
35 49
35 51
35 57
35 65
35 69
35 71
35 75
35 76
35 77
35 81
35 84
35 87
35 88
35 91
35 95
35 96
35 99
36 2
36 5
36 10
36 14
36 16
36 19
36 24
36 29
36 31
36 34
36 37
36 38
36 39
36 43
36 46
36 49
36 53
36 57
36 64
36 65
36 68
36 71
36 78
36 80
36 81
36 82
36 90
36 91
36 92
36 94
36 95
37 5
37 7
37 8
37 9
37 16
37 20
37 25
37 26
37 33
37 40
37 41
37 43
37 44
37 45
37 49
37 50
37 52
37 55
37 57
37 58
37 60
37 62
37 63
37 64
37 65
37 75
37 77
37 78
37 80
37 84
37 85
37 91
37 92
37 93
37 94
37 96
37 98
37 99
37 100
38 2
38 9
38 10
38 13
38 14
38 18
38 20
38 21
38 22
38 25
38 26
38 30
38 32
38 35
38 36
38 40
38 41
38 42
38 46
38 48
38 49
38 52
38 54
38 57
38 58
38 59
38 61
38 62
38 67
38 76
38 80
38 82
38 83
38 84
38 87
38 88
38 94
38 98
38 99
39 2
39 3
39 4
39 5
39 7
39 8
39 13
39 15
39 17
39 21
39 23
39 24
39 27
39 29
39 30
39 33
39 36
39 38
39 40
39 45
39 46
39 50
39 59
39 62
39 63
39 70
39 72
39 76
39 78
39 80
39 82
39 83
39 90
39 91
39 92
39 96
40 2
40 4
40 5
40 7
40 9
40 10
40 11
40 13
40 19
40 23
40 25
40 26
40 27
40 28
40 30
40 36
40 38
40 41
40 42
40 43
40 44
40 45
40 46
40 51
40 53
40 55
40 60
40 65
40 69
40 71
40 73
40 76
40 77
40 79
40 88
40 92
40 94
40 95
40 98
41 2
41 12
41 16
41 18
41 22
41 23
41 24
41 30
41 35
41 37
41 40
41 41
41 43
41 53
41 54
41 56
41 57
41 59
41 60
41 67
41 69
41 70
41 73
41 77
41 78
41 86
41 98
41 99
41 100
42 0
42 11
42 13
42 14
42 15
42 17
42 19
42 20
42 23
42 24
42 29
42 31
42 36
42 46
42 47
42 49
42 50
42 51
42 55
42 58
42 64
42 65
42 71
42 74
42 76
42 81
42 83
42 85
42 86
42 97
42 100
43 1
43 2
43 5
43 10
43 11
43 17
43 19
43 22
43 28
43 30
43 33
43 34
43 39
43 40
43 43
43 44
43 47
43 52
43 57
43 58
43 59
43 61
43 62
43 65
43 67
43 68
43 71
43 72
43 74
43 77
43 89
43 94
43 96
43 100
44 9
44 17
44 23
44 25
44 28
44 32
44 36
44 40
44 42
44 43
44 46
44 48
44 61
44 62
44 63
44 67
44 68
44 75
44 78
44 81
44 83
44 88
44 93
44 99
45 0
45 5
45 6
45 8
45 11
45 12
45 16
45 20
45 21
45 23
45 24
45 25
45 27
45 33
45 40
45 41
45 50
45 52
45 56
45 58
45 59
45 63
45 68
45 70
45 75
45 84
45 85
45 93
45 94
45 98
45 100
46 0
46 1
46 13
46 17
46 21
46 26
46 28
46 29
46 40
46 46
46 49
46 54
46 61
46 63
46 65
46 66
46 70
46 75
46 80
46 83
46 86
46 89
46 90
46 91
46 93
46 97
46 98
47 1
47 3
47 7
47 8
47 10
47 13
47 18
47 22
47 26
47 30
47 31
47 34
47 47
47 50
47 59
47 60
47 64
47 66
47 74
47 79
47 80
47 96
47 97
48 1
48 3
48 6
48 9
48 16
48 19
48 21
48 27
48 29
48 30
48 36
48 37
48 38
48 43
48 49
48 52
48 56
48 58
48 59
48 60
48 62
48 63
48 65
48 68
48 71
48 72
48 76
48 81
48 84
48 88
48 91
48 92
48 95
48 96
48 98
49 5
49 7
49 12
49 15
49 16
49 17
49 20
49 21
49 23
49 37
49 38
49 39
49 40
49 43
49 47
49 48
49 53
49 60
49 63
49 66
49 67
49 70
49 73
49 76
49 78
49 80
49 81
49 86
49 90
49 94
49 98
50 0
50 3
50 4
50 6
50 10
50 12
50 18
50 20
50 23
50 26
50 27
50 28
50 35
50 36
50 37
50 38
50 39
50 43
50 48
50 55
50 61
50 63
50 66
50 69
50 71
50 73
50 82
50 84
50 86
50 89
50 95
50 96
50 97
50 98
50 99
50 100
51 2
51 3
51 5
51 6
51 7
51 12
51 18
51 19
51 20
51 24
51 30
51 31
51 34
51 38
51 39
51 41
51 44
51 46
51 47
51 48
51 49
51 51
51 52
51 56
51 62
51 63
51 67
51 68
51 71
51 73
51 77
51 78
51 81
51 82
51 85
51 90
51 93
51 94
51 99
52 7
52 9
52 12
52 15
52 22
52 36
52 41
52 44
52 46
52 51
52 60
52 61
52 62
52 64
52 65
52 69
52 73
52 74
52 75
52 77
52 87
52 93
52 94
52 95
52 97
53 1
53 5
53 10
53 21
53 26
53 27
53 30
53 32
53 36
53 40
53 48
53 53
53 57
53 58
53 60
53 67
53 68
53 69
53 72
53 81
53 83
53 87
53 98
54 0
54 1
54 2
54 8
54 9
54 10
54 11
54 12
54 16
54 18
54 30
54 33
54 34
54 37
54 40
54 41
54 43
54 50
54 52
54 53
54 55
54 57
54 58
54 59
54 61
54 63
54 68
54 69
54 70
54 73
54 74
54 76
54 79
54 81
54 95
54 97
55 3
55 4
55 7
55 10
55 13
55 22
55 25
55 26
55 31
55 37
55 38
55 40
55 44
55 45
55 47
55 49
55 50
55 52
55 54
55 55
55 56
55 68
55 69
55 70
55 75
55 76
55 78
55 83
55 92
55 94
55 95
55 96
56 0
56 4
56 5
56 10
56 13
56 15
56 17
56 20
56 25
56 27
56 28
56 30
56 34
56 35
56 39
56 44
56 51
56 54
56 55
56 57
56 62
56 63
56 70
56 73
56 79
56 85
56 86
56 87
56 90
56 91
56 92
56 96
56 100
57 2
57 5
57 6
57 9
57 10
57 16
57 20
57 21
57 24
57 25
57 26
57 27
57 30
57 36
57 40
57 45
57 46
57 51
57 55
57 56
57 60
57 70
57 72
57 79
57 82
57 86
57 90
57 91
57 95
58 0
58 13
58 21
58 24
58 26
58 27
58 31
58 35
58 43
58 44
58 49
58 52
58 55
58 58
58 67
58 69
58 74
58 77
58 83
58 85
58 86
58 92
58 93
58 95
58 97
58 99
59 0
59 4
59 8
59 14
59 21
59 33
59 34
59 36
59 43
59 47
59 52
59 56
59 57
59 61
59 65
59 69
59 73
59 76
59 79
59 80
59 81
59 83
59 84
59 89
59 93
59 94
59 96
59 97
59 100
60 2
60 3
60 8
60 14
60 19
60 55
60 58
60 64
60 66
60 88
60 89
60 98
61 0
61 6
61 7
61 8
61 9
61 13
61 15
61 16
61 18
61 20
61 21
61 22
61 24
61 25
61 26
61 31
61 33
61 38
61 42
61 43
61 46
61 52
61 65
61 66
61 67
61 72
61 77
61 78
61 81
61 83
61 89
61 90
61 91
61 92
61 95
61 99
62 0
62 1
62 4
62 5
62 8
62 12
62 16
62 20
62 24
62 26
62 35
62 39
62 42
62 45
62 47
62 58
62 69
62 72
62 76
62 77
62 79
62 85
62 87
62 90
62 93
62 95
62 96
62 98
62 100
63 0
63 3
63 6
63 12
63 13
63 14
63 16
63 18
63 19
63 20
63 24
63 26
63 27
63 28
63 31
63 35
63 39
63 40
63 47
63 48
63 49
63 53
63 58
63 64
63 66
63 70
63 73
63 80
63 81
63 83
63 89
63 96
63 97
63 100
64 2
64 10
64 15
64 16
64 17
64 18
64 23
64 25
64 28
64 29
64 31
64 32
64 37
64 41
64 44
64 45
64 49
64 51
64 54
64 55
64 57
64 59
64 63
64 64
64 69
64 72
64 74
64 78
64 79
64 80
64 81
64 86
64 88
64 89
64 95
64 97
64 100
65 6
65 7
65 8
65 9
65 13
65 16
65 27
65 34
65 35
65 39
65 45
65 49
65 52
65 54
65 56
65 59
65 64
65 66
65 67
65 76
65 85
65 86
65 88
65 90
65 93
65 96
66 0
66 1
66 10
66 12
66 15
66 20
66 21
66 25
66 40
66 41
66 44
66 48
66 52
66 54
66 56
66 58
66 60
66 61
66 63
66 69
66 70
66 73
66 84
66 88
67 0
67 15
67 16
67 17
67 22
67 23
67 24
67 33
67 35
67 41
67 43
67 44
67 47
67 50
67 51
67 55
67 57
67 59
67 67
67 69
67 74
67 75
67 76
67 77
67 82
67 84
67 88
67 91
67 93
67 96
68 5
68 7
68 8
68 9
68 18
68 22
68 26
68 28
68 30
68 31
68 33
68 40
68 42
68 43
68 46
68 49
68 54
68 58
68 66
68 72
68 76
68 77
68 79
68 83
68 84
68 96
68 97
69 7
69 11
69 12
69 14
69 17
69 22
69 23
69 25
69 32
69 36
69 37
69 49
69 51
69 56
69 58
69 62
69 63
69 66
69 69
69 75
69 76
69 86
69 91
70 10
70 12
70 14
70 18
70 19
70 24
70 25
70 28
70 30
70 32
70 33
70 37
70 41
70 43
70 45
70 46
70 49
70 54
70 57
70 59
70 61
70 65
70 67
70 68
70 73
70 77
70 78
70 82
70 84
70 92
70 95
70 96
71 0
71 2
71 4
71 8
71 14
71 15
71 16
71 19
71 21
71 25
71 26
71 28
71 29
71 32
71 38
71 39
71 43
71 46
71 51
71 56
71 58
71 62
71 65
71 66
71 67
71 68
71 72
71 77
71 78
71 82
71 83
71 90
71 93
71 95
71 98
71 99
72 1
72 5
72 8
72 9
72 11
72 15
72 16
72 17
72 20
72 24
72 27
72 30
72 32
72 34
72 38
72 39
72 40
72 41
72 46
72 48
72 50
72 51
72 56
72 60
72 64
72 67
72 68
72 69
72 72
72 73
72 74
72 79
72 80
72 84
72 85
72 86
72 88
72 90
72 94
72 98
73 4
73 8
73 9
73 11
73 12
73 13
73 14
73 31
73 32
73 35
73 37
73 38
73 41
73 42
73 54
73 55
73 56
73 60
73 62
73 65
73 67
73 71
73 74
73 76
73 77
73 78
73 85
73 96
74 6
74 7
74 12
74 13
74 16
74 17
74 23
74 26
74 33
74 34
74 35
74 39
74 43
74 44
74 48
74 50
74 56
74 57
74 60
74 61
74 69
74 70
74 75
74 77
74 81
74 99
74 100
75 3
75 5
75 6
75 9
75 15
75 17
75 18
75 19
75 24
75 29
75 38
75 40
75 42
75 43
75 48
75 52
75 58
75 62
75 66
75 67
75 69
75 71
75 74
75 78
75 80
75 90
75 94
75 95
75 98
76 1
76 6
76 25
76 36
76 42
76 49
76 52
76 57
76 60
76 63
76 64
76 65
76 66
76 68
76 72
76 73
76 76
76 77
76 78
76 84
76 87
76 97
76 100
77 0
77 4
77 6
77 8
77 10
77 11
77 12
77 15
77 18
77 23
77 24
77 27
77 28
77 29
77 31
77 37
77 40
77 41
77 42
77 46
77 47
77 53
77 55
77 57
77 59
77 61
77 66
77 67
77 71
77 75
77 79
77 89
77 91
77 93
77 97
77 100
78 1
78 3
78 7
78 8
78 12
78 14
78 17
78 26
78 28
78 29
78 30
78 32
78 34
78 36
78 54
78 57
78 63
78 66
78 69
78 70
78 71
78 73
78 74
78 77
78 78
78 80
78 82
78 84
78 86
78 87
78 92
78 96
78 97
79 0
79 5
79 6
79 9
79 11
79 12
79 13
79 14
79 16
79 19
79 28
79 36
79 42
79 45
79 47
79 48
79 50
79 60
79 63
79 70
79 71
79 72
79 74
79 75
79 77
79 78
79 81
79 83
79 86
79 89
79 92
79 98
79 100
80 4
80 6
80 7
80 9
80 10
80 14
80 15
80 16
80 17
80 20
80 21
80 24
80 27
80 31
80 32
80 36
80 38
80 39
80 41
80 44
80 45
80 51
80 52
80 55
80 57
80 58
80 65
80 71
80 74
80 77
80 80
80 85
80 89
80 90
80 92
80 93
80 97
81 0
81 1
81 5
81 8
81 10
81 11
81 15
81 24
81 27
81 30
81 34
81 38
81 40
81 46
81 55
81 68
81 78
81 82
81 83
81 94
81 96
81 99
82 3
82 6
82 7
82 9
82 13
82 19
82 23
82 26
82 40
82 53
82 56
82 68
82 69
82 72
82 78
82 79
82 81
82 89
82 100
83 2
83 7
83 10
83 15
83 20
83 22
83 28
83 32
83 36
83 42
83 43
83 58
83 62
83 64
83 67
83 72
83 77
83 83
83 87
83 93
83 96
83 99
84 1
84 5
84 6
84 11
84 12
84 18
84 19
84 21
84 27
84 29
84 36
84 40
84 46
84 54
84 55
84 59
84 63
84 68
84 74
84 75
84 77
84 79
84 81
84 83
84 89
84 99
85 4
85 5
85 11
85 14
85 16
85 17
85 24
85 27
85 34
85 40
85 42
85 44
85 50
85 54
85 58
85 60
85 63
85 64
85 71
85 79
85 80
85 87
85 89
86 8
86 9
86 12
86 14
86 15
86 17
86 22
86 26
86 27
86 32
86 34
86 37
86 38
86 39
86 46
86 51
86 52
86 54
86 56
86 57
86 58
86 60
86 63
86 77
86 78
86 81
86 88
86 93
87 0
87 6
87 9
87 10
87 13
87 22
87 29
87 36
87 38
87 43
87 45
87 46
87 58
87 63
87 69
87 71
87 72
87 75
87 78
87 87
87 90
87 98
88 1
88 5
88 11
88 13
88 15
88 18
88 25
88 28
88 29
88 31
88 33
88 39
88 45
88 57
88 59
88 60
88 61
88 63
88 65
88 69
88 76
88 77
88 81
88 82
88 84
88 85
88 86
88 89
88 91
88 94
88 100
89 0
89 1
89 8
89 12
89 17
89 30
89 34
89 36
89 37
89 39
89 44
89 48
89 54
89 57
89 69
89 71
89 72
89 73
89 77
89 82
89 83
89 86
89 87
89 88
89 89
89 97
89 100
90 0
90 5
90 6
90 8
90 14
90 20
90 27
90 30
90 36
90 37
90 40
90 45
90 47
90 48
90 49
90 51
90 52
90 54
90 59
90 60
90 66
90 70
90 71
90 79
90 82
90 93
90 94
90 96
90 100
91 0
91 1
91 3
91 13
91 15
91 16
91 19
91 24
91 29
91 30
91 31
91 44
91 47
91 48
91 53
91 57
91 59
91 61
91 62
91 63
91 66
91 71
91 74
91 75
91 78
91 79
91 83
91 84
91 85
91 90
91 92
91 93
91 94
92 1
92 2
92 8
92 16
92 21
92 23
92 27
92 30
92 36
92 53
92 54
92 55
92 57
92 69
92 73
92 74
92 81
92 82
92 83
92 87
92 95
92 96
92 100
93 1
93 6
93 11
93 12
93 21
93 24
93 31
93 42
93 45
93 46
93 47
93 48
93 50
93 53
93 57
93 67
93 73
93 79
93 85
93 87
93 95
93 96
93 98
93 99
94 0
94 3
94 4
94 9
94 11
94 23
94 30
94 41
94 48
94 49
94 51
94 52
94 54
94 55
94 61
94 63
94 69
94 70
94 74
94 75
94 77
94 80
94 82
94 85
94 86
94 89
94 93
94 95
94 98
94 99
95 4
95 5
95 6
95 8
95 11
95 23
95 34
95 35
95 39
95 41
95 43
95 44
95 50
95 55
95 59
95 72
95 73
95 75
95 76
95 80
95 83
95 95
96 0
96 6
96 9
96 11
96 26
96 32
96 33
96 37
96 39
96 40
96 41
96 43
96 48
96 52
96 60
96 63
96 64
96 65
96 67
96 70
96 72
96 73
96 74
96 75
96 76
96 81
96 82
96 87
96 88
96 99
96 100
97 11
97 12
97 15
97 28
97 29
97 30
97 42
97 43
97 61
97 65
97 66
97 70
97 72
97 76
97 77
97 82
97 85
97 87
98 6
98 8
98 20
98 21
98 24
98 32
98 43
98 45
98 46
98 53
98 55
98 56
98 65
98 71
98 74
98 84
98 87
98 95
98 98
99 0
99 3
99 6
99 9
99 12
99 21
99 23
99 28
99 33
99 34
99 39
99 52
99 53
99 54
99 58
99 60
99 61
99 63
99 65
99 76
99 77
99 78
99 85
99 92
99 95
99 97
99 99
100 5
100 6
100 10
100 11
100 21
100 26
100 27
100 29
100 33
100 35
100 38
100 39
100 45
100 49
100 52
100 55
100 58
100 59
100 63
100 64
100 65
100 68
100 69
100 70
100 73
100 74
100 75
100 79
100 80
100 89
100 93
100 94
100 96
100 99
