0 1
0 6
0 9
0 13
0 17
0 18
0 19
0 21
0 23
0 33
0 38
0 49
0 50
0 54
0 55
0 56
0 64
0 70
0 71
0 72
0 73
0 75
0 77
0 79
0 81
0 83
0 84
0 88
0 92
0 95
0 98
0 99
1 2
1 3
1 6
1 13
1 16
1 19
1 26
1 27
1 28
1 29
1 31
1 32
1 34
1 36
1 38
1 41
1 55
1 56
1 58
1 59
1 60
1 65
1 74
1 75
1 76
1 83
1 84
1 91
1 93
1 94
1 97
2 1
2 3
2 9
2 10
2 12
2 14
2 19
2 20
2 21
2 22
2 25
2 31
2 33
2 38
2 40
2 41
2 47
2 48
2 52
2 54
2 59
2 63
2 64
2 65
2 67
2 68
2 70
2 73
2 78
2 80
2 91
2 95
2 99
3 5
3 7
3 11
3 14
3 15
3 17
3 25
3 26
3 30
3 36
3 40
3 42
3 52
3 54
3 59
3 68
3 69
3 70
3 72
3 74
3 77
3 84
3 85
3 88
3 91
3 94
3 96
3 98
3 99
3 100
4 5
4 8
4 13
4 15
4 16
4 17
4 18
4 19
4 20
4 25
4 28
4 29
4 31
4 32
4 33
4 36
4 39
4 41
4 47
4 51
4 54
4 55
4 61
4 64
4 74
4 75
4 80
4 81
4 82
4 88
4 90
4 98
5 1
5 4
5 10
5 15
5 21
5 23
5 31
5 33
5 36
5 37
5 39
5 40
5 41
5 42
5 43
5 44
5 45
5 47
5 48
5 59
5 61
5 63
5 69
5 74
5 77
5 78
5 83
5 86
5 88
5 91
5 92
5 94
5 98
6 1
6 2
6 8
6 11
6 13
6 15
6 18
6 21
6 23
6 25
6 26
6 27
6 32
6 37
6 38
6 39
6 40
6 42
6 57
6 59
6 61
6 64
6 65
6 68
6 69
6 71
6 72
6 73
6 74
6 75
6 77
6 79
6 84
6 88
6 96
7 2
7 8
7 11
7 15
7 18
7 21
7 22
7 24
7 25
7 29
7 32
7 36
7 40
7 47
7 49
7 54
7 55
7 65
7 68
7 69
7 73
7 74
7 75
7 77
7 80
7 82
7 83
7 84
7 88
7 89
7 96
7 97
7 99
8 1
8 6
8 8
8 12
8 19
8 29
8 30
8 31
8 34
8 38
8 39
8 46
8 49
8 52
8 54
8 55
8 58
8 61
8 63
8 66
8 69
8 70
8 73
8 75
8 78
8 80
8 86
8 93
8 94
8 95
8 97
8 100
9 2
9 3
9 4
9 5
9 11
9 12
9 13
9 15
9 18
9 22
9 25
9 35
9 36
9 37
9 41
9 45
9 51
9 53
9 59
9 61
9 63
9 65
9 69
9 72
9 77
9 85
9 86
9 87
9 90
9 94
9 95
9 96
9 98
9 99
10 1
10 2
10 4
10 5
10 6
10 7
10 11
10 14
10 15
10 18
10 19
10 20
10 23
10 24
10 25
10 26
10 29
10 31
10 33
10 43
10 46
10 52
10 55
10 56
10 58
10 59
10 60
10 67
10 69
10 71
10 73
10 74
10 76
10 79
10 80
10 82
10 85
10 86
10 96
10 98
11 2
11 3
11 7
11 18
11 19
11 20
11 21
11 22
11 24
11 31
11 32
11 37
11 44
11 46
11 52
11 68
11 74
11 75
11 76
11 77
11 82
11 83
11 88
11 90
11 92
11 93
11 97
11 99
12 5
12 11
12 23
12 25
12 26
12 28
12 33
12 48
12 53
12 58
12 59
12 63
12 64
12 67
12 70
12 80
12 86
12 88
12 89
12 91
12 92
12 94
12 99
13 2
13 9
13 14
13 18
13 19
13 22
13 25
13 27
13 36
13 37
13 38
13 42
13 44
13 46
13 49
13 52
13 54
13 59
13 68
13 72
13 73
13 74
13 76
13 83
13 86
13 88
13 97
13 99
14 3
14 6
14 8
14 9
14 10
14 20
14 23
14 31
14 36
14 39
14 40
14 41
14 44
14 47
14 50
14 52
14 54
14 55
14 59
14 63
14 64
14 65
14 66
14 71
14 72
14 73
14 74
14 77
14 84
14 90
14 97
15 6
15 11
15 14
15 28
15 32
15 33
15 37
15 43
15 50
15 55
15 60
15 61
15 70
15 72
15 75
15 79
15 80
15 81
15 83
15 87
15 89
15 94
15 99
15 100
16 3
16 6
16 7
16 8
16 10
16 19
16 21
16 24
16 31
16 34
16 38
16 48
16 50
16 56
16 57
16 63
16 68
16 69
16 70
16 72
16 74
16 76
16 78
16 80
16 84
16 85
16 88
16 89
16 90
16 92
16 95
16 96
16 98
16 100
17 1
17 3
17 6
17 14
17 16
17 19
17 25
17 31
17 33
17 38
17 40
17 41
17 42
17 43
17 50
17 51
17 70
17 71
17 73
17 76
17 79
17 82
17 84
17 88
17 89
17 94
18 0
18 1
18 4
18 5
18 12
18 13
18 14
18 19
18 25
18 26
18 30
18 33
18 38
18 40
18 42
18 43
18 47
18 50
18 52
18 58
18 60
18 66
18 70
18 71
18 75
18 80
18 81
18 84
18 85
18 87
18 88
18 89
18 91
18 93
18 98
18 100
19 17
19 20
19 21
19 27
19 30
19 36
19 43
19 47
19 48
19 51
19 54
19 57
19 60
19 67
19 70
19 72
19 73
19 74
19 75
19 79
19 86
19 87
19 91
19 92
19 94
19 99
20 2
20 8
20 9
20 10
20 11
20 13
20 22
20 23
20 25
20 34
20 35
20 43
20 50
20 51
20 52
20 55
20 56
20 59
20 62
20 63
20 76
20 77
20 78
20 79
20 81
20 86
20 87
20 89
20 91
20 93
20 95
20 98
20 100
21 0
21 2
21 4
21 9
21 12
21 16
21 17
21 26
21 28
21 30
21 36
21 38
21 40
21 45
21 48
21 55
21 56
21 57
21 58
21 62
21 65
21 66
21 67
21 75
21 79
21 80
21 83
21 84
21 87
21 88
21 92
21 94
21 95
22 0
22 1
22 4
22 9
22 12
22 14
22 16
22 18
22 31
22 33
22 35
22 36
22 39
22 40
22 41
22 43
22 44
22 45
22 47
22 52
22 58
22 61
22 70
22 71
22 74
22 75
22 77
22 81
22 84
22 85
22 96
22 97
23 4
23 6
23 10
23 15
23 16
23 18
23 24
23 27
23 31
23 33
23 35
23 38
23 40
23 42
23 46
23 48
23 54
23 56
23 59
23 60
23 70
23 90
23 93
23 94
23 97
23 98
23 99
24 0
24 1
24 13
24 14
24 16
24 17
24 19
24 21
24 23
24 25
24 28
24 29
24 31
24 34
24 36
24 41
24 42
24 45
24 46
24 47
24 50
24 53
24 54
24 61
24 62
24 66
24 67
24 72
24 76
24 77
24 79
24 80
24 84
24 85
24 87
24 91
24 92
24 100
25 12
25 16
25 22
25 28
25 29
25 39
25 42
25 43
25 48
25 49
25 50
25 52
25 60
25 62
25 68
25 69
25 77
25 79
25 84
25 91
25 94
25 95
25 96
25 99
26 1
26 2
26 4
26 17
26 19
26 20
26 21
26 22
26 27
26 30
26 33
26 36
26 37
26 40
26 43
26 44
26 46
26 47
26 48
26 50
26 52
26 54
26 62
26 66
26 69
26 82
26 88
26 94
26 96
27 3
27 8
27 9
27 10
27 11
27 12
27 17
27 18
27 22
27 23
27 25
27 26
27 29
27 35
27 36
27 41
27 51
27 56
27 57
27 60
27 61
27 63
27 65
27 66
27 70
27 77
27 81
27 83
27 88
27 91
27 92
27 94
27 95
27 99
28 1
28 3
28 7
28 8
28 10
28 14
28 16
28 19
28 23
28 28
28 33
28 44
28 48
28 55
28 56
28 62
28 68
28 69
28 80
28 84
28 89
28 90
28 91
28 92
28 94
28 95
29 0
29 1
29 4
29 9
29 11
29 13
29 14
29 15
29 18
29 19
29 20
29 21
29 27
29 30
29 34
29 38
29 42
29 44
29 49
29 62
29 63
29 67
29 69
29 70
29 76
29 88
29 89
29 91
29 92
29 95
29 97
29 99
30 3
30 8
30 13
30 16
30 20
30 21
30 23
30 24
30 29
30 30
30 33
30 38
30 40
30 42
30 47
30 54
30 55
30 59
30 60
30 61
30 63
30 64
30 67
30 71
30 73
30 76
30 78
30 79
30 82
30 83
30 85
30 88
30 89
30 90
30 93
30 99
31 1
31 2
31 5
31 7
31 8
31 9
31 10
31 18
31 21
31 25
31 26
31 27
31 30
31 31
31 33
31 38
31 39
31 50
31 54
31 59
31 61
31 62
31 64
31 65
31 73
31 84
31 89
31 93
31 94
31 98
31 99
31 100
32 0
32 2
32 5
32 9
32 10
32 13
32 24
32 28
32 29
32 31
32 36
32 39
32 50
32 52
32 53
32 55
32 56
32 59
32 67
32 68
32 70
32 71
32 76
32 77
32 80
32 82
32 83
32 89
32 90
32 94
32 99
33 0
33 1
33 2
33 10
33 11
33 14
33 15
33 17
33 21
33 23
33 28
33 32
33 37
33 38
33 49
33 53
33 55
33 59
33 64
33 70
33 76
33 79
33 80
33 82
33 86
33 88
33 89
33 94
34 0
34 1
34 2
34 4
34 8
34 10
34 11
34 12
34 17
34 18
34 19
34 20
34 23
34 24
34 25
34 27
34 28
34 31
34 33
34 35
34 37
34 45
34 47
34 48
34 53
34 56
34 58
34 59
34 61
34 62
34 64
34 66
34 69
34 72
34 75
34 77
34 85
34 87
34 89
35 2
35 5
35 6
35 7
35 8
35 10
35 13
35 17
35 19
35 21
35 22
35 23
35 24
35 25
35 27
35 28
35 30
35 32
35 34
35 35
35 43
35 48
35 50
35 58
35 60
35 63
35 64
35 65
35 70
35 76
35 79
35 80
35 84
35 99
36 1
36 2
36 5
36 6
36 13
36 14
36 18
36 23
36 25
36 27
36 31
36 32
36 41
36 43
36 50
36 52
36 64
36 70
36 72
36 73
36 76
36 81
36 84
36 86
36 87
36 88
36 91
36 92
36 95
36 100
37 7
37 8
37 9
37 11
37 14
37 15
37 16
37 17
37 19
37 22
37 31
37 36
37 41
37 49
37 52
37 53
37 55
37 58
37 61
37 66
37 71
37 74
37 75
37 78
37 84
37 90
37 91
37 93
37 95
37 97
38 6
38 9
38 10
38 13
38 14
38 21
38 22
38 24
38 28
38 39
38 40
38 41
38 45
38 49
38 51
38 58
38 59
38 65
38 69
38 70
38 82
38 89
38 96
38 100
39 1
39 4
39 10
39 12
39 19
39 21
39 27
39 35
39 38
39 40
39 41
39 42
39 45
39 54
39 55
39 59
39 64
39 65
39 72
39 73
39 74
39 75
39 76
39 78
39 96
39 97
40 0
40 1
40 15
40 16
40 31
40 33
40 35
40 51
40 52
40 54
40 56
40 60
40 62
40 72
40 73
40 74
40 75
40 76
40 80
40 81
40 82
40 85
40 91
40 93
40 95
40 96
40 98
41 8
41 10
41 15
41 18
41 19
41 24
41 26
41 27
41 30
41 34
41 37
41 39
41 40
41 41
41 44
41 45
41 46
41 50
41 52
41 54
41 58
41 65
41 66
41 67
41 73
41 74
41 86
41 90
41 91
41 94
41 95
41 96
42 1
42 2
42 3
42 4
42 6
42 11
42 12
42 13
42 15
42 16
42 20
42 21
42 23
42 32
42 36
42 47
42 50
42 55
42 57
42 58
42 61
42 62
42 63
42 69
42 70
42 73
42 74
42 76
42 80
42 83
42 91
42 92
42 93
42 95
42 97
42 99
43 0
43 2
43 3
43 4
43 9
43 11
43 16
43 17
43 21
43 22
43 23
43 29
43 30
43 31
43 33
43 37
43 50
43 54
43 62
43 65
43 69
43 70
43 72
43 77
43 79
43 82
43 83
43 89
43 90
43 91
43 93
43 94
43 99
44 4
44 10
44 12
44 14
44 15
44 16
44 19
44 20
44 25
44 29
44 32
44 35
44 36
44 39
44 42
44 43
44 51
44 55
44 57
44 58
44 60
44 62
44 63
44 67
44 68
44 73
44 81
44 90
44 91
44 93
44 94
44 100
45 0
45 1
45 4
45 10
45 16
45 22
45 25
45 26
45 30
45 31
45 35
45 42
45 46
45 50
45 56
45 59
45 68
45 69
45 70
45 85
45 86
45 91
45 94
45 95
45 97
46 2
46 3
46 8
46 12
46 13
46 14
46 16
46 20
46 21
46 23
46 25
46 30
46 31
46 34
46 38
46 41
46 43
46 45
46 46
46 47
46 53
46 55
46 56
46 67
46 71
46 73
46 74
46 77
46 82
46 83
46 92
46 99
47 3
47 4
47 13
47 15
47 17
47 18
47 23
47 24
47 25
47 27
47 29
47 31
47 34
47 37
47 40
47 41
47 44
47 45
47 48
47 49
47 50
47 67
47 69
47 70
47 71
47 73
47 76
47 83
47 87
47 90
47 93
47 96
47 98
48 0
48 6
48 13
48 22
48 23
48 31
48 39
48 40
48 46
48 52
48 57
48 58
48 64
48 68
48 69
48 72
48 73
48 76
48 82
48 84
48 87
48 88
48 89
48 91
48 92
48 93
48 95
48 96
48 98
48 99
48 100
49 2
49 5
49 10
49 11
49 13
49 19
49 22
49 24
49 34
49 37
49 38
49 39
49 56
49 58
49 59
49 61
49 62
49 63
49 67
49 69
49 72
49 73
49 76
49 83
49 84
49 87
49 89
49 94
49 100
50 2
50 5
50 6
50 10
50 14
50 15
50 21
50 22
50 24
50 30
50 33
50 34
50 35
50 37
50 40
50 43
50 45
50 48
50 50
50 52
50 53
50 54
50 55
50 59
50 61
50 66
50 72
50 74
50 75
50 77
50 84
50 87
50 91
50 92
50 99
51 1
51 4
51 6
51 9
51 12
51 13
51 18
51 20
51 21
51 25
51 27
51 31
51 32
51 43
51 44
51 46
51 47
51 49
51 58
51 60
51 61
51 62
51 66
51 70
51 73
51 79
51 83
51 86
51 89
51 90
51 92
51 93
51 95
51 97
51 98
51 100
52 3
52 6
52 7
52 8
52 9
52 12
52 21
52 25
52 35
52 36
52 38
52 39
52 42
52 43
52 50
52 51
52 52
52 53
52 58
52 59
52 62
52 71
52 76
52 77
52 78
52 79
52 82
52 86
52 90
53 2
53 3
53 9
53 12
53 15
53 16
53 19
53 20
53 23
53 29
53 30
53 31
53 34
53 40
53 44
53 47
53 50
53 55
53 58
53 66
53 68
53 69
53 70
53 71
53 72
53 79
53 80
53 83
53 85
53 89
53 93
53 96
53 100
54 0
54 5
54 6
54 7
54 9
54 10
54 16
54 17
54 22
54 26
54 28
54 29
54 31
54 33
54 34
54 42
54 45
54 46
54 48
54 51
54 54
54 56
54 61
54 62
54 63
54 67
54 72
54 80
54 82
54 85
54 93
54 96
54 97
54 99
55 0
55 6
55 7
55 14
55 15
55 16
55 17
55 21
55 22
55 24
55 25
55 28
55 29
55 35
55 36
55 37
55 38
55 43
55 44
55 46
55 48
55 51
55 55
55 61
55 65
55 71
55 75
55 76
55 80
55 83
55 84
55 85
55 88
55 89
55 93
55 94
55 96
55 98
56 2
56 5
56 7
56 11
56 12
56 14
56 19
56 20
56 23
56 24
56 33
56 34
56 41
56 42
56 44
56 52
56 64
56 68
56 70
56 72
56 75
56 82
56 93
56 95
56 99
56 100
57 1
57 5
57 7
57 13
57 16
57 20
57 26
57 27
57 29
57 30
57 32
57 36
57 41
57 44
57 47
57 48
57 52
57 57
57 64
57 89
57 91
57 92
57 95
57 96
58 0
58 8
58 12
58 13
58 15
58 20
58 25
58 28
58 33
58 37
58 38
58 40
58 54
58 60
58 62
58 67
58 68
58 70
58 75
58 77
58 79
58 80
58 88
58 89
58 92
58 94
58 98
58 99
59 2
59 7
59 9
59 15
59 24
59 27
59 33
59 38
59 39
59 41
59 43
59 45
59 49
59 52
59 56
59 64
59 68
59 69
59 73
59 75
59 78
59 80
59 82
59 83
59 85
59 86
59 87
59 90
59 91
59 94
59 95
59 96
59 99
60 4
60 5
60 7
60 9
60 10
60 12
60 14
60 17
60 19
60 31
60 36
60 39
60 40
60 42
60 45
60 46
60 49
60 54
60 55
60 56
60 59
60 63
60 65
60 70
60 73
60 85
60 87
61 5
61 7
61 8
61 10
61 23
61 26
61 29
61 30
61 36
61 40
61 43
61 44
61 45
61 46
61 49
61 50
61 55
61 61
61 62
61 63
61 66
61 76
61 78
61 83
61 85
61 86
61 89
61 93
62 1
62 3
62 6
62 7
62 9
62 13
62 17
62 18
62 27
62 28
62 32
62 37
62 39
62 44
62 45
62 46
62 48
62 49
62 50
62 54
62 58
62 59
62 63
62 70
62 72
62 80
62 82
62 83
62 86
62 93
62 97
62 98
62 99
63 15
63 20
63 26
63 30
63 32
63 41
63 44
63 45
63 48
63 54
63 56
63 57
63 58
63 66
63 69
63 70
63 72
63 74
63 77
63 80
63 82
63 83
63 84
63 85
63 89
63 92
63 95
63 96
63 99
63 100
64 4
64 10
64 20
64 28
64 31
64 46
64 50
64 54
64 56
64 57
64 59
64 66
64 67
64 68
64 70
64 71
64 76
64 78
64 92
64 97
65 0
65 2
65 5
65 8
65 11
65 12
65 13
65 18
65 33
65 39
65 42
65 48
65 50
65 51
65 52
65 57
65 60
65 62
65 70
65 75
65 76
65 82
65 86
65 88
65 90
65 96
65 97
65 98
65 100
66 2
66 4
66 5
66 8
66 22
66 25
66 26
66 33
66 36
66 38
66 40
66 41
66 42
66 45
66 47
66 48
66 50
66 51
66 52
66 53
66 61
66 66
66 69
66 70
66 71
66 74
66 78
66 85
66 94
66 96
67 0
67 1
67 6
67 7
67 8
67 14
67 16
67 20
67 23
67 28
67 32
67 37
67 39
67 42
67 43
67 44
67 45
67 46
67 47
67 49
67 56
67 69
67 73
67 74
67 77
67 85
67 87
67 88
67 95
67 100
68 6
68 7
68 16
68 19
68 31
68 38
68 41
68 44
68 47
68 48
68 51
68 52
68 54
68 55
68 57
68 62
68 78
68 80
68 81
68 82
68 85
68 86
68 87
68 91
69 2
69 3
69 4
69 5
69 10
69 12
69 17
69 21
69 25
69 36
69 38
69 39
69 40
69 42
69 45
69 47
69 51
69 55
69 58
69 63
69 64
69 67
69 68
69 70
69 72
69 73
69 74
69 75
69 76
69 77
69 79
69 80
69 87
69 88
69 92
69 94
69 98
70 7
70 8
70 9
70 10
70 11
70 12
70 17
70 18
70 23
70 34
70 39
70 45
70 48
70 55
70 57
70 60
70 61
70 63
70 65
70 66
70 71
70 79
70 82
70 84
70 88
70 90
70 93
70 94
70 98
71 2
71 3
71 6
71 11
71 12
71 15
71 16
71 19
71 20
71 21
71 23
71 24
71 26
71 28
71 31
71 33
71 34
71 35
71 40
71 44
71 47
71 49
71 50
71 51
71 56
71 68
71 70
71 75
71 77
71 78
71 81
71 88
71 89
71 91
71 92
71 93
71 96
71 97
72 1
72 8
72 9
72 10
72 11
72 16
72 18
72 19
72 20
72 21
72 27
72 28
72 30
72 42
72 44
72 45
72 49
72 66
72 70
72 74
72 79
72 80
72 81
72 84
72 86
72 90
73 4
73 6
73 12
73 14
73 19
73 23
73 27
73 28
73 30
73 33
73 37
73 39
73 41
73 45
73 46
73 51
73 52
73 58
73 60
73 63
73 64
73 66
73 69
73 70
73 72
73 73
73 75
73 76
73 77
73 80
73 82
73 93
73 99
74 2
74 4
74 6
74 7
74 10
74 15
74 16
74 17
74 20
74 21
74 24
74 26
74 29
74 30
74 32
74 34
74 36
74 37
74 39
74 40
74 42
74 44
74 45
74 52
74 54
74 58
74 59
74 63
74 64
74 66
74 68
74 69
74 70
74 77
74 79
74 80
74 84
74 85
74 99
75 14
75 15
75 17
75 20
75 24
75 27
75 29
75 30
75 31
75 33
75 34
75 38
75 40
75 43
75 45
75 49
75 50
75 51
75 53
75 55
75 56
75 59
75 64
75 68
75 73
75 74
75 77
75 78
75 79
75 81
75 82
75 84
75 85
75 86
75 87
75 88
75 94
75 96
75 97
75 99
76 0
76 1
76 6
76 10
76 11
76 14
76 17
76 19
76 27
76 30
76 35
76 36
76 42
76 44
76 46
76 48
76 53
76 57
76 64
76 65
76 67
76 69
76 72
76 74
76 75
76 85
76 91
76 93
76 97
76 99
77 1
77 4
77 6
77 7
77 9
77 19
77 20
77 21
77 22
77 25
77 34
77 42
77 49
77 53
77 59
77 61
77 62
77 67
77 78
77 80
77 84
77 87
77 88
77 98
77 99
77 100
78 6
78 15
78 18
78 23
78 29
78 33
78 39
78 44
78 45
78 46
78 47
78 48
78 54
78 58
78 59
78 66
78 68
78 71
78 74
78 75
78 77
78 81
78 82
78 83
78 87
78 92
78 94
78 95
78 97
79 0
79 4
79 5
79 6
79 12
79 15
79 21
79 37
79 43
79 44
79 45
79 46
79 48
79 50
79 55
79 60
79 61
79 62
79 63
79 66
79 68
79 73
79 74
79 76
79 77
79 78
79 82
79 83
79 88
79 91
79 93
79 95
79 98
80 3
80 5
80 9
80 14
80 23
80 24
80 25
80 31
80 36
80 40
80 41
80 42
80 44
80 45
80 46
80 47
80 50
80 51
80 53
80 54
80 55
80 56
80 60
80 61
80 62
80 65
80 68
80 69
80 71
80 72
80 74
80 78
80 80
80 82
80 85
80 91
80 92
80 94
80 95
80 97
81 1
81 2
81 7
81 8
81 9
81 11
81 16
81 17
81 19
81 20
81 28
81 29
81 30
81 33
81 34
81 42
81 44
81 46
81 48
81 50
81 53
81 56
81 58
81 59
81 64
81 70
81 74
81 75
81 76
81 81
81 82
81 86
81 91
81 93
81 98
81 99
82 1
82 3
82 8
82 10
82 12
82 21
82 24
82 28
82 30
82 32
82 34
82 37
82 38
82 39
82 42
82 43
82 51
82 53
82 55
82 58
82 59
82 65
82 68
82 71
82 72
82 74
82 75
82 77
82 80
82 87
82 89
82 93
82 96
82 97
82 100
83 1
83 3
83 5
83 11
83 12
83 16
83 17
83 18
83 28
83 34
83 38
83 42
83 43
83 46
83 47
83 48
83 49
83 55
83 57
83 60
83 62
83 63
83 65
83 67
83 69
83 78
83 79
83 80
83 83
83 85
83 88
83 92
83 100
84 8
84 12
84 14
84 19
84 22
84 23
84 26
84 29
84 31
84 32
84 37
84 39
84 40
84 41
84 43
84 48
84 51
84 52
84 53
84 54
84 55
84 56
84 60
84 63
84 67
84 68
84 69
84 71
84 76
84 80
84 88
84 89
84 94
84 95
84 97
85 2
85 5
85 6
85 8
85 10
85 13
85 29
85 31
85 34
85 39
85 49
85 50
85 52
85 53
85 58
85 59
85 63
85 64
85 67
85 70
85 76
85 78
85 79
85 85
85 89
85 90
85 98
85 99
86 0
86 5
86 9
86 11
86 14
86 16
86 19
86 20
86 21
86 31
86 33
86 41
86 42
86 44
86 45
86 49
86 50
86 53
86 57
86 59
86 61
86 63
86 68
86 69
86 72
86 74
86 80
86 81
86 82
86 84
86 85
86 86
86 88
86 90
86 93
86 96
86 98
87 2
87 13
87 16
87 17
87 18
87 24
87 25
87 26
87 27
87 31
87 34
87 35
87 38
87 42
87 46
87 47
87 48
87 56
87 57
87 60
87 61
87 64
87 68
87 75
87 79
87 82
87 83
87 86
87 89
87 91
87 99
87 100
88 1
88 3
88 5
88 13
88 15
88 18
88 22
88 29
88 35
88 37
88 41
88 44
88 47
88 48
88 49
88 55
88 56
88 57
88 60
88 61
88 63
88 64
88 65
88 67
88 68
88 75
88 83
88 86
88 90
88 96
88 97
88 100
89 2
89 10
89 17
89 18
89 21
89 24
89 27
89 29
89 41
89 45
89 46
89 50
89 60
89 62
89 63
89 67
89 79
89 84
89 85
89 86
89 89
89 91
89 100
90 4
90 5
90 11
90 14
90 17
90 18
90 27
90 31
90 32
90 34
90 35
90 36
90 37
90 45
90 47
90 48
90 49
90 52
90 57
90 59
90 60
90 62
90 69
90 73
90 80
90 84
90 87
90 91
90 98
90 99
91 1
91 3
91 5
91 7
91 11
91 13
91 14
91 18
91 20
91 26
91 27
91 33
91 43
91 55
91 57
91 60
91 61
91 62
91 63
91 65
91 67
91 74
91 75
91 76
91 79
91 80
91 87
91 88
91 90
91 93
91 99
92 2
92 3
92 4
92 6
92 15
92 16
92 18
92 21
92 22
92 24
92 25
92 28
92 30
92 36
92 37
92 39
92 43
92 55
92 56
92 61
92 62
92 67
92 69
92 74
92 79
92 82
92 83
92 84
92 86
92 88
92 90
92 92
92 100
93 0
93 2
93 4
93 10
93 11
93 13
93 32
93 39
93 40
93 44
93 45
93 47
93 49
93 57
93 59
93 60
93 61
93 65
93 70
93 72
93 74
93 81
93 82
93 85
93 92
93 97
93 98
93 100
94 0
94 8
94 9
94 12
94 15
94 19
94 25
94 32
94 33
94 34
94 35
94 36
94 38
94 43
94 56
94 57
94 59
94 64
94 68
94 72
94 75
94 76
94 78
94 80
94 81
94 83
94 84
94 85
94 87
94 98
95 0
95 8
95 9
95 12
95 13
95 15
95 21
95 24
95 26
95 28
95 33
95 37
95 45
95 49
95 51
95 53
95 55
95 57
95 62
95 63
95 66
95 68
95 72
95 74
95 77
95 79
95 81
95 82
95 86
95 88
95 89
95 90
95 94
95 96
95 99
96 5
96 8
96 12
96 15
96 17
96 24
96 25
96 34
96 36
96 38
96 39
96 48
96 63
96 64
96 66
96 74
96 76
96 77
96 78
96 80
96 85
96 86
96 91
96 92
96 93
96 97
97 13
97 19
97 20
97 22
97 24
97 31
97 33
97 36
97 37
97 39
97 40
97 56
97 58
97 59
97 67
97 69
97 71
97 72
97 74
97 75
97 82
97 84
97 87
97 95
97 100
98 0
98 4
98 5
98 9
98 15
98 22
98 23
98 25
98 27
98 37
98 51
98 53
98 61
98 64
98 65
98 67
98 71
98 72
98 75
98 78
98 83
98 84
98 91
98 93
98 97
98 98
98 99
99 6
99 13
99 14
99 16
99 17
99 19
99 24
99 26
99 28
99 32
99 33
99 36
99 37
99 38
99 39
99 40
99 41
99 42
99 43
99 48
99 56
99 58
99 62
99 67
99 69
99 72
99 74
99 75
99 76
99 77
99 85
99 86
99 87
99 94
99 96
99 98
100 1
100 5
100 11
100 13
100 14
100 17
100 18
100 19
100 21
100 26
100 27
100 29
100 30
100 32
100 33
100 37
100 38
100 40
100 41
100 43
100 45
100 46
100 51
100 55
100 61
100 63
100 65
100 67
100 70
100 72
100 77
100 79
100 82
100 84
100 92
100 99
100 100
