0 8
0 20
0 25
0 27
0 32
0 33
0 37
0 38
0 39
0 55
0 58
0 59
0 61
0 63
0 65
0 67
0 68
0 69
0 70
0 74
0 78
0 80
0 81
0 90
0 95
0 96
0 97
0 99
0 100
1 0
1 7
1 9
1 19
1 23
1 24
1 26
1 27
1 28
1 31
1 36
1 41
1 42
1 43
1 55
1 59
1 64
1 69
1 79
1 91
1 92
1 93
1 95
1 98
2 6
2 9
2 17
2 20
2 26
2 32
2 34
2 38
2 44
2 52
2 54
2 55
2 56
2 63
2 64
2 72
2 75
2 76
2 78
2 80
2 84
2 85
2 88
2 89
3 6
3 9
3 10
3 11
3 16
3 17
3 19
3 20
3 23
3 26
3 36
3 39
3 41
3 48
3 51
3 56
3 60
3 62
3 64
3 65
3 70
3 76
3 82
3 85
3 87
3 88
3 89
3 99
4 3
4 4
4 5
4 6
4 7
4 9
4 13
4 20
4 24
4 26
4 31
4 34
4 36
4 40
4 42
4 49
4 51
4 52
4 55
4 61
4 63
4 70
4 73
4 80
4 90
4 95
4 98
4 100
5 5
5 7
5 13
5 15
5 17
5 18
5 22
5 27
5 28
5 29
5 32
5 36
5 37
5 42
5 45
5 46
5 47
5 50
5 57
5 63
5 67
5 69
5 70
5 72
5 76
5 77
5 81
5 82
5 84
5 89
5 90
5 91
5 92
5 99
6 5
6 8
6 9
6 18
6 27
6 31
6 35
6 39
6 41
6 43
6 46
6 49
6 52
6 56
6 60
6 61
6 62
6 65
6 73
6 87
6 89
6 91
6 92
6 93
6 94
7 0
7 2
7 3
7 4
7 5
7 6
7 7
7 8
7 9
7 10
7 15
7 16
7 19
7 25
7 27
7 29
7 31
7 33
7 34
7 43
7 46
7 49
7 52
7 54
7 58
7 63
7 65
7 72
7 74
7 75
7 76
7 77
7 92
7 94
7 95
8 0
8 4
8 6
8 9
8 10
8 11
8 14
8 18
8 24
8 29
8 30
8 32
8 37
8 38
8 40
8 42
8 47
8 49
8 51
8 53
8 54
8 60
8 64
8 66
8 71
8 73
8 74
8 78
8 81
8 86
8 88
8 90
8 95
8 99
9 3
9 5
9 6
9 7
9 9
9 12
9 21
9 22
9 28
9 29
9 30
9 32
9 33
9 34
9 36
9 37
9 39
9 41
9 45
9 47
9 48
9 50
9 51
9 52
9 54
9 56
9 60
9 66
9 69
9 72
9 73
9 74
9 75
9 82
9 84
9 90
9 93
9 95
9 98
9 100
10 1
10 6
10 7
10 10
10 11
10 15
10 17
10 19
10 21
10 22
10 26
10 27
10 29
10 34
10 35
10 40
10 48
10 51
10 53
10 54
10 56
10 64
10 65
10 68
10 69
10 73
10 75
10 76
10 78
10 81
10 82
10 85
10 90
10 91
10 96
10 97
10 99
11 5
11 8
11 9
11 13
11 16
11 19
11 24
11 30
11 31
11 32
11 33
11 34
11 35
11 39
11 40
11 42
11 45
11 52
11 60
11 62
11 66
11 68
11 69
11 73
11 78
11 79
11 82
11 86
11 88
11 90
11 92
11 94
11 97
11 100
12 2
12 5
12 13
12 14
12 36
12 37
12 39
12 40
12 41
12 43
12 45
12 51
12 56
12 59
12 74
12 79
12 81
12 85
12 88
12 90
12 94
12 98
13 3
13 10
13 13
13 17
13 20
13 22
13 26
13 28
13 37
13 41
13 43
13 47
13 51
13 58
13 63
13 68
13 69
13 72
13 73
13 77
13 82
13 83
13 89
13 99
14 0
14 3
14 5
14 7
14 8
14 12
14 17
14 27
14 28
14 31
14 36
14 38
14 40
14 41
14 45
14 46
14 53
14 58
14 59
14 60
14 62
14 65
14 68
14 75
14 78
14 79
14 83
14 85
14 86
14 99
15 2
15 8
15 10
15 12
15 14
15 15
15 20
15 21
15 26
15 35
15 36
15 39
15 42
15 45
15 50
15 58
15 59
15 60
15 62
15 63
15 68
15 73
15 74
15 84
15 91
15 95
15 97
15 98
16 0
16 2
16 3
16 4
16 5
16 10
16 11
16 13
16 17
16 20
16 24
16 28
16 29
16 31
16 33
16 35
16 37
16 39
16 41
16 43
16 56
16 58
16 59
16 70
16 72
16 73
16 82
16 83
16 84
16 86
16 88
16 92
16 94
17 1
17 4
17 8
17 10
17 13
17 18
17 21
17 26
17 28
17 32
17 35
17 39
17 41
17 43
17 44
17 45
17 47
17 48
17 50
17 54
17 68
17 69
17 71
17 73
17 74
17 75
17 76
17 77
17 84
17 88
17 89
17 95
18 1
18 3
18 5
18 8
18 11
18 13
18 16
18 21
18 25
18 28
18 30
18 33
18 34
18 35
18 41
18 45
18 47
18 53
18 54
18 64
18 65
18 67
18 70
18 75
18 79
18 81
18 82
18 83
18 84
18 85
18 86
18 92
18 94
18 98
19 5
19 6
19 13
19 23
19 24
19 25
19 26
19 29
19 31
19 32
19 34
19 36
19 37
19 38
19 46
19 47
19 49
19 54
19 55
19 61
19 62
19 64
19 70
19 71
19 72
19 76
19 79
19 80
19 81
19 85
19 86
19 88
19 91
19 94
19 97
19 99
20 4
20 9
20 15
20 20
20 26
20 30
20 32
20 38
20 42
20 49
20 50
20 51
20 52
20 58
20 59
20 63
20 66
20 67
20 71
20 73
20 79
20 82
20 87
20 98
20 100
21 0
21 8
21 9
21 11
21 13
21 19
21 24
21 26
21 34
21 38
21 42
21 43
21 45
21 48
21 49
21 55
21 61
21 62
21 66
21 67
21 73
21 74
21 75
21 79
21 88
21 89
21 90
21 93
21 94
22 1
22 3
22 6
22 7
22 8
22 13
22 18
22 20
22 23
22 24
22 27
22 32
22 35
22 36
22 37
22 38
22 39
22 46
22 49
22 52
22 54
22 57
22 58
22 59
22 65
22 68
22 73
22 75
22 84
22 88
22 90
22 91
22 94
22 97
23 4
23 7
23 11
23 20
23 22
23 24
23 25
23 28
23 30
23 36
23 37
23 38
23 41
23 45
23 52
23 55
23 56
23 58
23 60
23 61
23 63
23 68
23 69
23 71
23 73
23 75
23 77
23 78
23 81
23 85
23 86
23 88
23 89
23 90
23 93
23 94
23 97
24 0
24 2
24 3
24 4
24 7
24 9
24 12
24 15
24 16
24 19
24 23
24 28
24 30
24 31
24 36
24 37
24 38
24 41
24 42
24 44
24 45
24 53
24 56
24 58
24 59
24 60
24 61
24 68
24 74
24 75
24 80
24 81
24 82
24 83
24 85
24 86
24 88
24 90
24 91
24 99
25 2
25 4
25 6
25 10
25 11
25 13
25 14
25 16
25 20
25 22
25 26
25 31
25 34
25 35
25 36
25 37
25 42
25 43
25 44
25 47
25 51
25 56
25 60
25 61
25 63
25 68
25 74
25 77
25 90
25 96
25 98
26 2
26 4
26 10
26 18
26 21
26 23
26 24
26 28
26 29
26 31
26 34
26 38
26 39
26 43
26 48
26 50
26 51
26 52
26 54
26 57
26 58
26 60
26 61
26 62
26 65
26 70
26 72
26 80
26 88
26 89
26 90
26 94
27 2
27 6
27 16
27 19
27 20
27 23
27 24
27 25
27 35
27 36
27 41
27 42
27 45
27 46
27 47
27 57
27 66
27 68
27 80
27 84
27 92
27 95
27 98
27 99
28 0
28 3
28 10
28 16
28 18
28 23
28 30
28 32
28 38
28 39
28 42
28 49
28 52
28 61
28 62
28 68
28 69
28 70
28 74
28 84
28 88
28 94
28 95
28 96
28 99
28 100
29 0
29 1
29 3
29 7
29 8
29 11
29 12
29 16
29 18
29 19
29 25
29 27
29 28
29 34
29 47
29 49
29 50
29 53
29 54
29 61
29 64
29 65
29 70
29 76
29 90
29 93
29 95
29 97
29 99
30 1
30 2
30 4
30 9
30 20
30 22
30 24
30 25
30 30
30 39
30 44
30 45
30 46
30 47
30 48
30 49
30 51
30 55
30 57
30 61
30 63
30 65
30 67
30 72
30 74
30 79
30 80
30 82
30 90
30 92
30 93
30 97
30 98
31 2
31 7
31 9
31 13
31 18
31 19
31 21
31 26
31 27
31 37
31 43
31 47
31 48
31 49
31 55
31 58
31 60
31 61
31 62
31 72
31 75
31 77
31 80
31 82
31 85
31 91
31 95
31 97
31 99
32 2
32 4
32 5
32 8
32 13
32 15
32 19
32 28
32 32
32 33
32 35
32 38
32 41
32 42
32 43
32 44
32 49
32 51
32 52
32 53
32 59
32 62
32 63
32 64
32 75
32 77
32 78
32 85
32 87
32 88
32 91
32 92
32 96
32 100
33 0
33 2
33 7
33 9
33 15
33 20
33 21
33 32
33 43
33 54
33 60
33 64
33 69
33 71
33 74
33 80
33 83
33 84
33 90
33 96
33 98
33 99
33 100
34 0
34 1
34 4
34 6
34 10
34 16
34 20
34 22
34 28
34 31
34 32
34 33
34 38
34 41
34 42
34 47
34 50
34 51
34 53
34 58
34 62
34 65
34 66
34 67
34 69
34 70
34 74
34 76
34 77
34 80
34 83
34 84
34 92
34 96
35 2
35 5
35 7
35 11
35 16
35 17
35 29
35 31
35 32
35 46
35 53
35 54
35 56
35 60
35 64
35 68
35 71
35 74
35 92
35 94
35 95
35 97
36 6
36 8
36 22
36 23
36 25
36 26
36 28
36 35
36 40
36 41
36 42
36 43
36 44
36 45
36 46
36 48
36 51
36 60
36 63
36 67
36 71
36 76
36 82
36 84
36 90
36 91
36 95
36 98
37 1
37 3
37 13
37 17
37 19
37 21
37 26
37 27
37 29
37 30
37 31
37 32
37 34
37 38
37 41
37 47
37 49
37 50
37 55
37 56
37 60
37 63
37 67
37 69
37 75
37 77
37 79
37 82
37 84
37 85
37 86
37 91
37 97
37 98
37 99
37 100
38 1
38 3
38 4
38 11
38 14
38 15
38 16
38 18
38 20
38 21
38 24
38 26
38 27
38 28
38 31
38 37
38 41
38 44
38 51
38 52
38 65
38 69
38 70
38 71
38 74
38 75
38 76
38 78
38 80
38 83
38 85
38 92
38 93
38 94
38 96
38 97
39 2
39 8
39 10
39 12
39 16
39 24
39 26
39 32
39 44
39 47
39 49
39 52
39 53
39 55
39 57
39 58
39 63
39 69
39 70
39 73
39 76
39 78
39 79
39 82
39 86
39 93
39 96
39 97
40 2
40 4
40 5
40 7
40 9
40 12
40 13
40 17
40 20
40 27
40 28
40 29
40 30
40 33
40 34
40 37
40 38
40 40
40 41
40 43
40 47
40 48
40 54
40 56
40 57
40 59
40 60
40 67
40 69
40 72
40 79
40 80
40 81
40 82
40 86
40 88
40 89
40 90
40 93
40 94
40 95
40 98
41 4
41 9
41 13
41 21
41 26
41 29
41 34
41 35
41 37
41 43
41 44
41 45
41 46
41 54
41 57
41 58
41 62
41 66
41 69
41 73
41 74
41 77
41 79
41 84
41 89
41 92
41 97
42 5
42 13
42 14
42 17
42 18
42 19
42 31
42 32
42 38
42 43
42 44
42 55
42 58
42 61
42 65
42 68
42 73
42 78
42 83
42 85
42 88
42 89
42 90
42 91
42 95
42 96
42 97
42 98
43 9
43 11
43 15
43 19
43 25
43 29
43 34
43 39
43 40
43 44
43 48
43 53
43 57
43 60
43 63
43 72
43 74
43 75
43 76
43 77
43 82
43 84
43 85
43 88
43 89
43 92
43 95
43 100
44 1
44 7
44 11
44 17
44 27
44 28
44 29
44 34
44 37
44 38
44 39
44 40
44 41
44 44
44 45
44 47
44 50
44 52
44 59
44 60
44 70
44 71
44 72
44 73
44 77
44 78
44 79
44 83
44 84
44 87
44 88
44 92
45 1
45 2
45 7
45 13
45 17
45 18
45 19
45 20
45 29
45 30
45 32
45 33
45 35
45 42
45 54
45 61
45 64
45 65
45 66
45 68
45 72
45 91
45 93
45 95
45 96
45 97
45 98
45 99
46 0
46 8
46 12
46 16
46 20
46 31
46 32
46 36
46 38
46 49
46 52
46 56
46 58
46 63
46 70
46 75
46 82
46 84
46 90
46 91
46 98
47 10
47 14
47 15
47 17
47 22
47 24
47 27
47 32
47 37
47 40
47 41
47 43
47 46
47 48
47 51
47 53
47 57
47 59
47 61
47 68
47 70
47 83
47 88
47 91
47 95
47 100
48 12
48 13
48 15
48 16
48 20
48 22
48 26
48 27
48 31
48 32
48 33
48 34
48 37
48 38
48 39
48 43
48 44
48 46
48 47
48 48
48 50
48 51
48 52
48 55
48 56
48 58
48 62
48 70
48 71
48 72
48 75
48 76
48 77
48 78
48 79
48 80
48 82
48 87
48 88
48 89
48 95
48 97
49 3
49 5
49 6
49 7
49 10
49 11
49 13
49 15
49 17
49 18
49 24
49 26
49 43
49 46
49 50
49 52
49 53
49 57
49 60
49 61
49 64
49 67
49 68
49 72
49 73
49 87
49 89
49 91
49 94
49 95
49 97
50 3
50 9
50 19
50 21
50 27
50 30
50 31
50 36
50 41
50 43
50 45
50 48
50 49
50 63
50 68
50 71
50 72
50 76
50 77
50 86
50 87
50 88
50 90
50 92
50 94
51 1
51 3
51 13
51 16
51 18
51 19
51 28
51 29
51 31
51 35
51 36
51 37
51 43
51 45
51 48
51 51
51 52
51 55
51 63
51 64
51 67
51 68
51 69
51 70
51 77
51 86
51 87
51 92
51 95
51 99
52 0
52 4
52 14
52 18
52 21
52 23
52 26
52 28
52 29
52 33
52 34
52 35
52 40
52 41
52 42
52 43
52 46
52 49
52 50
52 51
52 58
52 62
52 63
52 64
52 65
52 68
52 83
52 93
52 96
52 97
52 99
52 100
53 1
53 2
53 14
53 17
53 18
53 19
53 24
53 26
53 28
53 31
53 33
53 34
53 38
53 39
53 41
53 46
53 49
53 55
53 58
53 59
53 60
53 63
53 64
53 68
53 74
53 75
53 77
53 79
53 83
53 89
53 90
53 93
53 97
54 1
54 2
54 8
54 12
54 15
54 16
54 22
54 23
54 24
54 28
54 35
54 38
54 40
54 43
54 44
54 46
54 49
54 50
54 51
54 54
54 55
54 65
54 71
54 73
54 74
54 75
54 81
54 82
54 85
54 86
54 87
54 89
54 93
54 95
54 99
54 100
55 2
55 11
55 14
55 15
55 16
55 20
55 28
55 35
55 41
55 44
55 46
55 58
55 62
55 64
55 71
55 76
55 77
55 78
55 79
55 90
55 92
55 95
55 97
55 98
55 100
56 1
56 12
56 14
56 15
56 18
56 21
56 22
56 24
56 25
56 27
56 37
56 39
56 42
56 43
56 47
56 51
56 52
56 55
56 57
56 59
56 70
56 73
56 81
56 82
56 85
56 90
56 95
57 0
57 3
57 4
57 5
57 24
57 25
57 26
57 29
57 32
57 34
57 35
57 39
57 47
57 48
57 52
57 53
57 58
57 61
57 62
57 63
57 64
57 65
57 68
57 69
57 73
57 80
57 83
57 85
57 89
57 90
57 95
57 96
57 98
58 1
58 3
58 6
58 8
58 13
58 15
58 22
58 28
58 32
58 33
58 38
58 39
58 42
58 45
58 47
58 51
58 52
58 56
58 61
58 62
58 70
58 74
58 75
58 80
58 86
58 91
58 92
58 98
58 99
59 2
59 6
59 8
59 11
59 24
59 25
59 28
59 29
59 33
59 34
59 36
59 38
59 43
59 44
59 46
59 47
59 48
59 49
59 55
59 57
59 62
59 63
59 67
59 71
59 74
59 83
59 85
59 86
59 87
59 89
59 95
59 96
59 97
59 100
60 2
60 9
60 10
60 18
60 19
60 20
60 28
60 33
60 37
60 38
60 39
60 40
60 42
60 43
60 57
60 59
60 60
60 66
60 69
60 70
60 72
60 74
60 83
60 87
60 88
60 89
60 92
60 95
60 98
61 1
61 2
61 10
61 15
61 16
61 20
61 25
61 29
61 31
61 32
61 34
61 38
61 39
61 42
61 43
61 49
61 52
61 56
61 61
61 68
61 74
61 77
61 80
61 84
61 85
61 92
61 94
61 95
62 1
62 6
62 11
62 13
62 18
62 19
62 20
62 22
62 24
62 25
62 30
62 41
62 53
62 55
62 61
62 63
62 65
62 69
62 73
62 77
62 82
62 84
62 86
62 92
62 95
62 96
62 99
63 2
63 3
63 9
63 10
63 17
63 24
63 27
63 28
63 29
63 33
63 34
63 36
63 37
63 38
63 39
63 40
63 44
63 48
63 49
63 51
63 54
63 60
63 61
63 64
63 66
63 68
63 72
63 79
63 85
63 86
63 89
63 90
63 94
63 95
63 100
64 1
64 4
64 5
64 12
64 15
64 16
64 25
64 26
64 27
64 30
64 34
64 35
64 37
64 44
64 45
64 48
64 52
64 54
64 57
64 60
64 70
64 72
64 76
64 80
64 89
64 93
64 94
64 95
64 97
64 99
65 1
65 2
65 5
65 9
65 11
65 13
65 15
65 19
65 25
65 26
65 30
65 32
65 35
65 36
65 53
65 54
65 56
65 61
65 70
65 74
65 89
65 91
65 95
65 96
65 100
66 6
66 7
66 9
66 16
66 18
66 27
66 30
66 32
66 33
66 35
66 40
66 41
66 42
66 46
66 50
66 54
66 55
66 67
66 68
66 70
66 71
66 72
66 77
66 79
66 84
66 86
66 87
66 89
66 90
66 93
66 95
66 96
66 100
67 5
67 7
67 13
67 15
67 21
67 26
67 32
67 38
67 43
67 47
67 50
67 55
67 57
67 60
67 67
67 68
67 70
67 74
67 76
67 77
67 80
67 81
67 88
67 93
67 100
68 14
68 17
68 29
68 33
68 34
68 37
68 38
68 43
68 45
68 47
68 50
68 51
68 56
68 58
68 61
68 67
68 68
68 72
68 75
68 76
68 77
68 78
68 79
68 80
68 82
68 85
68 92
68 95
68 97
69 2
69 3
69 5
69 6
69 9
69 11
69 13
69 15
69 16
69 17
69 24
69 25
69 27
69 34
69 37
69 44
69 45
69 46
69 49
69 51
69 54
69 56
69 57
69 62
69 70
69 71
69 78
69 86
69 87
69 89
69 90
69 95
69 98
70 0
70 1
70 3
70 4
70 7
70 8
70 10
70 23
70 36
70 37
70 39
70 41
70 43
70 45
70 48
70 49
70 51
70 53
70 58
70 66
70 80
70 81
70 82
70 83
70 84
70 87
70 93
70 94
71 0
71 3
71 11
71 16
71 18
71 25
71 26
71 28
71 29
71 30
71 32
71 34
71 39
71 46
71 49
71 52
71 56
71 58
71 59
71 62
71 66
71 69
71 76
71 77
71 83
71 84
71 86
71 87
71 90
71 96
71 98
72 0
72 2
72 7
72 8
72 11
72 13
72 15
72 19
72 20
72 24
72 25
72 27
72 28
72 29
72 31
72 33
72 34
72 54
72 56
72 57
72 59
72 64
72 68
72 69
72 70
72 75
72 82
72 83
72 86
72 93
72 94
72 98
72 99
72 100
73 2
73 3
73 7
73 9
73 10
73 11
73 15
73 28
73 29
73 31
73 32
73 33
73 35
73 38
73 39
73 42
73 45
73 47
73 49
73 52
73 55
73 60
73 65
73 67
73 68
73 73
73 78
73 79
73 88
73 95
73 96
73 100
74 0
74 5
74 7
74 8
74 9
74 12
74 16
74 18
74 19
74 20
74 21
74 22
74 27
74 28
74 29
74 31
74 36
74 39
74 42
74 46
74 61
74 64
74 65
74 66
74 67
74 71
74 72
74 73
74 74
74 77
74 79
74 83
74 95
74 96
75 0
75 4
75 6
75 9
75 13
75 14
75 16
75 18
75 24
75 25
75 30
75 33
75 35
75 39
75 41
75 42
75 54
75 56
75 58
75 59
75 61
75 62
75 64
75 66
75 69
75 71
75 73
75 76
75 79
75 82
75 83
75 84
75 87
75 89
75 92
75 97
76 0
76 2
76 4
76 7
76 13
76 14
76 27
76 28
76 29
76 34
76 38
76 40
76 45
76 47
76 55
76 60
76 69
76 73
76 76
76 77
76 90
76 91
76 93
76 96
76 98
77 0
77 3
77 25
77 27
77 28
77 29
77 32
77 33
77 34
77 35
77 40
77 41
77 43
77 45
77 52
77 55
77 60
77 64
77 70
77 75
77 76
77 77
77 78
77 79
77 85
77 87
77 88
77 90
77 91
77 93
77 97
77 100
78 0
78 2
78 6
78 11
78 14
78 15
78 20
78 22
78 23
78 25
78 31
78 33
78 40
78 46
78 51
78 55
78 56
78 60
78 61
78 76
78 79
78 81
78 86
78 89
78 93
78 94
78 97
78 98
79 1
79 2
79 5
79 7
79 8
79 9
79 11
79 20
79 27
79 32
79 38
79 50
79 51
79 59
79 60
79 67
79 78
79 81
79 82
79 85
79 86
79 89
79 91
79 95
79 97
80 1
80 2
80 4
80 5
80 8
80 11
80 19
80 31
80 32
80 33
80 34
80 39
80 49
80 53
80 58
80 59
80 61
80 70
80 75
80 77
80 84
80 85
80 87
80 91
80 92
80 97
81 0
81 1
81 3
81 5
81 12
81 15
81 20
81 27
81 29
81 33
81 39
81 44
81 49
81 57
81 59
81 60
81 64
81 67
81 69
81 70
81 75
81 78
81 94
81 100
82 2
82 3
82 5
82 11
82 12
82 13
82 14
82 21
82 23
82 24
82 28
82 29
82 31
82 38
82 43
82 45
82 51
82 53
82 59
82 70
82 72
82 74
82 80
82 82
82 83
82 84
82 94
82 95
82 96
82 97
82 99
82 100
83 6
83 11
83 18
83 19
83 24
83 30
83 31
83 35
83 37
83 38
83 41
83 48
83 54
83 57
83 58
83 60
83 62
83 66
83 72
83 75
83 82
83 85
83 87
83 89
83 92
83 94
83 96
83 97
84 1
84 4
84 5
84 8
84 10
84 12
84 14
84 19
84 22
84 27
84 28
84 29
84 40
84 41
84 46
84 47
84 49
84 51
84 56
84 64
84 72
84 75
84 81
84 95
84 97
85 8
85 9
85 14
85 18
85 20
85 22
85 23
85 29
85 33
85 34
85 35
85 41
85 42
85 43
85 49
85 54
85 57
85 60
85 62
85 75
85 76
85 81
85 82
85 87
85 89
85 93
85 94
85 98
85 99
85 100
86 0
86 3
86 5
86 16
86 19
86 28
86 32
86 36
86 39
86 45
86 48
86 52
86 53
86 54
86 55
86 58
86 59
86 60
86 62
86 65
86 66
86 67
86 68
86 69
86 75
86 76
86 78
86 82
86 83
86 84
86 98
86 99
86 100
87 0
87 1
87 4
87 5
87 6
87 12
87 13
87 14
87 19
87 23
87 27
87 30
87 31
87 33
87 35
87 36
87 38
87 43
87 46
87 50
87 57
87 61
87 65
87 68
87 69
87 73
87 81
87 83
87 87
87 88
87 94
87 96
88 0
88 4
88 6
88 11
88 13
88 25
88 26
88 27
88 28
88 35
88 37
88 39
88 41
88 44
88 45
88 49
88 51
88 55
88 57
88 58
88 59
88 60
88 61
88 66
88 70
88 73
88 79
88 80
88 91
88 92
88 94
88 98
89 3
89 7
89 8
89 12
89 13
89 17
89 18
89 19
89 22
89 26
89 27
89 31
89 35
89 36
89 42
89 47
89 52
89 56
89 58
89 59
89 60
89 61
89 62
89 65
89 68
89 72
89 73
89 81
89 83
89 85
89 88
89 89
89 93
89 100
90 3
90 8
90 11
90 15
90 16
90 20
90 22
90 23
90 24
90 27
90 28
90 33
90 34
90 35
90 36
90 40
90 42
90 43
90 44
90 45
90 50
90 64
90 66
90 68
90 69
90 71
90 73
90 76
90 79
90 80
90 81
90 84
90 86
90 94
90 96
91 0
91 7
91 8
91 15
91 17
91 22
91 28
91 32
91 35
91 39
91 40
91 43
91 44
91 51
91 53
91 56
91 58
91 62
91 68
91 69
91 70
91 72
91 73
91 76
91 77
91 79
91 84
91 85
91 88
91 90
91 98
92 2
92 4
92 5
92 6
92 9
92 10
92 17
92 18
92 19
92 23
92 24
92 26
92 27
92 28
92 30
92 35
92 36
92 39
92 40
92 45
92 48
92 50
92 51
92 52
92 56
92 59
92 62
92 63
92 68
92 70
92 72
92 75
92 77
92 79
92 83
92 87
92 93
92 94
92 97
92 100
93 3
93 11
93 12
93 13
93 14
93 15
93 16
93 17
93 18
93 29
93 31
93 33
93 40
93 42
93 48
93 53
93 54
93 55
93 56
93 63
93 65
93 75
93 80
93 81
93 84
93 86
93 88
93 90
93 91
93 92
93 93
93 95
93 96
93 97
94 19
94 20
94 23
94 24
94 26
94 27
94 38
94 40
94 44
94 45
94 47
94 49
94 54
94 57
94 59
94 61
94 62
94 63
94 73
94 77
94 81
94 83
94 86
94 87
94 92
94 94
94 98
94 99
95 2
95 4
95 6
95 11
95 14
95 20
95 25
95 28
95 32
95 35
95 36
95 40
95 42
95 43
95 46
95 48
95 50
95 52
95 54
95 60
95 64
95 65
95 69
95 73
95 74
95 75
95 76
95 84
95 86
95 88
95 89
95 91
95 92
96 0
96 3
96 7
96 8
96 9
96 10
96 15
96 20
96 24
96 25
96 33
96 37
96 38
96 40
96 54
96 59
96 60
96 61
96 64
96 67
96 70
96 71
96 78
96 81
96 83
96 89
96 95
96 100
97 0
97 2
97 9
97 14
97 17
97 18
97 22
97 26
97 28
97 50
97 53
97 58
97 59
97 61
97 63
97 66
97 69
97 74
97 76
97 92
97 94
97 95
97 96
97 98
98 1
98 3
98 6
98 7
98 9
98 11
98 18
98 19
98 21
98 26
98 29
98 34
98 38
98 41
98 46
98 48
98 53
98 54
98 58
98 60
98 73
98 77
98 78
98 80
98 85
98 88
98 89
98 90
98 91
98 96
98 99
99 4
99 7
99 8
99 13
99 15
99 20
99 24
99 25
99 31
99 32
99 36
99 37
99 40
99 54
99 56
99 57
99 69
99 74
99 78
99 80
99 85
99 94
99 99
100 1
100 3
100 7
100 10
100 17
100 21
100 22
100 23
100 26
100 27
100 28
100 29
100 30
100 31
100 32
100 33
100 34
100 36
100 37
100 39
100 46
100 47
100 48
100 51
100 54
100 55
100 56
100 57
100 63
100 65
100 66
100 69
100 75
100 77
100 79
100 80
100 81
100 82
100 83
100 84
100 92
100 93
100 95
100 96
100 97
100 99
