0 4
0 5
0 7
0 11
0 12
0 13
0 16
0 23
0 24
0 27
0 29
0 33
0 36
0 39
0 42
0 44
0 45
0 48
0 50
0 56
0 57
0 58
0 60
0 63
0 64
0 65
0 70
0 71
0 73
0 78
0 80
0 84
0 90
0 93
0 94
0 99
0 100
1 1
1 6
1 7
1 11
1 14
1 15
1 17
1 20
1 21
1 29
1 32
1 35
1 39
1 40
1 44
1 45
1 50
1 60
1 61
1 66
1 68
1 70
1 71
1 74
1 75
1 76
1 80
1 84
1 86
1 87
1 89
1 91
1 92
1 93
1 94
1 95
2 0
2 4
2 6
2 7
2 9
2 12
2 15
2 17
2 23
2 24
2 27
2 29
2 30
2 33
2 35
2 44
2 49
2 53
2 57
2 58
2 60
2 66
2 70
2 79
2 81
2 87
2 100
3 1
3 5
3 6
3 10
3 11
3 18
3 20
3 22
3 23
3 24
3 29
3 38
3 40
3 41
3 42
3 43
3 45
3 47
3 48
3 49
3 53
3 54
3 59
3 62
3 63
3 65
3 78
3 82
3 83
3 84
3 87
3 89
3 91
3 92
3 94
3 98
4 4
4 5
4 13
4 14
4 16
4 20
4 21
4 25
4 27
4 29
4 33
4 38
4 42
4 46
4 49
4 52
4 54
4 56
4 58
4 61
4 62
4 63
4 66
4 67
4 70
4 73
4 76
4 81
4 83
4 84
4 85
4 87
4 88
4 89
4 95
4 96
5 0
5 1
5 2
5 6
5 9
5 14
5 18
5 19
5 20
5 24
5 25
5 26
5 29
5 31
5 33
5 34
5 39
5 40
5 45
5 47
5 49
5 51
5 55
5 65
5 66
5 71
5 72
5 79
5 82
5 89
5 92
5 99
6 0
6 2
6 6
6 9
6 10
6 11
6 16
6 17
6 20
6 23
6 24
6 25
6 26
6 33
6 35
6 36
6 42
6 43
6 48
6 50
6 54
6 55
6 56
6 60
6 65
6 67
6 73
6 74
6 76
6 78
6 79
6 80
6 86
6 94
6 95
6 98
6 100
7 1
7 4
7 5
7 8
7 9
7 10
7 17
7 25
7 26
7 27
7 34
7 39
7 43
7 45
7 46
7 49
7 50
7 53
7 54
7 58
7 62
7 65
7 71
7 72
7 79
7 84
7 85
7 99
8 0
8 3
8 6
8 8
8 9
8 11
8 12
8 13
8 14
8 16
8 17
8 20
8 21
8 24
8 31
8 34
8 35
8 40
8 41
8 44
8 45
8 46
8 47
8 48
8 51
8 56
8 59
8 62
8 66
8 68
8 69
8 71
8 73
8 76
8 82
8 85
8 88
8 94
8 99
8 100
9 3
9 4
9 8
9 13
9 27
9 33
9 34
9 36
9 37
9 39
9 40
9 49
9 50
9 51
9 52
9 55
9 59
9 61
9 67
9 69
9 70
9 73
9 81
9 82
9 83
9 87
9 94
9 95
9 96
9 100
10 6
10 7
10 12
10 14
10 21
10 25
10 34
10 35
10 37
10 38
10 40
10 49
10 50
10 54
10 57
10 58
10 64
10 68
10 75
10 84
10 87
10 91
10 93
11 0
11 3
11 4
11 6
11 11
11 12
11 14
11 17
11 22
11 24
11 26
11 29
11 36
11 44
11 45
11 51
11 52
11 53
11 55
11 58
11 65
11 66
11 67
11 68
11 71
11 77
11 80
11 82
11 83
11 90
11 96
12 6
12 9
12 11
12 13
12 16
12 17
12 22
12 24
12 27
12 28
12 30
12 36
12 39
12 46
12 49
12 56
12 57
12 60
12 61
12 63
12 70
12 73
12 81
12 84
12 87
12 90
12 96
13 0
13 1
13 4
13 5
13 6
13 19
13 20
13 22
13 27
13 32
13 34
13 37
13 44
13 47
13 53
13 54
13 64
13 68
13 73
13 81
13 82
13 85
13 88
13 89
13 90
13 97
13 100
14 0
14 3
14 4
14 7
14 22
14 23
14 28
14 33
14 40
14 41
14 44
14 46
14 47
14 48
14 49
14 54
14 57
14 60
14 61
14 62
14 67
14 68
14 69
14 77
14 78
14 82
14 84
14 85
14 87
14 97
14 99
15 2
15 5
15 6
15 7
15 9
15 21
15 27
15 28
15 29
15 38
15 45
15 54
15 63
15 65
15 67
15 68
15 75
15 77
15 79
15 84
15 94
15 96
15 97
16 1
16 8
16 9
16 10
16 17
16 25
16 26
16 28
16 31
16 35
16 36
16 42
16 43
16 48
16 49
16 50
16 59
16 60
16 61
16 64
16 72
16 73
16 78
16 80
16 83
16 84
16 85
16 89
16 90
16 92
17 5
17 7
17 10
17 12
17 14
17 15
17 21
17 22
17 23
17 26
17 35
17 37
17 39
17 41
17 44
17 53
17 55
17 56
17 62
17 64
17 65
17 66
17 70
17 72
17 75
17 78
17 82
17 83
17 84
17 85
17 89
17 92
17 95
17 97
17 98
18 3
18 4
18 5
18 19
18 20
18 21
18 22
18 26
18 27
18 33
18 40
18 41
18 45
18 46
18 49
18 50
18 55
18 56
18 57
18 62
18 65
18 67
18 70
18 74
18 83
18 84
18 87
18 88
18 90
18 91
18 92
18 94
18 96
18 97
18 99
19 1
19 5
19 9
19 21
19 30
19 31
19 36
19 42
19 44
19 47
19 53
19 58
19 59
19 61
19 69
19 70
19 73
19 74
19 75
19 77
19 78
19 82
19 85
19 86
19 87
19 90
19 92
19 98
19 99
20 2
20 4
20 8
20 14
20 18
20 23
20 25
20 27
20 29
20 45
20 48
20 49
20 52
20 53
20 56
20 57
20 65
20 68
20 69
20 72
20 80
20 82
20 85
20 88
20 90
20 91
20 94
21 2
21 3
21 9
21 15
21 17
21 23
21 24
21 26
21 28
21 29
21 44
21 52
21 55
21 59
21 63
21 64
21 76
21 84
21 86
21 88
21 91
21 95
21 97
21 99
22 0
22 7
22 9
22 13
22 14
22 17
22 18
22 22
22 26
22 27
22 28
22 39
22 40
22 41
22 46
22 47
22 55
22 56
22 63
22 64
22 67
22 69
22 71
22 72
22 73
22 75
22 78
22 81
22 84
22 87
22 88
22 90
22 94
22 95
22 98
22 99
22 100
23 6
23 8
23 9
23 10
23 11
23 15
23 16
23 19
23 25
23 28
23 29
23 31
23 32
23 37
23 38
23 40
23 41
23 46
23 48
23 51
23 53
23 55
23 62
23 63
23 65
23 66
23 70
23 74
23 77
23 82
23 88
23 89
23 99
24 1
24 5
24 22
24 24
24 25
24 34
24 35
24 36
24 39
24 43
24 52
24 57
24 58
24 66
24 71
24 75
24 80
24 82
24 85
24 88
24 90
24 91
24 94
24 97
24 100
25 2
25 3
25 5
25 7
25 9
25 11
25 14
25 17
25 23
25 26
25 27
25 29
25 31
25 37
25 44
25 47
25 49
25 50
25 51
25 55
25 56
25 61
25 63
25 65
25 73
25 77
25 81
25 82
25 85
25 87
25 91
25 92
25 93
25 95
25 99
26 6
26 13
26 19
26 25
26 27
26 28
26 31
26 40
26 41
26 43
26 50
26 55
26 58
26 63
26 68
26 70
26 73
26 76
26 82
26 85
26 87
26 88
26 93
26 94
26 95
26 96
26 97
27 1
27 3
27 4
27 5
27 11
27 12
27 20
27 23
27 26
27 30
27 33
27 34
27 39
27 43
27 44
27 48
27 52
27 55
27 57
27 61
27 62
27 64
27 65
27 67
27 68
27 69
27 72
27 81
27 84
27 85
27 88
27 90
27 91
27 92
27 95
27 96
27 100
28 3
28 5
28 7
28 9
28 16
28 17
28 23
28 25
28 30
28 35
28 37
28 40
28 41
28 42
28 44
28 47
28 54
28 55
28 56
28 62
28 65
28 66
28 75
28 79
28 80
28 82
28 83
28 86
28 91
28 92
28 94
28 95
28 99
29 2
29 5
29 13
29 14
29 16
29 21
29 22
29 24
29 26
29 29
29 31
29 36
29 37
29 38
29 41
29 44
29 45
29 49
29 53
29 54
29 55
29 60
29 63
29 68
29 70
29 71
29 72
29 73
29 75
29 78
29 79
29 82
29 83
29 91
29 92
29 94
29 95
29 96
29 100
30 2
30 3
30 4
30 5
30 10
30 11
30 13
30 22
30 26
30 34
30 36
30 37
30 38
30 42
30 45
30 48
30 49
30 50
30 52
30 67
30 72
30 76
30 78
30 80
30 81
30 82
30 84
30 86
30 92
30 95
31 1
31 3
31 4
31 10
31 11
31 12
31 13
31 18
31 19
31 20
31 27
31 34
31 41
31 42
31 43
31 47
31 49
31 51
31 53
31 57
31 60
31 62
31 64
31 79
31 81
31 83
31 84
31 87
31 89
31 90
31 95
32 0
32 2
32 4
32 6
32 7
32 10
32 13
32 17
32 20
32 24
32 25
32 26
32 28
32 31
32 34
32 35
32 37
32 40
32 42
32 44
32 45
32 46
32 48
32 52
32 54
32 61
32 64
32 67
32 70
32 73
32 74
32 76
32 77
32 80
32 84
32 85
32 88
32 91
32 93
33 1
33 4
33 13
33 21
33 28
33 31
33 32
33 34
33 35
33 39
33 40
33 41
33 45
33 46
33 47
33 48
33 50
33 54
33 55
33 56
33 61
33 63
33 67
33 69
33 73
33 74
33 79
33 83
33 89
33 92
33 95
34 1
34 5
34 12
34 19
34 22
34 29
34 30
34 31
34 32
34 37
34 40
34 41
34 42
34 44
34 52
34 58
34 60
34 64
34 65
34 66
34 67
34 69
34 75
34 80
34 81
34 85
34 91
34 92
34 100
35 3
35 8
35 10
35 12
35 13
35 16
35 21
35 26
35 35
35 36
35 40
35 42
35 44
35 54
35 60
35 68
35 72
35 73
35 74
35 75
35 76
35 80
35 84
35 86
35 89
35 90
35 91
35 92
35 93
35 96
35 99
36 1
36 4
36 6
36 11
36 13
36 18
36 22
36 24
36 25
36 33
36 34
36 36
36 37
36 39
36 50
36 52
36 56
36 58
36 59
36 61
36 63
36 64
36 66
36 68
36 69
36 72
36 75
36 80
36 81
36 83
36 84
36 89
36 91
36 93
36 94
36 95
36 98
36 99
37 0
37 1
37 4
37 7
37 9
37 13
37 16
37 18
37 19
37 20
37 22
37 24
37 26
37 37
37 39
37 40
37 44
37 45
37 46
37 49
37 50
37 55
37 59
37 60
37 61
37 70
37 82
37 89
37 90
37 91
37 92
37 96
37 98
38 0
38 2
38 4
38 21
38 23
38 26
38 27
38 33
38 35
38 38
38 40
38 41
38 45
38 50
38 52
38 57
38 65
38 66
38 69
38 73
38 75
38 77
38 78
38 80
38 81
38 85
38 86
38 87
38 93
38 96
38 98
38 99
39 3
39 6
39 11
39 13
39 16
39 18
39 24
39 34
39 35
39 41
39 42
39 48
39 51
39 53
39 57
39 59
39 63
39 66
39 67
39 69
39 71
39 77
39 82
39 85
39 87
39 93
39 94
39 96
39 97
40 4
40 12
40 14
40 17
40 18
40 19
40 20
40 23
40 26
40 35
40 40
40 41
40 44
40 45
40 51
40 55
40 56
40 57
40 58
40 61
40 64
40 71
40 75
40 94
40 96
40 99
40 100
41 0
41 3
41 4
41 5
41 8
41 9
41 10
41 14
41 24
41 28
41 29
41 31
41 32
41 34
41 36
41 38
41 41
41 42
41 43
41 47
41 48
41 54
41 58
41 60
41 61
41 62
41 64
41 66
41 75
41 84
41 86
41 89
41 91
41 100
42 2
42 6
42 7
42 8
42 9
42 23
42 27
42 29
42 30
42 31
42 43
42 51
42 59
42 61
42 64
42 65
42 68
42 72
42 73
42 77
42 84
42 86
42 87
42 89
42 93
42 94
42 95
42 97
43 2
43 3
43 5
43 8
43 17
43 18
43 25
43 29
43 30
43 34
43 35
43 43
43 44
43 48
43 57
43 59
43 60
43 69
43 73
43 77
43 78
43 83
43 86
43 89
43 90
43 91
43 92
43 93
43 96
43 98
44 4
44 8
44 12
44 13
44 23
44 27
44 31
44 32
44 36
44 37
44 49
44 50
44 55
44 56
44 58
44 63
44 68
44 71
44 73
44 74
44 82
44 86
44 89
44 90
44 91
44 92
44 93
44 96
44 98
44 99
45 5
45 11
45 15
45 19
45 25
45 28
45 30
45 32
45 33
45 36
45 37
45 38
45 41
45 44
45 45
45 60
45 65
45 67
45 75
45 79
45 81
45 87
45 88
45 89
45 94
46 1
46 3
46 7
46 16
46 19
46 30
46 32
46 33
46 35
46 39
46 45
46 46
46 47
46 48
46 53
46 73
46 75
46 77
46 93
46 94
46 95
46 97
47 5
47 8
47 9
47 12
47 19
47 26
47 29
47 32
47 34
47 37
47 39
47 43
47 47
47 48
47 52
47 54
47 59
47 60
47 61
47 62
47 63
47 65
47 66
47 67
47 75
47 76
47 82
47 89
47 90
47 91
47 94
47 95
47 98
48 0
48 1
48 6
48 8
48 9
48 11
48 16
48 17
48 19
48 21
48 22
48 23
48 25
48 26
48 29
48 31
48 35
48 37
48 45
48 54
48 59
48 64
48 70
48 72
48 74
48 78
48 81
48 82
48 84
48 89
48 90
48 91
48 94
48 96
48 100
49 3
49 7
49 10
49 17
49 18
49 19
49 22
49 30
49 31
49 34
49 37
49 40
49 41
49 45
49 46
49 56
49 57
49 59
49 60
49 61
49 69
49 70
49 73
49 75
49 78
49 84
49 88
49 91
49 92
49 94
49 97
49 99
50 0
50 1
50 2
50 3
50 4
50 5
50 6
50 8
50 9
50 12
50 13
50 15
50 16
50 19
50 20
50 21
50 23
50 27
50 28
50 30
50 32
50 38
50 39
50 49
50 51
50 55
50 56
50 59
50 65
50 66
50 74
50 75
50 77
50 78
50 81
50 87
50 88
51 0
51 11
51 15
51 17
51 19
51 20
51 21
51 27
51 31
51 34
51 35
51 39
51 48
51 51
51 54
51 61
51 63
51 64
51 66
51 72
51 73
51 75
51 76
51 78
51 79
51 83
51 85
51 86
51 94
51 98
51 100
52 0
52 1
52 4
52 5
52 6
52 9
52 14
52 16
52 21
52 24
52 25
52 33
52 35
52 38
52 44
52 45
52 46
52 47
52 52
52 54
52 59
52 61
52 69
52 73
52 74
52 75
52 84
52 87
52 91
52 92
52 96
52 99
53 4
53 6
53 13
53 18
53 32
53 33
53 35
53 37
53 38
53 57
53 59
53 66
53 68
53 69
53 72
53 73
53 78
53 79
53 84
53 85
53 86
53 87
53 89
53 90
53 96
53 99
54 0
54 3
54 5
54 11
54 13
54 15
54 18
54 20
54 24
54 25
54 26
54 28
54 31
54 32
54 35
54 37
54 46
54 52
54 55
54 56
54 58
54 60
54 62
54 63
54 75
54 78
54 80
54 81
54 83
54 84
54 85
54 87
54 88
54 92
54 93
54 95
54 97
54 98
55 1
55 7
55 13
55 18
55 24
55 25
55 26
55 29
55 31
55 32
55 33
55 35
55 36
55 39
55 42
55 51
55 52
55 53
55 54
55 60
55 74
55 75
55 78
55 84
55 86
55 88
55 89
55 92
55 99
56 1
56 8
56 15
56 18
56 19
56 29
56 30
56 35
56 40
56 43
56 47
56 48
56 50
56 51
56 59
56 61
56 63
56 64
56 69
56 70
56 71
56 73
56 77
56 81
56 83
56 85
56 86
56 87
56 88
56 90
56 93
57 3
57 5
57 12
57 21
57 24
57 28
57 35
57 36
57 38
57 41
57 42
57 48
57 49
57 52
57 53
57 55
57 57
57 61
57 62
57 63
57 66
57 67
57 85
57 91
57 97
57 98
57 99
57 100
58 8
58 14
58 15
58 21
58 23
58 24
58 25
58 26
58 28
58 34
58 37
58 51
58 58
58 59
58 60
58 68
58 70
58 73
58 76
58 83
58 84
58 88
58 90
58 92
59 3
59 4
59 7
59 8
59 9
59 12
59 14
59 16
59 17
59 18
59 21
59 22
59 23
59 28
59 31
59 36
59 38
59 39
59 40
59 48
59 51
59 55
59 57
59 59
59 61
59 63
59 73
59 76
59 80
59 81
59 82
59 84
59 86
59 90
60 6
60 9
60 10
60 11
60 12
60 13
60 16
60 19
60 20
60 21
60 23
60 31
60 35
60 41
60 47
60 51
60 52
60 54
60 56
60 57
60 58
60 64
60 65
60 68
60 77
60 78
60 79
60 85
60 93
60 99
61 1
61 6
61 10
61 12
61 13
61 14
61 17
61 22
61 25
61 29
61 30
61 34
61 36
61 41
61 42
61 48
61 50
61 59
61 61
61 62
61 63
61 64
61 65
61 68
61 71
61 72
61 91
61 92
61 96
61 99
62 9
62 10
62 12
62 13
62 14
62 19
62 23
62 28
62 29
62 33
62 36
62 39
62 50
62 53
62 57
62 58
62 60
62 63
62 65
62 66
62 69
62 73
62 76
62 78
62 80
62 88
62 90
62 93
62 95
62 97
63 19
63 21
63 25
63 31
63 34
63 35
63 36
63 51
63 53
63 55
63 57
63 58
63 64
63 67
63 70
63 71
63 75
63 76
63 83
63 92
63 99
63 100
64 5
64 6
64 7
64 8
64 9
64 11
64 12
64 18
64 19
64 25
64 26
64 28
64 29
64 34
64 41
64 44
64 45
64 46
64 50
64 53
64 56
64 58
64 61
64 62
64 69
64 73
64 77
64 78
64 83
64 85
64 89
64 91
64 97
64 99
65 0
65 10
65 12
65 17
65 21
65 26
65 28
65 29
65 30
65 31
65 34
65 36
65 37
65 43
65 45
65 51
65 52
65 56
65 65
65 66
65 70
65 71
65 80
65 81
65 83
65 84
65 89
65 90
65 92
65 94
65 96
65 99
66 9
66 11
66 12
66 13
66 14
66 15
66 16
66 19
66 25
66 27
66 31
66 35
66 36
66 37
66 39
66 40
66 43
66 45
66 50
66 56
66 58
66 63
66 64
66 68
66 74
66 76
66 77
66 80
66 83
66 85
66 87
66 90
66 92
66 93
66 96
66 97
66 99
67 2
67 4
67 5
67 7
67 10
67 13
67 15
67 22
67 25
67 27
67 30
67 33
67 36
67 42
67 44
67 45
67 47
67 48
67 50
67 54
67 63
67 64
67 67
67 79
67 81
67 82
67 83
67 85
67 86
67 87
67 88
68 1
68 7
68 11
68 17
68 19
68 21
68 23
68 31
68 32
68 33
68 35
68 37
68 40
68 46
68 48
68 55
68 62
68 65
68 66
68 67
68 68
68 77
68 79
68 81
68 85
68 88
68 95
69 3
69 6
69 7
69 8
69 10
69 16
69 17
69 20
69 21
69 26
69 31
69 33
69 34
69 39
69 49
69 51
69 54
69 56
69 57
69 64
69 65
69 68
69 69
69 72
69 75
69 76
69 79
69 80
69 82
69 83
69 90
69 91
69 92
69 95
69 97
69 100
70 5
70 6
70 12
70 16
70 17
70 21
70 22
70 26
70 28
70 29
70 30
70 32
70 36
70 46
70 48
70 49
70 50
70 55
70 56
70 58
70 60
70 63
70 67
70 76
70 83
70 90
70 93
70 100
71 2
71 5
71 6
71 7
71 12
71 18
71 20
71 23
71 28
71 29
71 30
71 31
71 33
71 35
71 36
71 38
71 40
71 46
71 50
71 56
71 57
71 58
71 61
71 63
71 70
71 80
71 81
71 82
71 83
71 88
71 89
71 93
71 99
72 4
72 10
72 20
72 22
72 29
72 30
72 31
72 32
72 33
72 36
72 40
72 45
72 47
72 49
72 52
72 58
72 61
72 63
72 66
72 69
72 70
72 71
72 77
72 78
72 79
72 85
72 88
72 90
72 93
72 95
73 4
73 6
73 7
73 8
73 13
73 15
73 19
73 21
73 25
73 29
73 31
73 45
73 46
73 47
73 49
73 53
73 58
73 66
73 78
73 80
73 81
73 82
73 86
73 88
73 91
73 100
74 7
74 16
74 18
74 20
74 22
74 23
74 24
74 27
74 29
74 34
74 35
74 43
74 44
74 51
74 55
74 56
74 57
74 62
74 65
74 68
74 71
74 73
74 74
74 78
74 79
74 81
74 84
74 86
74 88
74 89
74 97
75 0
75 1
75 3
75 4
75 7
75 8
75 9
75 16
75 19
75 25
75 26
75 34
75 42
75 44
75 45
75 48
75 52
75 53
75 55
75 58
75 62
75 63
75 65
75 67
75 69
75 71
75 72
75 73
75 78
75 80
75 81
75 82
75 86
75 87
75 94
75 97
76 8
76 11
76 13
76 14
76 19
76 20
76 22
76 27
76 29
76 33
76 34
76 39
76 41
76 61
76 63
76 66
76 67
76 69
76 75
76 76
76 82
76 90
77 2
77 3
77 4
77 6
77 9
77 10
77 12
77 16
77 23
77 24
77 27
77 33
77 35
77 36
77 37
77 38
77 43
77 46
77 50
77 51
77 52
77 54
77 58
77 63
77 64
77 66
77 67
77 68
77 72
77 73
77 78
77 80
77 82
77 98
78 1
78 2
78 4
78 5
78 8
78 9
78 10
78 15
78 21
78 24
78 26
78 27
78 28
78 29
78 31
78 34
78 41
78 42
78 48
78 49
78 50
78 56
78 65
78 67
78 70
78 71
78 79
78 83
78 91
78 95
78 98
78 100
79 2
79 6
79 7
79 9
79 13
79 15
79 20
79 23
79 27
79 28
79 30
79 33
79 41
79 48
79 50
79 53
79 56
79 67
79 72
79 74
79 76
79 77
79 80
79 82
79 86
79 97
79 99
80 1
80 2
80 4
80 9
80 11
80 12
80 15
80 16
80 18
80 19
80 22
80 29
80 31
80 38
80 41
80 42
80 44
80 45
80 46
80 50
80 51
80 54
80 59
80 60
80 65
80 66
80 67
80 69
80 70
80 71
80 80
80 83
80 86
80 91
80 97
80 98
81 0
81 4
81 14
81 17
81 30
81 31
81 32
81 35
81 37
81 39
81 47
81 55
81 57
81 59
81 62
81 65
81 70
81 72
81 73
81 82
81 83
81 85
81 86
81 87
81 91
81 94
81 95
81 96
81 98
82 0
82 2
82 6
82 8
82 10
82 14
82 20
82 21
82 22
82 27
82 28
82 31
82 34
82 38
82 40
82 41
82 42
82 44
82 49
82 53
82 56
82 57
82 58
82 61
82 68
82 71
82 73
82 74
82 75
82 76
82 79
82 83
82 84
82 88
83 1
83 3
83 7
83 10
83 11
83 12
83 14
83 19
83 23
83 36
83 41
83 42
83 47
83 50
83 51
83 53
83 58
83 59
83 63
83 68
83 82
83 84
83 91
83 96
83 98
84 5
84 9
84 10
84 14
84 15
84 17
84 18
84 20
84 25
84 26
84 30
84 34
84 36
84 37
84 38
84 41
84 53
84 57
84 58
84 60
84 61
84 67
84 68
84 69
84 70
84 71
84 72
84 80
84 82
84 86
84 93
84 95
84 97
84 98
85 0
85 4
85 8
85 10
85 12
85 13
85 19
85 22
85 30
85 31
85 33
85 35
85 45
85 48
85 49
85 50
85 51
85 56
85 61
85 71
85 77
85 78
85 80
85 83
85 84
85 86
85 87
85 91
85 92
85 94
85 95
85 97
86 1
86 7
86 9
86 17
86 22
86 24
86 29
86 31
86 36
86 37
86 38
86 41
86 46
86 49
86 52
86 56
86 60
86 65
86 67
86 69
86 75
86 79
86 80
86 84
86 97
87 3
87 4
87 6
87 7
87 9
87 10
87 15
87 17
87 19
87 22
87 23
87 25
87 26
87 28
87 29
87 31
87 32
87 39
87 40
87 43
87 44
87 47
87 48
87 50
87 56
87 57
87 63
87 64
87 69
87 74
87 75
87 76
87 78
87 81
87 82
87 84
87 85
87 90
87 92
87 94
88 2
88 3
88 4
88 5
88 6
88 8
88 10
88 18
88 22
88 26
88 30
88 31
88 46
88 51
88 52
88 55
88 60
88 61
88 64
88 66
88 69
88 70
88 73
88 74
88 79
88 81
88 90
88 93
88 94
88 95
88 97
88 99
88 100
89 4
89 6
89 9
89 16
89 17
89 19
89 22
89 23
89 24
89 26
89 28
89 29
89 33
89 34
89 43
89 49
89 59
89 62
89 65
89 75
89 79
89 82
89 84
89 93
89 95
89 97
89 98
89 100
90 0
90 3
90 5
90 10
90 18
90 19
90 21
90 25
90 26
90 31
90 36
90 38
90 48
90 49
90 54
90 55
90 61
90 62
90 63
90 64
90 66
90 69
90 71
90 73
90 79
90 83
90 85
90 88
90 90
90 91
90 93
90 95
90 96
90 100
91 1
91 2
91 14
91 19
91 27
91 34
91 35
91 36
91 38
91 39
91 41
91 44
91 47
91 48
91 50
91 51
91 53
91 59
91 60
91 63
91 67
91 69
91 74
91 76
91 77
91 79
91 87
91 91
91 95
92 11
92 13
92 15
92 19
92 20
92 23
92 29
92 32
92 34
92 35
92 39
92 41
92 43
92 44
92 48
92 51
92 52
92 59
92 65
92 69
92 70
92 72
92 83
92 86
92 88
92 91
92 93
92 94
93 0
93 6
93 7
93 12
93 13
93 15
93 24
93 31
93 32
93 34
93 41
93 43
93 45
93 54
93 56
93 57
93 60
93 63
93 64
93 66
93 69
93 78
93 81
93 84
93 85
94 7
94 8
94 10
94 15
94 18
94 22
94 23
94 24
94 26
94 27
94 31
94 36
94 38
94 46
94 48
94 50
94 52
94 53
94 56
94 59
94 62
94 65
94 72
94 74
94 76
94 77
94 83
94 86
94 91
94 93
94 94
94 95
94 97
94 98
95 6
95 8
95 19
95 23
95 25
95 28
95 29
95 31
95 37
95 38
95 39
95 44
95 46
95 47
95 49
95 51
95 56
95 57
95 60
95 62
95 64
95 71
95 79
95 82
95 86
95 92
95 93
95 99
96 0
96 1
96 2
96 7
96 12
96 15
96 24
96 26
96 30
96 31
96 34
96 35
96 40
96 50
96 52
96 59
96 61
96 62
96 63
96 64
96 66
96 68
96 69
96 70
96 72
96 74
96 80
96 87
96 92
96 94
96 98
96 99
97 0
97 2
97 5
97 6
97 9
97 16
97 17
97 18
97 23
97 33
97 36
97 37
97 40
97 42
97 51
97 55
97 59
97 67
97 68
97 70
97 79
97 80
97 84
97 85
97 89
97 90
97 95
97 99
98 3
98 5
98 9
98 13
98 17
98 22
98 24
98 26
98 28
98 31
98 34
98 39
98 42
98 43
98 44
98 49
98 56
98 58
98 59
98 60
98 63
98 71
98 73
98 75
98 76
98 77
98 78
98 79
98 81
98 90
98 92
98 96
98 99
99 0
99 4
99 6
99 7
99 8
99 12
99 14
99 22
99 25
99 26
99 28
99 31
99 38
99 39
99 40
99 46
99 50
99 59
99 64
99 69
99 70
99 75
99 80
99 81
99 84
99 88
99 89
99 95
99 97
100 0
100 1
100 8
100 12
100 13
100 14
100 15
100 20
100 22
100 23
100 33
100 38
100 39
100 48
100 51
100 53
100 55
100 61
100 62
100 65
100 69
100 76
100 87
100 90
100 91
100 92
100 93
100 95
100 96
100 97
100 100
