0 0
0 2
0 7
0 14
0 15
0 20
0 22
0 23
0 28
0 29
0 30
0 33
0 34
0 38
0 39
0 42
0 50
0 53
0 59
0 68
0 70
0 71
0 72
0 76
0 88
0 91
0 92
0 93
0 96
0 98
0 100
1 1
1 2
1 3
1 7
1 13
1 14
1 16
1 18
1 20
1 21
1 23
1 26
1 33
1 35
1 38
1 39
1 43
1 44
1 49
1 50
1 55
1 57
1 62
1 66
1 69
1 70
1 72
1 73
1 75
1 76
1 77
1 84
1 86
1 92
1 99
2 4
2 8
2 10
2 11
2 17
2 24
2 32
2 35
2 38
2 43
2 48
2 57
2 71
2 73
2 85
2 89
2 90
2 95
2 98
2 99
3 5
3 7
3 14
3 15
3 16
3 20
3 23
3 27
3 32
3 34
3 35
3 36
3 46
3 54
3 65
3 66
3 76
3 77
3 83
3 84
3 89
3 91
3 92
3 94
3 95
3 98
4 0
4 3
4 7
4 9
4 15
4 17
4 22
4 36
4 37
4 40
4 42
4 43
4 44
4 46
4 47
4 53
4 54
4 60
4 62
4 63
4 67
4 70
4 78
4 85
4 87
4 89
4 91
4 95
4 96
5 8
5 10
5 11
5 12
5 16
5 19
5 25
5 27
5 28
5 29
5 32
5 33
5 37
5 40
5 48
5 50
5 52
5 53
5 59
5 61
5 65
5 68
5 73
5 78
5 79
5 80
5 82
5 83
5 86
5 87
5 88
5 89
5 90
5 93
5 97
6 1
6 5
6 7
6 11
6 14
6 18
6 31
6 36
6 38
6 42
6 50
6 51
6 53
6 56
6 58
6 64
6 68
6 71
6 77
6 85
6 86
6 87
6 89
6 90
7 2
7 8
7 10
7 12
7 13
7 19
7 20
7 22
7 28
7 32
7 36
7 37
7 43
7 47
7 53
7 67
7 71
7 73
7 78
7 81
7 85
7 90
8 0
8 6
8 7
8 9
8 11
8 16
8 17
8 22
8 25
8 27
8 37
8 38
8 42
8 47
8 49
8 52
8 53
8 54
8 55
8 56
8 59
8 60
8 61
8 65
8 68
8 71
8 76
8 79
8 80
8 81
8 82
8 84
8 87
8 88
8 91
8 95
8 96
9 0
9 4
9 6
9 9
9 14
9 16
9 18
9 19
9 20
9 23
9 24
9 25
9 31
9 33
9 37
9 41
9 42
9 47
9 50
9 53
9 60
9 63
9 65
9 71
9 76
9 78
9 81
9 84
9 86
9 88
9 90
9 92
9 93
9 94
9 100
10 7
10 12
10 16
10 21
10 25
10 33
10 34
10 37
10 40
10 41
10 44
10 47
10 49
10 50
10 54
10 56
10 57
10 59
10 63
10 64
10 68
10 72
10 74
10 77
10 81
10 82
10 88
10 90
10 95
10 97
10 99
11 2
11 3
11 5
11 15
11 20
11 21
11 23
11 24
11 25
11 27
11 30
11 39
11 47
11 48
11 51
11 53
11 56
11 60
11 62
11 64
11 67
11 73
11 75
11 76
11 78
11 90
11 91
11 92
11 93
12 3
12 13
12 19
12 21
12 28
12 30
12 32
12 34
12 36
12 38
12 40
12 41
12 43
12 45
12 46
12 51
12 55
12 57
12 63
12 64
12 65
12 73
12 74
12 76
12 77
12 78
12 79
12 81
12 82
12 83
12 87
12 89
12 90
12 91
12 95
12 98
13 0
13 2
13 11
13 20
13 22
13 26
13 30
13 31
13 32
13 34
13 36
13 37
13 38
13 42
13 43
13 45
13 48
13 58
13 60
13 61
13 62
13 64
13 72
13 73
13 75
13 76
13 80
13 92
13 98
13 100
14 2
14 11
14 14
14 20
14 21
14 24
14 27
14 29
14 33
14 39
14 44
14 46
14 48
14 54
14 56
14 57
14 60
14 63
14 64
14 65
14 67
14 69
14 71
14 73
14 81
14 82
14 87
14 91
14 97
14 98
15 1
15 8
15 9
15 13
15 16
15 18
15 19
15 20
15 23
15 30
15 32
15 33
15 34
15 37
15 45
15 46
15 53
15 54
15 57
15 63
15 66
15 69
15 73
15 76
15 78
15 79
15 80
15 81
15 84
15 86
15 88
15 91
15 92
15 94
15 95
15 97
15 99
15 100
16 0
16 4
16 9
16 11
16 13
16 19
16 22
16 27
16 28
16 31
16 39
16 40
16 41
16 42
16 47
16 48
16 49
16 51
16 57
16 59
16 62
16 65
16 70
16 71
16 72
16 83
16 84
16 94
16 96
16 97
17 0
17 3
17 10
17 11
17 13
17 15
17 24
17 30
17 41
17 47
17 49
17 50
17 51
17 52
17 53
17 59
17 61
17 64
17 65
17 68
17 70
17 73
17 74
17 75
17 83
17 87
17 90
17 91
17 94
17 98
17 100
18 3
18 5
18 11
18 13
18 15
18 21
18 25
18 28
18 30
18 31
18 34
18 35
18 36
18 42
18 43
18 44
18 49
18 53
18 58
18 71
18 75
18 76
18 80
18 83
18 85
18 95
18 96
19 0
19 2
19 5
19 7
19 8
19 12
19 13
19 14
19 15
19 17
19 33
19 36
19 40
19 42
19 48
19 50
19 62
19 67
19 68
19 69
19 70
19 72
19 75
19 78
19 79
19 84
19 87
19 88
19 90
19 91
19 92
19 93
19 94
20 2
20 3
20 6
20 11
20 14
20 15
20 25
20 27
20 36
20 38
20 39
20 42
20 52
20 62
20 63
20 64
20 65
20 66
20 67
20 71
20 72
20 75
20 76
20 81
20 83
20 91
21 0
21 2
21 5
21 11
21 14
21 16
21 21
21 23
21 25
21 26
21 27
21 28
21 35
21 38
21 43
21 45
21 49
21 54
21 56
21 64
21 66
21 71
21 77
21 79
21 83
21 92
21 98
22 1
22 4
22 11
22 12
22 18
22 23
22 25
22 28
22 29
22 37
22 40
22 43
22 46
22 48
22 52
22 55
22 59
22 61
22 69
22 80
22 81
22 85
22 88
22 89
22 90
22 95
22 99
22 100
23 0
23 7
23 8
23 9
23 12
23 15
23 20
23 21
23 34
23 38
23 41
23 42
23 43
23 54
23 56
23 57
23 59
23 60
23 65
23 67
23 68
23 71
23 72
23 74
23 85
23 87
23 88
23 89
23 92
23 93
23 100
24 1
24 2
24 5
24 8
24 12
24 16
24 17
24 18
24 23
24 28
24 34
24 41
24 43
24 47
24 54
24 55
24 59
24 70
24 79
24 82
24 83
24 84
24 87
24 93
24 96
24 97
25 0
25 5
25 7
25 9
25 14
25 15
25 17
25 23
25 27
25 33
25 34
25 35
25 37
25 51
25 52
25 58
25 59
25 61
25 62
25 76
25 87
25 88
25 89
25 90
26 2
26 3
26 4
26 10
26 12
26 13
26 16
26 21
26 22
26 23
26 24
26 26
26 27
26 31
26 34
26 38
26 44
26 50
26 51
26 52
26 60
26 63
26 65
26 72
26 74
26 76
26 86
26 94
26 96
26 98
27 0
27 1
27 2
27 5
27 6
27 7
27 10
27 18
27 20
27 21
27 24
27 36
27 45
27 46
27 47
27 50
27 51
27 57
27 59
27 60
27 66
27 68
27 69
27 74
27 75
27 77
27 87
27 93
27 96
28 0
28 3
28 4
28 17
28 26
28 33
28 39
28 41
28 44
28 45
28 47
28 48
28 53
28 67
28 68
28 71
28 77
28 79
28 84
28 86
28 90
28 92
28 95
29 1
29 3
29 7
29 8
29 10
29 12
29 15
29 17
29 19
29 21
29 24
29 25
29 26
29 27
29 28
29 34
29 36
29 37
29 41
29 42
29 43
29 48
29 49
29 52
29 53
29 57
29 59
29 61
29 66
29 71
29 73
29 77
29 84
29 85
29 86
29 88
29 89
29 90
29 91
29 92
29 95
29 100
30 6
30 10
30 16
30 18
30 19
30 25
30 27
30 28
30 31
30 32
30 34
30 36
30 37
30 45
30 47
30 54
30 55
30 58
30 61
30 66
30 74
30 76
30 80
30 81
30 83
30 85
30 86
30 87
30 92
30 94
30 98
30 100
31 1
31 4
31 7
31 8
31 9
31 15
31 16
31 18
31 21
31 22
31 30
31 31
31 35
31 39
31 41
31 48
31 51
31 53
31 55
31 61
31 65
31 74
31 75
31 78
31 79
31 80
31 81
31 83
31 84
31 88
31 91
31 94
31 99
31 100
32 0
32 3
32 6
32 7
32 10
32 12
32 19
32 27
32 28
32 32
32 34
32 39
32 42
32 46
32 54
32 56
32 57
32 60
32 69
32 70
32 71
32 75
32 76
32 77
32 81
32 85
32 87
32 88
32 91
32 93
32 94
32 96
33 1
33 2
33 3
33 5
33 13
33 19
33 21
33 26
33 42
33 43
33 45
33 49
33 50
33 64
33 66
33 72
33 75
33 82
33 83
33 85
33 89
33 91
33 96
33 98
34 0
34 1
34 4
34 5
34 8
34 10
34 18
34 19
34 22
34 29
34 35
34 48
34 51
34 54
34 56
34 61
34 62
34 63
34 66
34 68
34 76
34 82
34 85
34 87
34 92
34 97
35 7
35 10
35 11
35 13
35 14
35 15
35 18
35 24
35 25
35 36
35 39
35 41
35 58
35 62
35 69
35 70
35 71
35 74
35 77
35 92
35 93
36 2
36 9
36 18
36 20
36 29
36 32
36 35
36 38
36 39
36 43
36 48
36 51
36 52
36 54
36 56
36 57
36 60
36 67
36 82
36 87
36 88
36 90
36 95
36 96
37 2
37 3
37 4
37 6
37 7
37 8
37 12
37 15
37 16
37 19
37 22
37 23
37 27
37 29
37 36
37 37
37 38
37 39
37 41
37 45
37 46
37 50
37 67
37 68
37 74
37 75
37 76
37 81
37 84
37 87
37 89
37 91
37 92
37 94
37 98
37 99
38 22
38 27
38 32
38 39
38 41
38 43
38 44
38 45
38 48
38 49
38 53
38 58
38 66
38 68
38 71
38 73
38 78
38 82
38 84
38 87
38 92
38 98
39 4
39 7
39 8
39 9
39 20
39 22
39 25
39 28
39 30
39 32
39 35
39 36
39 37
39 40
39 41
39 47
39 49
39 52
39 53
39 56
39 60
39 68
39 74
39 77
39 78
39 85
39 86
39 90
39 95
39 99
40 0
40 1
40 3
40 5
40 8
40 9
40 10
40 22
40 30
40 33
40 41
40 42
40 47
40 57
40 60
40 62
40 64
40 67
40 72
40 78
40 80
40 83
40 88
40 90
40 91
40 94
40 98
41 0
41 2
41 11
41 12
41 13
41 15
41 16
41 17
41 18
41 19
41 21
41 25
41 26
41 30
41 32
41 33
41 34
41 36
41 40
41 46
41 49
41 51
41 56
41 61
41 67
41 72
41 75
41 76
41 78
41 80
41 82
41 87
41 97
41 100
42 0
42 2
42 6
42 7
42 10
42 11
42 13
42 20
42 21
42 24
42 27
42 29
42 31
42 36
42 39
42 40
42 42
42 43
42 46
42 48
42 51
42 56
42 59
42 61
42 67
42 70
42 72
42 77
42 78
42 79
42 80
42 81
42 82
42 83
42 85
42 86
42 90
42 93
42 97
43 2
43 5
43 6
43 9
43 10
43 15
43 18
43 20
43 26
43 28
43 29
43 32
43 34
43 41
43 43
43 44
43 46
43 54
43 55
43 63
43 64
43 65
43 67
43 75
43 79
43 80
43 81
43 87
43 88
43 89
43 90
43 92
43 96
43 97
43 99
44 7
44 9
44 11
44 12
44 13
44 14
44 15
44 17
44 18
44 21
44 24
44 28
44 31
44 32
44 38
44 43
44 48
44 54
44 68
44 69
44 75
44 76
44 77
44 78
44 85
44 90
44 92
44 97
44 99
45 5
45 11
45 15
45 18
45 21
45 23
45 26
45 34
45 38
45 42
45 43
45 46
45 49
45 51
45 56
45 57
45 62
45 64
45 67
45 68
45 73
45 75
45 78
45 79
45 86
45 89
45 93
45 95
45 96
45 100
46 10
46 12
46 13
46 14
46 23
46 25
46 26
46 27
46 30
46 34
46 38
46 39
46 44
46 45
46 48
46 49
46 50
46 52
46 54
46 64
46 66
46 69
46 73
46 74
46 75
46 76
46 77
46 84
46 89
46 91
46 94
47 0
47 1
47 2
47 4
47 8
47 11
47 12
47 15
47 16
47 19
47 21
47 26
47 28
47 30
47 40
47 49
47 53
47 61
47 63
47 64
47 68
47 71
47 73
47 74
47 77
47 80
47 88
47 90
48 3
48 9
48 12
48 13
48 19
48 21
48 22
48 26
48 30
48 33
48 34
48 38
48 39
48 43
48 44
48 46
48 48
48 52
48 53
48 58
48 61
48 65
48 70
48 72
48 82
48 83
48 89
48 93
48 95
48 96
49 0
49 10
49 13
49 14
49 15
49 23
49 33
49 39
49 40
49 41
49 43
49 45
49 61
49 63
49 66
49 67
49 77
49 78
49 85
49 87
49 97
49 98
50 1
50 11
50 16
50 24
50 27
50 32
50 34
50 36
50 41
50 44
50 46
50 49
50 50
50 51
50 52
50 53
50 54
50 61
50 64
50 67
50 69
50 76
50 79
50 82
50 86
50 88
50 89
50 93
50 96
50 99
50 100
51 6
51 8
51 12
51 14
51 15
51 16
51 17
51 19
51 21
51 24
51 25
51 27
51 30
51 37
51 40
51 44
51 45
51 46
51 49
51 58
51 59
51 63
51 65
51 67
51 68
51 71
51 72
51 74
51 75
51 86
51 94
51 95
51 98
51 99
52 5
52 6
52 13
52 14
52 19
52 20
52 30
52 38
52 43
52 49
52 51
52 55
52 69
52 74
52 76
52 78
52 81
52 83
52 89
52 92
52 93
52 94
52 98
52 99
53 1
53 2
53 8
53 14
53 16
53 17
53 20
53 22
53 25
53 26
53 27
53 30
53 32
53 33
53 35
53 36
53 41
53 43
53 45
53 48
53 51
53 53
53 54
53 61
53 64
53 67
53 69
53 75
53 87
53 99
54 2
54 3
54 4
54 5
54 8
54 11
54 13
54 25
54 33
54 35
54 42
54 47
54 58
54 63
54 64
54 66
54 68
54 73
54 80
54 82
54 83
54 89
54 93
54 97
55 4
55 6
55 7
55 12
55 17
55 19
55 21
55 22
55 24
55 25
55 26
55 28
55 29
55 32
55 40
55 41
55 42
55 45
55 54
55 55
55 57
55 65
55 70
55 71
55 79
55 80
55 83
55 86
55 93
55 95
55 96
56 1
56 3
56 4
56 9
56 13
56 14
56 16
56 18
56 20
56 21
56 26
56 29
56 32
56 41
56 44
56 46
56 53
56 54
56 58
56 59
56 61
56 62
56 67
56 72
56 75
56 76
56 78
56 79
56 80
56 81
56 83
56 84
56 86
56 90
56 99
57 0
57 7
57 8
57 13
57 14
57 16
57 30
57 46
57 52
57 57
57 58
57 60
57 62
57 66
57 74
57 75
57 88
57 91
57 96
58 0
58 1
58 2
58 4
58 7
58 15
58 20
58 21
58 35
58 37
58 38
58 39
58 42
58 47
58 49
58 50
58 65
58 75
58 77
58 78
58 79
58 80
58 86
58 91
58 93
59 4
59 7
59 8
59 9
59 13
59 18
59 21
59 23
59 30
59 31
59 33
59 34
59 37
59 41
59 44
59 50
59 51
59 53
59 58
59 60
59 61
59 62
59 65
59 74
59 77
59 83
59 90
59 93
59 94
60 0
60 3
60 25
60 26
60 29
60 30
60 31
60 33
60 34
60 35
60 39
60 42
60 46
60 54
60 56
60 58
60 61
60 65
60 71
60 72
60 73
60 75
60 80
60 82
60 83
60 84
60 88
60 90
60 92
60 98
60 99
60 100
61 1
61 12
61 13
61 16
61 22
61 24
61 27
61 28
61 29
61 36
61 37
61 38
61 45
61 50
61 52
61 56
61 61
61 62
61 64
61 66
61 72
61 73
61 74
61 86
61 87
61 88
61 91
61 97
61 98
62 4
62 11
62 13
62 19
62 24
62 29
62 30
62 31
62 33
62 40
62 41
62 42
62 43
62 47
62 48
62 49
62 54
62 57
62 58
62 59
62 63
62 74
62 76
62 77
62 82
62 91
62 92
62 93
62 94
62 95
62 98
62 99
62 100
63 3
63 6
63 12
63 20
63 21
63 34
63 37
63 40
63 41
63 42
63 46
63 47
63 49
63 54
63 55
63 56
63 59
63 60
63 63
63 65
63 68
63 69
63 71
63 74
63 78
63 82
63 84
63 85
63 86
63 87
63 90
63 93
63 94
63 98
63 100
64 0
64 2
64 9
64 12
64 13
64 18
64 28
64 33
64 36
64 41
64 42
64 47
64 49
64 52
64 54
64 56
64 58
64 61
64 65
64 67
64 69
64 70
64 71
64 75
64 77
64 79
64 80
64 81
64 82
64 85
64 92
64 93
64 95
64 97
64 99
65 4
65 9
65 10
65 21
65 26
65 28
65 29
65 30
65 32
65 35
65 36
65 38
65 40
65 41
65 43
65 50
65 51
65 57
65 64
65 66
65 67
65 70
65 73
65 74
65 75
65 81
65 83
65 87
65 94
65 95
65 96
65 97
65 98
65 100
66 0
66 3
66 4
66 5
66 6
66 7
66 10
66 14
66 19
66 22
66 32
66 36
66 40
66 50
66 51
66 53
66 56
66 57
66 58
66 59
66 67
66 70
66 74
66 77
66 79
66 80
66 83
66 85
66 88
66 96
66 99
67 0
67 5
67 8
67 9
67 10
67 13
67 14
67 16
67 21
67 23
67 26
67 41
67 49
67 50
67 52
67 58
67 59
67 61
67 64
67 65
67 67
67 69
67 73
67 79
67 85
67 91
67 93
67 94
67 98
67 99
68 3
68 4
68 5
68 7
68 14
68 19
68 20
68 28
68 30
68 32
68 37
68 39
68 47
68 49
68 54
68 55
68 62
68 64
68 67
68 68
68 69
68 74
68 77
68 79
68 81
68 82
68 83
68 85
68 93
68 97
69 3
69 6
69 13
69 17
69 19
69 20
69 25
69 30
69 38
69 39
69 50
69 53
69 57
69 64
69 69
69 72
69 73
69 78
69 79
69 80
69 90
69 91
69 94
69 96
69 97
69 99
69 100
70 2
70 3
70 7
70 8
70 13
70 19
70 24
70 25
70 26
70 30
70 32
70 33
70 34
70 35
70 38
70 39
70 41
70 42
70 45
70 48
70 52
70 53
70 55
70 65
70 67
70 69
70 71
70 72
70 79
70 82
70 84
70 86
70 90
70 92
70 94
70 100
71 2
71 6
71 8
71 9
71 10
71 21
71 22
71 25
71 30
71 41
71 43
71 46
71 48
71 51
71 52
71 55
71 56
71 58
71 60
71 61
71 62
71 65
71 67
71 71
71 80
71 81
71 86
71 87
71 89
71 93
71 94
71 97
71 98
72 0
72 1
72 2
72 4
72 5
72 6
72 9
72 10
72 13
72 16
72 23
72 24
72 30
72 33
72 37
72 38
72 40
72 50
72 56
72 57
72 58
72 61
72 63
72 67
72 71
72 72
72 74
72 75
72 79
72 80
72 95
72 100
73 4
73 5
73 9
73 12
73 14
73 15
73 19
73 24
73 29
73 31
73 32
73 34
73 44
73 45
73 48
73 51
73 54
73 60
73 61
73 64
73 67
73 70
73 71
73 73
73 74
73 77
73 79
73 81
73 85
73 87
73 89
73 92
73 95
74 3
74 4
74 8
74 11
74 13
74 14
74 15
74 18
74 20
74 29
74 36
74 46
74 47
74 48
74 49
74 50
74 52
74 56
74 58
74 62
74 72
74 73
74 79
74 80
74 81
74 87
74 88
74 89
74 90
74 92
74 94
74 97
75 0
75 5
75 14
75 22
75 31
75 37
75 40
75 41
75 54
75 56
75 60
75 61
75 62
75 63
75 69
75 70
75 71
75 82
75 86
75 88
75 93
75 97
76 0
76 3
76 4
76 8
76 9
76 11
76 21
76 28
76 32
76 38
76 43
76 48
76 52
76 60
76 63
76 68
76 70
76 72
76 74
76 78
76 83
76 84
76 85
76 93
76 95
76 98
77 0
77 1
77 4
77 10
77 12
77 15
77 17
77 23
77 36
77 37
77 38
77 43
77 50
77 51
77 54
77 58
77 63
77 65
77 68
77 73
77 74
77 75
77 77
77 79
77 81
77 82
77 84
77 86
77 90
77 91
77 92
77 100
78 2
78 4
78 6
78 8
78 12
78 13
78 19
78 20
78 27
78 30
78 31
78 33
78 36
78 38
78 39
78 43
78 44
78 48
78 49
78 51
78 52
78 54
78 56
78 63
78 70
78 72
78 73
78 80
78 81
78 91
78 99
79 4
79 5
79 6
79 11
79 15
79 21
79 32
79 33
79 34
79 43
79 44
79 48
79 51
79 61
79 63
79 64
79 65
79 67
79 72
79 73
79 78
79 84
79 88
79 90
79 92
79 96
79 98
80 0
80 2
80 3
80 20
80 24
80 26
80 32
80 33
80 40
80 42
80 48
80 59
80 63
80 66
80 69
80 70
80 72
80 79
80 80
80 81
80 84
80 97
81 0
81 6
81 8
81 13
81 18
81 22
81 24
81 25
81 44
81 46
81 51
81 57
81 59
81 61
81 62
81 64
81 65
81 70
81 71
81 76
81 79
81 82
81 84
81 86
81 87
81 90
81 92
81 95
81 97
82 1
82 3
82 5
82 6
82 10
82 12
82 16
82 17
82 18
82 21
82 22
82 34
82 36
82 38
82 39
82 42
82 47
82 48
82 49
82 50
82 51
82 57
82 62
82 66
82 67
82 68
82 73
82 76
82 83
82 84
82 87
82 90
82 92
82 96
82 97
82 98
83 5
83 6
83 8
83 11
83 15
83 17
83 20
83 21
83 33
83 35
83 36
83 46
83 49
83 51
83 54
83 56
83 59
83 62
83 64
83 67
83 71
83 74
83 75
83 76
83 78
83 80
83 85
83 86
83 89
83 91
83 95
83 100
84 5
84 12
84 14
84 15
84 17
84 21
84 23
84 24
84 25
84 34
84 37
84 40
84 44
84 45
84 46
84 47
84 51
84 56
84 59
84 62
84 64
84 65
84 72
84 82
84 87
84 91
84 95
85 3
85 4
85 6
85 7
85 14
85 19
85 20
85 26
85 30
85 34
85 35
85 37
85 42
85 48
85 49
85 57
85 60
85 65
85 66
85 70
85 71
85 73
85 80
85 86
85 87
85 93
85 98
85 99
85 100
86 0
86 2
86 4
86 5
86 12
86 14
86 17
86 21
86 22
86 25
86 28
86 34
86 36
86 39
86 40
86 41
86 42
86 45
86 51
86 54
86 56
86 57
86 59
86 62
86 64
86 67
86 69
86 70
86 72
86 77
86 78
86 79
86 80
86 83
86 84
86 98
86 99
87 0
87 16
87 25
87 26
87 29
87 31
87 46
87 48
87 51
87 52
87 54
87 63
87 70
87 78
87 79
87 80
87 81
87 83
87 90
87 91
88 2
88 4
88 9
88 17
88 32
88 33
88 34
88 35
88 36
88 41
88 47
88 51
88 52
88 61
88 62
88 63
88 70
88 71
88 75
88 76
88 83
88 85
88 97
88 100
89 3
89 6
89 7
89 9
89 12
89 14
89 16
89 19
89 20
89 25
89 27
89 29
89 30
89 31
89 33
89 37
89 38
89 39
89 42
89 44
89 49
89 51
89 53
89 54
89 71
89 75
89 77
89 78
89 80
89 83
89 86
89 88
89 92
89 93
89 94
89 95
89 96
89 98
89 100
90 0
90 3
90 4
90 9
90 17
90 19
90 24
90 29
90 33
90 36
90 37
90 38
90 44
90 46
90 52
90 53
90 54
90 59
90 61
90 62
90 66
90 69
90 70
90 77
90 78
90 80
90 81
90 83
90 88
90 89
90 91
90 92
90 95
90 96
91 2
91 10
91 17
91 20
91 21
91 33
91 35
91 38
91 41
91 43
91 52
91 53
91 57
91 60
91 62
91 63
91 66
91 73
91 78
91 80
91 82
91 85
91 86
91 89
91 90
91 91
91 93
91 95
91 100
92 3
92 4
92 7
92 14
92 15
92 18
92 21
92 24
92 26
92 33
92 35
92 45
92 46
92 49
92 50
92 52
92 53
92 57
92 59
92 68
92 69
92 72
92 73
92 75
92 78
92 93
92 97
92 100
93 2
93 11
93 19
93 21
93 25
93 26
93 31
93 35
93 36
93 37
93 38
93 40
93 42
93 48
93 50
93 52
93 53
93 54
93 57
93 62
93 65
93 67
93 69
93 70
93 71
93 72
93 76
93 80
93 82
93 84
93 85
93 86
93 87
93 89
93 90
93 96
93 97
93 98
93 99
94 6
94 9
94 10
94 20
94 23
94 30
94 31
94 32
94 34
94 45
94 49
94 52
94 55
94 56
94 57
94 62
94 63
94 69
94 70
94 73
94 74
94 78
94 82
94 84
94 85
94 87
94 92
94 99
95 1
95 7
95 13
95 14
95 15
95 17
95 18
95 21
95 25
95 28
95 29
95 31
95 33
95 34
95 36
95 41
95 44
95 49
95 50
95 52
95 53
95 60
95 61
95 63
95 66
95 67
95 69
95 73
95 80
95 84
95 87
95 93
95 94
95 97
96 2
96 6
96 10
96 16
96 18
96 23
96 24
96 25
96 27
96 35
96 39
96 40
96 43
96 45
96 46
96 47
96 50
96 58
96 59
96 60
96 62
96 63
96 67
96 78
96 83
96 88
96 90
96 91
96 100
97 0
97 6
97 10
97 11
97 14
97 15
97 24
97 26
97 28
97 31
97 32
97 34
97 40
97 41
97 51
97 56
97 57
97 58
97 62
97 69
97 70
97 71
97 76
97 84
97 85
97 86
97 92
97 95
97 97
97 100
98 1
98 2
98 4
98 5
98 6
98 8
98 11
98 13
98 17
98 18
98 20
98 21
98 22
98 33
98 36
98 37
98 40
98 41
98 43
98 47
98 48
98 51
98 58
98 59
98 65
98 69
98 71
98 77
98 80
98 81
98 84
98 90
98 92
98 100
99 0
99 2
99 7
99 8
99 11
99 13
99 16
99 17
99 19
99 28
99 30
99 38
99 44
99 45
99 46
99 56
99 58
99 69
99 71
99 75
99 76
99 77
99 84
99 91
99 94
99 96
99 97
100 4
100 5
100 7
100 11
100 19
100 21
100 23
100 24
100 26
100 33
100 34
100 36
100 39
100 40
100 43
100 44
100 47
100 50
100 53
100 68
100 75
100 81
100 85
100 87
100 88
100 90
100 93
100 94
100 96
100 100
