0 3
0 5
0 10
0 14
0 17
0 21
0 23
0 25
0 29
0 30
0 31
0 34
0 38
0 39
0 46
0 47
0 49
0 51
0 58
0 61
0 65
0 67
0 72
0 79
0 85
0 89
0 90
0 100
1 2
1 3
1 7
1 8
1 12
1 17
1 21
1 22
1 26
1 32
1 34
1 36
1 38
1 44
1 48
1 55
1 56
1 57
1 62
1 66
1 69
1 70
1 72
1 74
1 75
1 79
1 83
1 85
1 88
1 91
1 94
1 96
1 97
2 0
2 1
2 2
2 3
2 4
2 5
2 10
2 11
2 12
2 15
2 19
2 26
2 27
2 31
2 32
2 35
2 38
2 39
2 42
2 46
2 48
2 51
2 55
2 56
2 57
2 75
2 80
2 86
2 97
2 99
3 2
3 5
3 12
3 23
3 24
3 32
3 37
3 45
3 47
3 50
3 55
3 60
3 73
3 75
3 80
3 84
3 86
3 95
3 99
3 100
4 4
4 7
4 8
4 13
4 15
4 19
4 21
4 22
4 24
4 25
4 26
4 28
4 30
4 34
4 38
4 39
4 44
4 47
4 49
4 55
4 59
4 60
4 61
4 67
4 70
4 72
4 73
4 74
4 75
4 76
4 77
4 89
4 90
4 95
4 96
5 0
5 1
5 2
5 8
5 16
5 26
5 27
5 28
5 30
5 32
5 34
5 38
5 44
5 54
5 57
5 59
5 60
5 61
5 63
5 67
5 71
5 75
5 86
5 92
5 94
5 95
5 98
5 99
5 100
6 3
6 6
6 7
6 8
6 12
6 20
6 21
6 31
6 32
6 36
6 40
6 42
6 45
6 46
6 48
6 50
6 54
6 55
6 56
6 62
6 64
6 69
6 73
6 75
6 78
6 79
6 81
6 86
6 93
6 95
6 96
7 4
7 6
7 10
7 25
7 28
7 34
7 36
7 38
7 39
7 41
7 49
7 53
7 61
7 63
7 70
7 73
7 78
7 82
7 83
7 86
7 89
7 94
7 97
8 12
8 14
8 17
8 19
8 20
8 24
8 27
8 34
8 38
8 40
8 54
8 58
8 60
8 70
8 72
8 79
8 80
8 83
8 85
8 92
8 96
8 99
9 6
9 8
9 11
9 14
9 15
9 17
9 18
9 21
9 22
9 23
9 24
9 26
9 27
9 29
9 31
9 33
9 35
9 37
9 39
9 42
9 46
9 50
9 55
9 66
9 69
9 73
9 78
9 84
9 85
9 88
9 89
9 91
9 92
9 93
9 94
9 97
9 99
10 1
10 2
10 5
10 9
10 11
10 25
10 27
10 30
10 32
10 41
10 42
10 43
10 46
10 50
10 51
10 52
10 56
10 58
10 61
10 67
10 70
10 73
10 79
10 81
10 82
10 83
10 86
10 88
10 89
10 100
11 3
11 7
11 14
11 19
11 20
11 24
11 25
11 27
11 31
11 37
11 42
11 48
11 50
11 54
11 60
11 66
11 67
11 68
11 74
11 75
11 76
11 81
11 82
11 83
11 85
11 87
11 88
11 92
11 98
12 3
12 8
12 9
12 21
12 24
12 25
12 28
12 30
12 36
12 40
12 41
12 43
12 50
12 55
12 59
12 62
12 63
12 65
12 66
12 70
12 84
12 88
12 90
12 91
12 96
12 100
13 0
13 2
13 5
13 7
13 11
13 12
13 15
13 18
13 19
13 23
13 25
13 28
13 31
13 32
13 33
13 35
13 36
13 41
13 46
13 51
13 53
13 58
13 59
13 60
13 63
13 65
13 68
13 69
13 81
13 92
13 95
13 98
13 99
13 100
14 0
14 2
14 3
14 7
14 8
14 10
14 16
14 17
14 20
14 22
14 24
14 25
14 28
14 31
14 32
14 35
14 37
14 38
14 39
14 42
14 46
14 49
14 54
14 55
14 57
14 59
14 60
14 67
14 70
14 72
14 74
14 78
14 89
14 90
14 96
14 97
15 2
15 7
15 13
15 16
15 26
15 28
15 31
15 34
15 41
15 42
15 47
15 48
15 52
15 55
15 58
15 65
15 66
15 74
15 82
15 85
15 94
15 95
15 98
16 3
16 6
16 8
16 11
16 14
16 17
16 21
16 23
16 28
16 32
16 33
16 34
16 36
16 38
16 40
16 41
16 43
16 46
16 49
16 51
16 55
16 56
16 59
16 60
16 67
16 75
16 76
16 77
16 80
16 81
16 83
16 85
16 86
16 93
16 94
16 98
17 4
17 6
17 14
17 17
17 18
17 23
17 27
17 28
17 30
17 31
17 34
17 37
17 50
17 53
17 64
17 65
17 67
17 71
17 73
17 75
17 77
17 83
17 85
17 89
17 90
17 96
17 97
18 4
18 8
18 10
18 19
18 26
18 29
18 30
18 34
18 35
18 41
18 43
18 45
18 50
18 54
18 55
18 59
18 61
18 64
18 66
18 69
18 74
18 78
18 81
18 86
18 90
18 92
18 93
18 94
18 98
19 8
19 15
19 17
19 18
19 24
19 26
19 27
19 33
19 34
19 35
19 46
19 48
19 49
19 52
19 54
19 65
19 71
19 75
19 77
19 81
19 82
19 83
19 85
19 87
20 0
20 1
20 2
20 3
20 4
20 7
20 9
20 20
20 21
20 24
20 27
20 35
20 40
20 52
20 58
20 62
20 63
20 67
20 68
20 73
20 74
20 77
20 82
20 84
20 85
20 91
20 92
20 97
20 100
21 2
21 3
21 4
21 5
21 11
21 12
21 18
21 19
21 24
21 26
21 33
21 36
21 37
21 44
21 46
21 48
21 50
21 51
21 52
21 56
21 59
21 64
21 65
21 66
21 68
21 72
21 73
21 77
21 79
21 80
21 85
21 89
21 93
21 94
21 95
21 96
21 97
22 1
22 3
22 4
22 6
22 12
22 16
22 18
22 19
22 26
22 29
22 30
22 36
22 37
22 39
22 42
22 43
22 49
22 51
22 53
22 54
22 56
22 65
22 69
22 71
22 73
22 83
22 87
22 91
22 99
23 5
23 6
23 7
23 8
23 9
23 18
23 21
23 26
23 27
23 28
23 32
23 37
23 41
23 44
23 45
23 51
23 55
23 59
23 62
23 68
23 70
23 71
23 78
23 84
23 87
23 91
23 93
23 97
23 99
24 3
24 6
24 7
24 9
24 12
24 18
24 19
24 20
24 21
24 29
24 33
24 34
24 36
24 38
24 39
24 41
24 49
24 51
24 57
24 68
24 69
24 71
24 72
24 74
24 78
24 84
24 89
24 94
24 97
24 98
24 100
25 0
25 1
25 3
25 6
25 8
25 10
25 11
25 14
25 15
25 22
25 24
25 26
25 29
25 34
25 36
25 37
25 38
25 39
25 42
25 43
25 44
25 50
25 52
25 54
25 56
25 61
25 66
25 70
25 76
25 78
25 80
25 81
25 84
25 88
25 89
25 92
25 93
25 94
25 97
25 99
26 1
26 2
26 5
26 8
26 15
26 21
26 22
26 23
26 25
26 30
26 31
26 34
26 47
26 48
26 49
26 56
26 57
26 58
26 59
26 61
26 64
26 67
26 68
26 70
26 72
26 73
26 75
26 76
26 85
26 92
27 12
27 13
27 17
27 23
27 24
27 28
27 36
27 37
27 40
27 43
27 44
27 46
27 47
27 49
27 51
27 52
27 54
27 55
27 60
27 62
27 64
27 69
27 74
27 78
27 80
27 85
27 90
27 93
27 97
27 99
28 2
28 5
28 10
28 22
28 29
28 30
28 33
28 35
28 37
28 39
28 42
28 45
28 47
28 50
28 53
28 56
28 57
28 61
28 63
28 65
28 66
28 73
28 76
28 79
28 84
28 88
28 94
29 0
29 3
29 9
29 12
29 13
29 20
29 21
29 24
29 25
29 27
29 30
29 31
29 43
29 44
29 49
29 59
29 62
29 65
29 67
29 68
29 71
29 73
29 76
29 90
30 0
30 7
30 9
30 11
30 19
30 22
30 28
30 29
30 31
30 36
30 39
30 42
30 50
30 52
30 53
30 56
30 58
30 59
30 62
30 64
30 65
30 67
30 72
30 75
30 76
30 80
30 82
30 84
30 88
30 90
30 92
30 95
30 97
30 98
30 99
31 4
31 7
31 10
31 11
31 16
31 27
31 37
31 39
31 43
31 46
31 48
31 50
31 51
31 56
31 60
31 63
31 66
31 70
31 72
31 74
31 76
31 80
31 81
31 83
31 84
31 86
31 89
31 90
31 94
31 95
31 97
31 100
32 2
32 5
32 9
32 16
32 19
32 25
32 29
32 30
32 34
32 37
32 41
32 46
32 51
32 55
32 62
32 64
32 67
32 74
32 75
32 78
32 82
32 86
32 87
32 88
32 95
33 2
33 3
33 5
33 6
33 13
33 19
33 21
33 25
33 29
33 32
33 33
33 42
33 44
33 53
33 56
33 58
33 61
33 63
33 64
33 67
33 69
33 75
33 88
33 90
33 91
33 95
33 100
34 7
34 16
34 20
34 22
34 25
34 26
34 28
34 30
34 34
34 35
34 38
34 40
34 49
34 50
34 51
34 56
34 59
34 60
34 63
34 64
34 65
34 66
34 67
34 69
34 70
34 71
34 76
34 77
34 81
34 83
34 85
34 90
34 91
34 94
34 95
34 100
35 0
35 2
35 3
35 5
35 6
35 10
35 12
35 14
35 15
35 16
35 19
35 21
35 22
35 24
35 29
35 30
35 31
35 36
35 46
35 60
35 61
35 66
35 71
35 72
35 73
35 77
35 81
35 85
35 86
35 87
35 92
36 3
36 6
36 12
36 13
36 15
36 16
36 17
36 20
36 23
36 31
36 33
36 35
36 37
36 40
36 43
36 45
36 48
36 49
36 51
36 56
36 61
36 63
36 68
36 78
36 86
36 87
36 88
36 90
36 94
36 98
37 1
37 4
37 10
37 14
37 19
37 20
37 29
37 30
37 31
37 33
37 35
37 48
37 52
37 53
37 54
37 55
37 57
37 63
37 64
37 72
37 75
37 77
37 78
37 81
37 82
37 87
37 88
37 89
37 91
38 1
38 5
38 12
38 14
38 19
38 20
38 33
38 35
38 37
38 39
38 41
38 46
38 48
38 50
38 54
38 55
38 56
38 61
38 63
38 68
38 70
38 71
38 76
38 77
38 84
38 85
38 86
38 91
38 97
38 98
39 3
39 6
39 21
39 22
39 36
39 37
39 41
39 47
39 48
39 49
39 52
39 53
39 56
39 58
39 59
39 63
39 67
39 68
39 73
39 74
39 76
39 77
39 78
39 82
39 83
39 84
39 91
39 93
40 1
40 3
40 10
40 11
40 14
40 17
40 19
40 21
40 32
40 36
40 37
40 39
40 48
40 52
40 53
40 55
40 60
40 62
40 63
40 69
40 72
40 73
40 80
40 81
40 82
40 85
40 87
40 88
40 93
40 95
40 98
40 100
41 0
41 4
41 14
41 16
41 17
41 18
41 21
41 23
41 24
41 25
41 28
41 29
41 33
41 47
41 49
41 50
41 52
41 56
41 58
41 60
41 63
41 66
41 68
41 72
41 75
41 76
41 78
41 80
41 81
41 87
41 92
41 93
41 99
42 0
42 4
42 5
42 13
42 14
42 23
42 24
42 26
42 27
42 29
42 31
42 34
42 36
42 48
42 49
42 56
42 57
42 71
42 77
42 81
42 82
42 89
43 5
43 12
43 14
43 17
43 18
43 25
43 28
43 30
43 33
43 34
43 38
43 39
43 51
43 56
43 59
43 61
43 64
43 66
43 67
43 76
43 82
43 88
43 90
43 97
44 1
44 3
44 4
44 10
44 11
44 12
44 15
44 19
44 22
44 24
44 25
44 27
44 38
44 42
44 44
44 48
44 49
44 52
44 56
44 57
44 58
44 59
44 60
44 70
44 73
44 77
44 79
44 84
44 97
45 7
45 8
45 9
45 12
45 17
45 23
45 24
45 26
45 27
45 30
45 31
45 36
45 38
45 40
45 44
45 54
45 56
45 58
45 59
45 61
45 74
45 75
45 87
45 88
45 92
45 96
45 98
45 99
46 2
46 3
46 6
46 8
46 10
46 14
46 19
46 20
46 22
46 23
46 31
46 38
46 41
46 44
46 45
46 48
46 49
46 51
46 56
46 60
46 63
46 70
46 77
46 78
46 80
46 81
46 83
46 85
46 86
46 89
46 92
46 94
47 0
47 6
47 8
47 11
47 14
47 24
47 27
47 39
47 43
47 44
47 45
47 50
47 51
47 57
47 58
47 59
47 60
47 64
47 66
47 67
47 72
47 74
47 81
47 86
47 88
47 89
47 94
47 95
47 97
48 1
48 4
48 5
48 7
48 9
48 10
48 12
48 19
48 21
48 27
48 29
48 32
48 33
48 37
48 39
48 40
48 44
48 46
48 49
48 50
48 51
48 52
48 60
48 65
48 66
48 69
48 71
48 78
48 86
48 87
48 95
48 100
49 3
49 4
49 7
49 13
49 15
49 22
49 29
49 30
49 35
49 39
49 46
49 47
49 50
49 51
49 52
49 54
49 60
49 61
49 63
49 64
49 65
49 71
49 73
49 74
49 76
49 81
49 82
49 88
49 91
49 92
49 94
49 98
50 4
50 12
50 13
50 23
50 25
50 28
50 34
50 42
50 54
50 56
50 59
50 61
50 65
50 67
50 69
50 70
50 72
50 78
50 81
50 90
50 91
50 96
50 97
51 4
51 7
51 8
51 16
51 18
51 22
51 24
51 31
51 32
51 33
51 36
51 37
51 38
51 42
51 44
51 47
51 58
51 60
51 61
51 70
51 71
51 72
51 73
51 74
51 75
51 80
51 81
51 84
51 86
51 89
51 97
51 100
52 2
52 4
52 6
52 7
52 10
52 30
52 32
52 35
52 38
52 51
52 54
52 57
52 58
52 63
52 64
52 65
52 67
52 73
52 76
52 80
52 84
52 90
52 94
52 96
53 0
53 5
53 11
53 13
53 20
53 25
53 28
53 38
53 44
53 47
53 55
53 56
53 59
53 60
53 72
53 74
53 79
53 83
53 85
53 88
53 93
53 100
54 2
54 3
54 4
54 9
54 12
54 16
54 19
54 28
54 37
54 42
54 59
54 63
54 65
54 66
54 70
54 71
54 72
54 76
54 81
54 85
54 86
54 88
54 92
54 93
54 97
55 0
55 1
55 2
55 3
55 13
55 17
55 18
55 19
55 22
55 26
55 27
55 28
55 34
55 35
55 36
55 37
55 39
55 40
55 43
55 45
55 47
55 48
55 52
55 60
55 65
55 67
55 69
55 78
55 80
55 83
55 85
55 95
55 100
56 0
56 7
56 9
56 12
56 14
56 15
56 17
56 18
56 21
56 24
56 27
56 40
56 41
56 47
56 50
56 51
56 52
56 53
56 54
56 62
56 64
56 66
56 67
56 72
56 73
56 74
56 75
56 77
56 83
56 84
56 88
56 90
56 98
57 1
57 4
57 8
57 15
57 20
57 21
57 22
57 23
57 28
57 31
57 40
57 42
57 43
57 44
57 45
57 51
57 52
57 55
57 57
57 59
57 60
57 61
57 64
57 72
57 74
57 75
57 76
57 78
57 79
57 80
57 82
57 83
57 86
57 87
57 95
57 98
58 1
58 6
58 11
58 12
58 13
58 15
58 17
58 23
58 26
58 27
58 36
58 38
58 45
58 49
58 50
58 55
58 61
58 65
58 66
58 68
58 73
58 80
58 83
58 84
58 86
58 90
58 91
58 94
58 96
58 98
58 99
59 2
59 3
59 6
59 10
59 11
59 15
59 18
59 20
59 24
59 25
59 27
59 43
59 48
59 50
59 52
59 53
59 63
59 66
59 67
59 72
59 74
59 75
59 80
59 84
59 85
59 95
60 3
60 5
60 6
60 9
60 18
60 21
60 24
60 35
60 36
60 38
60 41
60 48
60 49
60 52
60 57
60 58
60 62
60 63
60 72
60 74
60 75
60 76
60 79
60 82
60 83
60 89
60 92
60 94
60 98
61 1
61 7
61 16
61 21
61 23
61 24
61 28
61 32
61 33
61 39
61 40
61 43
61 53
61 59
61 62
61 69
61 71
61 83
61 87
61 89
61 94
61 95
61 96
61 100
62 2
62 7
62 10
62 15
62 19
62 20
62 25
62 30
62 36
62 37
62 38
62 39
62 40
62 41
62 44
62 48
62 49
62 52
62 56
62 63
62 66
62 71
62 74
62 79
62 83
62 85
62 86
62 89
62 92
62 93
63 8
63 10
63 12
63 13
63 14
63 17
63 19
63 22
63 24
63 25
63 29
63 34
63 38
63 39
63 40
63 41
63 45
63 47
63 53
63 57
63 62
63 70
63 76
63 77
63 79
63 81
63 84
63 89
63 90
63 95
63 98
63 100
64 7
64 8
64 9
64 11
64 13
64 18
64 24
64 31
64 33
64 37
64 42
64 46
64 53
64 56
64 64
64 68
64 72
64 74
64 76
64 78
64 81
64 83
64 89
64 94
64 95
65 4
65 8
65 9
65 14
65 15
65 16
65 23
65 25
65 30
65 32
65 33
65 35
65 37
65 38
65 39
65 41
65 44
65 45
65 48
65 54
65 60
65 61
65 62
65 63
65 68
65 74
65 75
65 88
65 90
65 92
65 93
65 94
65 95
65 96
65 98
65 100
66 3
66 11
66 15
66 21
66 26
66 27
66 31
66 32
66 36
66 37
66 39
66 43
66 44
66 45
66 48
66 62
66 63
66 68
66 69
66 70
66 76
66 80
66 82
66 83
66 90
66 100
67 0
67 12
67 18
67 24
67 27
67 34
67 39
67 44
67 45
67 48
67 50
67 51
67 56
67 62
67 67
67 76
67 85
67 86
67 87
67 88
67 90
67 92
67 95
68 4
68 9
68 10
68 17
68 25
68 28
68 29
68 31
68 48
68 49
68 54
68 56
68 58
68 60
68 62
68 67
68 70
68 71
68 72
68 73
68 80
68 89
68 97
69 1
69 3
69 7
69 8
69 10
69 16
69 17
69 30
69 35
69 36
69 39
69 42
69 43
69 45
69 46
69 54
69 56
69 59
69 62
69 68
69 72
69 74
69 75
69 78
69 81
69 92
69 94
69 97
70 0
70 3
70 5
70 6
70 9
70 11
70 13
70 21
70 31
70 34
70 35
70 38
70 40
70 45
70 49
70 55
70 60
70 67
70 71
70 72
70 76
70 77
70 80
70 89
70 90
70 95
70 98
70 99
71 4
71 5
71 7
71 25
71 31
71 33
71 34
71 35
71 38
71 42
71 47
71 50
71 57
71 58
71 60
71 62
71 68
71 74
71 75
71 78
71 82
71 93
72 8
72 17
72 18
72 19
72 20
72 25
72 27
72 30
72 33
72 34
72 40
72 45
72 52
72 54
72 55
72 56
72 57
72 58
72 68
72 69
72 70
72 75
72 77
72 80
72 86
72 87
72 94
72 95
72 97
72 98
72 99
73 3
73 4
73 6
73 7
73 10
73 13
73 19
73 20
73 23
73 27
73 34
73 35
73 40
73 41
73 44
73 48
73 51
73 57
73 60
73 64
73 65
73 70
73 71
73 75
73 76
73 83
73 87
73 88
73 92
73 98
74 3
74 13
74 14
74 17
74 21
74 23
74 29
74 30
74 31
74 34
74 40
74 41
74 45
74 46
74 50
74 53
74 54
74 58
74 66
74 69
74 74
74 75
74 76
74 77
74 78
74 79
74 81
74 82
74 83
74 88
74 90
74 94
74 99
75 1
75 4
75 5
75 9
75 10
75 11
75 15
75 20
75 21
75 24
75 26
75 29
75 40
75 41
75 42
75 44
75 45
75 48
75 49
75 53
75 54
75 59
75 60
75 61
75 62
75 70
75 71
75 75
75 76
75 86
75 88
75 91
75 92
75 94
75 100
76 0
76 4
76 6
76 10
76 15
76 19
76 21
76 24
76 27
76 32
76 37
76 38
76 41
76 48
76 49
76 50
76 51
76 54
76 55
76 57
76 59
76 61
76 62
76 64
76 67
76 74
76 79
76 84
76 89
76 93
76 95
76 96
76 100
77 0
77 2
77 9
77 18
77 19
77 20
77 22
77 25
77 26
77 27
77 41
77 42
77 45
77 48
77 53
77 55
77 58
77 60
77 64
77 70
77 72
77 74
77 78
77 80
77 81
77 82
77 83
77 84
77 88
77 95
77 99
78 0
78 3
78 5
78 9
78 10
78 11
78 12
78 18
78 20
78 23
78 24
78 26
78 28
78 29
78 30
78 40
78 41
78 45
78 48
78 49
78 54
78 55
78 56
78 58
78 60
78 61
78 67
78 72
78 76
78 77
78 78
78 83
78 85
78 87
78 91
78 93
78 94
78 97
79 1
79 9
79 11
79 12
79 14
79 15
79 18
79 22
79 23
79 29
79 32
79 37
79 38
79 39
79 42
79 49
79 51
79 54
79 61
79 69
79 72
79 82
79 89
79 94
79 95
79 97
80 2
80 3
80 6
80 9
80 11
80 17
80 24
80 26
80 27
80 28
80 29
80 30
80 31
80 33
80 34
80 36
80 37
80 39
80 48
80 53
80 57
80 62
80 63
80 67
80 71
80 72
80 73
80 77
80 79
80 81
80 83
80 85
80 89
80 91
80 94
80 98
80 100
81 2
81 8
81 9
81 10
81 11
81 13
81 14
81 21
81 22
81 24
81 26
81 27
81 30
81 45
81 49
81 56
81 57
81 66
81 67
81 70
81 75
81 77
81 78
81 80
81 87
81 89
81 91
81 92
81 93
81 95
81 96
81 97
82 0
82 6
82 8
82 13
82 17
82 19
82 26
82 27
82 38
82 44
82 45
82 47
82 55
82 58
82 61
82 63
82 65
82 71
82 80
82 85
82 86
82 90
82 92
82 93
82 98
82 99
82 100
83 0
83 1
83 3
83 6
83 7
83 12
83 17
83 18
83 21
83 24
83 26
83 30
83 32
83 35
83 37
83 41
83 47
83 49
83 50
83 51
83 52
83 57
83 59
83 61
83 63
83 64
83 66
83 69
83 70
83 74
83 78
83 80
83 81
83 90
83 92
83 98
84 0
84 2
84 3
84 6
84 8
84 10
84 13
84 17
84 18
84 21
84 27
84 28
84 40
84 43
84 44
84 45
84 47
84 48
84 49
84 50
84 54
84 55
84 60
84 61
84 62
84 63
84 64
84 67
84 73
84 75
84 76
84 84
84 88
84 92
84 94
84 97
84 100
85 1
85 2
85 3
85 6
85 7
85 10
85 11
85 12
85 14
85 15
85 16
85 17
85 23
85 25
85 35
85 38
85 41
85 42
85 43
85 52
85 53
85 58
85 59
85 60
85 61
85 67
85 69
85 74
85 75
85 76
85 79
85 81
85 82
85 83
85 85
85 86
85 89
85 90
85 94
85 97
85 100
86 1
86 4
86 5
86 7
86 11
86 12
86 13
86 15
86 17
86 19
86 22
86 23
86 25
86 30
86 37
86 39
86 42
86 43
86 47
86 51
86 54
86 56
86 57
86 58
86 61
86 63
86 65
86 67
86 72
86 73
86 74
86 84
86 87
86 88
86 97
86 98
86 100
87 2
87 4
87 6
87 13
87 22
87 26
87 32
87 38
87 39
87 40
87 43
87 44
87 45
87 49
87 54
87 55
87 56
87 57
87 68
87 72
87 73
87 77
87 78
87 84
87 85
87 88
87 93
87 94
87 96
87 99
88 1
88 4
88 6
88 9
88 14
88 15
88 17
88 19
88 21
88 22
88 27
88 29
88 32
88 33
88 36
88 39
88 43
88 50
88 57
88 58
88 62
88 66
88 68
88 73
88 80
88 91
88 93
88 94
88 96
88 98
88 100
89 4
89 5
89 6
89 19
89 20
89 23
89 24
89 25
89 26
89 27
89 30
89 32
89 40
89 41
89 43
89 44
89 49
89 54
89 60
89 62
89 64
89 71
89 75
89 79
89 81
89 84
89 91
89 92
89 94
89 98
89 100
90 0
90 1
90 8
90 22
90 23
90 24
90 28
90 35
90 40
90 43
90 45
90 47
90 48
90 50
90 51
90 52
90 53
90 60
90 65
90 66
90 70
90 72
90 75
90 76
90 80
90 83
90 84
90 85
90 86
90 87
90 95
91 5
91 9
91 11
91 21
91 26
91 27
91 29
91 30
91 31
91 33
91 35
91 36
91 37
91 38
91 39
91 40
91 53
91 55
91 66
91 68
91 69
91 73
91 75
91 77
91 79
91 81
91 83
91 87
91 91
91 96
91 99
92 5
92 6
92 13
92 21
92 22
92 23
92 24
92 25
92 26
92 27
92 29
92 32
92 33
92 37
92 38
92 39
92 41
92 46
92 48
92 57
92 58
92 59
92 62
92 63
92 66
92 67
92 69
92 71
92 75
92 79
92 83
92 87
92 89
92 92
92 97
92 99
92 100
93 8
93 13
93 15
93 18
93 21
93 22
93 31
93 39
93 42
93 44
93 46
93 50
93 55
93 58
93 62
93 64
93 65
93 70
93 72
93 74
93 75
93 77
93 80
93 85
93 89
93 97
94 1
94 12
94 13
94 18
94 19
94 28
94 29
94 30
94 34
94 38
94 41
94 51
94 54
94 59
94 72
94 73
94 79
94 83
94 84
94 88
94 90
94 94
94 97
94 99
94 100
95 0
95 1
95 3
95 17
95 19
95 20
95 21
95 23
95 27
95 28
95 33
95 37
95 42
95 47
95 49
95 54
95 58
95 60
95 61
95 63
95 65
95 67
95 72
95 75
95 79
95 80
95 81
95 85
95 89
95 94
95 100
96 7
96 11
96 17
96 19
96 25
96 28
96 29
96 30
96 31
96 33
96 34
96 35
96 37
96 38
96 39
96 40
96 42
96 43
96 47
96 57
96 62
96 72
96 75
96 79
96 85
96 91
96 92
96 97
97 0
97 5
97 9
97 10
97 13
97 14
97 16
97 18
97 21
97 22
97 26
97 28
97 35
97 42
97 43
97 45
97 47
97 48
97 51
97 57
97 61
97 65
97 73
97 78
97 79
97 81
97 83
97 84
97 87
97 88
97 93
97 100
98 0
98 7
98 16
98 18
98 20
98 21
98 23
98 27
98 38
98 41
98 50
98 55
98 60
98 66
98 67
98 69
98 78
98 80
98 85
98 89
98 90
98 91
98 94
98 96
98 99
99 1
99 5
99 9
99 13
99 25
99 26
99 27
99 29
99 31
99 35
99 45
99 49
99 52
99 56
99 59
99 60
99 69
99 70
99 80
99 86
99 87
99 88
99 97
99 100
100 2
100 4
100 7
100 8
100 17
100 19
100 24
100 25
100 38
100 39
100 43
100 47
100 49
100 51
100 56
100 58
100 59
100 61
100 64
100 65
100 66
100 68
100 69
100 80
100 83
100 87
100 95
100 96
100 97
100 98
100 99
100 100
