0 4
0 7
0 15
0 16
0 23
0 25
0 26
0 30
0 34
0 35
0 37
0 41
0 43
0 44
0 49
0 50
0 54
0 56
0 57
0 58
0 60
0 70
0 74
0 83
0 84
0 89
0 91
0 92
0 93
0 94
0 95
1 1
1 2
1 11
1 16
1 22
1 24
1 25
1 27
1 34
1 39
1 42
1 43
1 46
1 51
1 61
1 62
1 67
1 68
1 78
1 81
1 93
1 94
1 99
2 0
2 5
2 8
2 9
2 12
2 15
2 16
2 19
2 20
2 25
2 28
2 31
2 33
2 39
2 40
2 42
2 46
2 50
2 53
2 54
2 55
2 57
2 58
2 63
2 66
2 72
2 75
2 88
2 91
2 96
2 98
3 1
3 2
3 3
3 8
3 12
3 13
3 16
3 17
3 18
3 19
3 20
3 23
3 29
3 30
3 31
3 33
3 38
3 40
3 49
3 54
3 55
3 59
3 60
3 63
3 74
3 80
3 84
3 87
3 91
3 92
3 94
3 95
3 98
3 99
4 1
4 2
4 5
4 8
4 10
4 12
4 16
4 21
4 24
4 28
4 31
4 34
4 35
4 36
4 37
4 41
4 49
4 51
4 53
4 56
4 59
4 70
4 75
4 77
4 78
4 80
4 88
4 93
4 95
4 99
5 0
5 9
5 10
5 11
5 14
5 15
5 17
5 19
5 20
5 23
5 29
5 33
5 35
5 36
5 39
5 42
5 43
5 44
5 47
5 55
5 58
5 59
5 67
5 75
5 81
5 82
5 87
5 91
5 92
6 0
6 3
6 4
6 6
6 17
6 19
6 25
6 26
6 29
6 35
6 39
6 41
6 44
6 45
6 49
6 53
6 55
6 60
6 66
6 76
6 79
6 81
6 83
6 89
6 95
6 96
6 98
6 99
6 100
7 3
7 4
7 16
7 20
7 24
7 25
7 34
7 36
7 37
7 40
7 46
7 50
7 57
7 63
7 64
7 68
7 69
7 72
7 76
7 79
7 87
7 93
7 96
7 98
7 99
8 2
8 4
8 6
8 7
8 10
8 13
8 21
8 32
8 33
8 39
8 40
8 41
8 42
8 43
8 46
8 50
8 53
8 56
8 58
8 61
8 63
8 65
8 66
8 72
8 73
8 74
8 80
8 81
8 85
8 89
8 91
8 93
8 95
8 97
8 98
8 99
9 0
9 1
9 6
9 10
9 11
9 13
9 15
9 17
9 19
9 27
9 30
9 35
9 39
9 49
9 56
9 60
9 61
9 63
9 74
9 75
9 78
9 80
9 82
9 83
9 85
9 92
9 94
9 96
9 97
10 3
10 8
10 11
10 16
10 18
10 19
10 21
10 23
10 26
10 28
10 35
10 40
10 41
10 43
10 46
10 52
10 53
10 58
10 60
10 63
10 64
10 65
10 68
10 70
10 71
10 72
10 74
10 85
10 86
10 92
10 93
10 99
10 100
11 0
11 4
11 5
11 7
11 8
11 9
11 19
11 21
11 24
11 29
11 30
11 32
11 34
11 37
11 39
11 41
11 45
11 46
11 47
11 56
11 58
11 61
11 64
11 66
11 69
11 73
11 80
11 81
11 84
11 90
11 91
11 92
11 96
11 98
11 99
11 100
12 1
12 3
12 5
12 6
12 9
12 10
12 11
12 12
12 23
12 29
12 31
12 32
12 34
12 38
12 45
12 46
12 48
12 49
12 50
12 51
12 59
12 60
12 61
12 62
12 63
12 66
12 74
12 79
12 80
12 92
12 95
12 96
12 100
13 3
13 5
13 6
13 10
13 11
13 14
13 15
13 16
13 17
13 18
13 25
13 26
13 28
13 30
13 36
13 38
13 42
13 46
13 48
13 49
13 50
13 51
13 58
13 67
13 68
13 70
13 71
13 72
13 74
13 75
13 79
13 81
13 82
13 84
13 85
13 87
13 91
13 93
13 95
13 99
14 3
14 5
14 6
14 19
14 22
14 23
14 28
14 35
14 39
14 40
14 41
14 42
14 43
14 46
14 47
14 51
14 52
14 57
14 60
14 63
14 76
14 77
14 80
14 88
14 96
14 100
15 3
15 6
15 7
15 8
15 11
15 27
15 28
15 30
15 34
15 35
15 38
15 41
15 42
15 53
15 59
15 60
15 64
15 66
15 67
15 69
15 70
15 71
15 74
15 78
15 81
15 86
15 87
15 88
15 89
15 94
16 0
16 2
16 5
16 9
16 10
16 16
16 17
16 24
16 25
16 31
16 33
16 35
16 42
16 48
16 52
16 60
16 63
16 66
16 69
16 72
16 73
16 76
16 79
16 80
16 81
16 83
16 86
16 87
16 91
16 97
17 1
17 2
17 4
17 7
17 8
17 14
17 17
17 19
17 20
17 22
17 23
17 24
17 27
17 29
17 34
17 37
17 38
17 42
17 43
17 45
17 46
17 47
17 49
17 52
17 59
17 61
17 70
17 74
17 81
17 83
17 84
17 86
17 88
17 90
17 94
17 95
17 96
17 99
18 0
18 5
18 14
18 19
18 25
18 26
18 27
18 30
18 32
18 36
18 45
18 47
18 50
18 51
18 52
18 56
18 62
18 64
18 67
18 68
18 69
18 77
18 80
18 83
18 85
18 88
18 89
18 92
18 100
19 14
19 15
19 27
19 30
19 32
19 33
19 34
19 35
19 36
19 40
19 45
19 46
19 49
19 50
19 52
19 56
19 58
19 68
19 77
19 80
19 84
19 89
19 93
19 99
19 100
20 1
20 10
20 17
20 19
20 23
20 24
20 26
20 27
20 28
20 32
20 40
20 44
20 50
20 53
20 55
20 60
20 67
20 72
20 74
20 75
20 77
20 79
20 81
20 88
20 91
20 92
20 93
20 94
20 100
21 0
21 4
21 9
21 10
21 12
21 14
21 16
21 26
21 31
21 32
21 34
21 36
21 37
21 43
21 47
21 49
21 50
21 51
21 52
21 53
21 54
21 56
21 57
21 62
21 63
21 66
21 72
21 73
21 84
21 90
21 96
21 100
22 0
22 3
22 7
22 15
22 17
22 19
22 21
22 28
22 38
22 44
22 52
22 53
22 65
22 69
22 72
22 80
22 83
22 84
22 90
22 93
22 94
22 95
22 97
22 99
23 1
23 7
23 10
23 11
23 13
23 18
23 22
23 23
23 32
23 33
23 34
23 35
23 37
23 39
23 46
23 49
23 56
23 58
23 59
23 60
23 66
23 69
23 71
23 74
23 76
23 77
23 88
23 95
23 98
23 100
24 0
24 3
24 9
24 13
24 14
24 21
24 26
24 28
24 30
24 32
24 34
24 41
24 45
24 46
24 49
24 65
24 68
24 69
24 78
24 79
24 81
24 84
24 85
24 88
24 89
24 91
24 92
24 95
24 96
24 97
25 2
25 3
25 5
25 6
25 7
25 10
25 11
25 13
25 23
25 32
25 33
25 34
25 37
25 40
25 43
25 44
25 45
25 47
25 48
25 50
25 54
25 64
25 66
25 69
25 71
25 72
25 75
25 76
25 79
25 84
25 87
25 97
26 0
26 3
26 4
26 5
26 7
26 9
26 10
26 13
26 15
26 17
26 28
26 32
26 34
26 36
26 38
26 40
26 43
26 46
26 47
26 48
26 52
26 58
26 59
26 64
26 65
26 66
26 72
26 74
26 76
26 77
26 85
26 86
26 88
26 89
26 90
26 91
26 95
26 97
27 1
27 4
27 7
27 11
27 12
27 16
27 18
27 19
27 21
27 23
27 25
27 28
27 30
27 34
27 37
27 40
27 45
27 48
27 49
27 58
27 61
27 67
27 69
27 75
27 76
27 77
27 78
27 81
27 82
27 84
27 87
27 88
27 89
27 90
27 91
27 92
28 1
28 2
28 5
28 10
28 15
28 20
28 21
28 26
28 31
28 34
28 38
28 43
28 46
28 51
28 66
28 71
28 73
28 79
28 80
28 81
28 84
28 86
28 97
28 99
29 0
29 1
29 3
29 4
29 5
29 6
29 7
29 10
29 14
29 21
29 22
29 25
29 26
29 27
29 28
29 36
29 38
29 46
29 51
29 52
29 62
29 63
29 64
29 67
29 69
29 70
29 71
29 76
29 78
29 79
29 80
29 84
29 86
29 87
29 88
29 90
29 92
29 99
30 1
30 6
30 8
30 9
30 17
30 21
30 23
30 27
30 28
30 30
30 33
30 36
30 37
30 38
30 46
30 48
30 49
30 50
30 53
30 56
30 62
30 66
30 68
30 69
30 70
30 72
30 73
30 74
30 76
30 78
30 81
30 83
30 86
30 87
30 93
30 95
30 97
30 98
30 99
30 100
31 2
31 4
31 5
31 7
31 14
31 15
31 20
31 21
31 24
31 26
31 29
31 31
31 32
31 33
31 34
31 36
31 51
31 57
31 62
31 63
31 66
31 67
31 71
31 72
31 75
31 77
31 79
31 82
31 83
31 86
31 87
31 90
31 92
31 98
31 99
32 0
32 5
32 6
32 7
32 8
32 13
32 23
32 29
32 34
32 36
32 43
32 44
32 48
32 58
32 62
32 64
32 67
32 71
32 72
32 73
32 74
32 78
32 81
32 83
32 84
32 87
33 1
33 7
33 13
33 14
33 17
33 18
33 19
33 20
33 25
33 26
33 27
33 28
33 35
33 36
33 38
33 46
33 49
33 50
33 51
33 54
33 57
33 61
33 63
33 74
33 75
33 77
33 81
33 91
33 97
33 99
34 0
34 1
34 2
34 5
34 6
34 8
34 9
34 11
34 14
34 18
34 21
34 28
34 30
34 34
34 45
34 46
34 49
34 50
34 51
34 54
34 57
34 61
34 65
34 68
34 71
34 75
34 76
34 85
34 88
34 92
34 96
34 98
34 99
35 0
35 1
35 3
35 8
35 9
35 13
35 15
35 16
35 21
35 22
35 23
35 27
35 29
35 31
35 33
35 34
35 45
35 47
35 50
35 51
35 52
35 55
35 63
35 70
35 76
35 80
35 83
35 84
35 88
35 92
35 96
36 0
36 4
36 5
36 6
36 12
36 15
36 16
36 18
36 21
36 37
36 39
36 41
36 42
36 44
36 54
36 55
36 57
36 58
36 60
36 64
36 67
36 70
36 72
36 75
36 78
36 82
36 93
36 97
37 1
37 2
37 5
37 10
37 12
37 14
37 15
37 29
37 32
37 34
37 35
37 36
37 37
37 39
37 45
37 46
37 47
37 59
37 62
37 63
37 69
37 70
37 71
37 73
37 75
37 76
37 85
37 87
37 88
37 96
37 99
37 100
38 0
38 3
38 4
38 7
38 9
38 15
38 17
38 22
38 26
38 29
38 32
38 36
38 39
38 40
38 47
38 50
38 61
38 65
38 71
38 78
38 80
38 81
38 84
38 88
38 89
38 93
38 95
38 98
38 99
38 100
39 1
39 4
39 5
39 15
39 16
39 20
39 26
39 30
39 31
39 33
39 37
39 38
39 45
39 46
39 53
39 54
39 63
39 73
39 74
39 78
39 84
39 85
39 86
39 87
39 88
39 90
39 97
39 98
39 99
40 1
40 3
40 4
40 7
40 11
40 13
40 14
40 16
40 20
40 21
40 22
40 23
40 24
40 26
40 31
40 32
40 35
40 37
40 40
40 41
40 42
40 43
40 44
40 50
40 51
40 52
40 54
40 56
40 58
40 66
40 67
40 68
40 78
40 82
40 84
40 85
40 86
40 94
40 95
40 97
41 0
41 9
41 12
41 13
41 15
41 17
41 19
41 20
41 25
41 26
41 33
41 34
41 43
41 45
41 46
41 47
41 66
41 69
41 70
41 71
41 74
41 79
41 81
41 86
41 87
41 92
41 94
41 95
42 5
42 9
42 11
42 16
42 36
42 37
42 38
42 40
42 42
42 44
42 50
42 53
42 54
42 57
42 59
42 60
42 61
42 72
42 73
42 74
42 86
42 87
42 88
42 90
42 100
43 0
43 5
43 7
43 10
43 14
43 15
43 21
43 28
43 42
43 43
43 44
43 46
43 50
43 51
43 52
43 59
43 61
43 63
43 64
43 66
43 70
43 73
43 80
43 81
43 91
43 93
43 95
44 1
44 3
44 6
44 18
44 19
44 21
44 32
44 36
44 42
44 43
44 46
44 49
44 50
44 57
44 61
44 68
44 73
44 74
44 76
44 79
44 80
44 84
44 85
44 86
44 88
44 90
44 93
45 4
45 5
45 7
45 10
45 11
45 12
45 24
45 25
45 28
45 33
45 34
45 37
45 39
45 41
45 42
45 46
45 47
45 48
45 52
45 61
45 62
45 71
45 72
45 73
45 86
45 89
45 90
45 95
45 96
45 100
46 8
46 10
46 11
46 13
46 15
46 18
46 21
46 22
46 23
46 27
46 28
46 29
46 33
46 39
46 40
46 41
46 42
46 50
46 52
46 53
46 55
46 61
46 62
46 65
46 68
46 74
46 78
46 79
46 81
46 85
46 86
46 87
46 100
47 1
47 4
47 6
47 7
47 8
47 10
47 11
47 12
47 13
47 15
47 16
47 17
47 38
47 39
47 42
47 44
47 45
47 48
47 49
47 51
47 52
47 54
47 55
47 62
47 65
47 69
47 70
47 72
47 74
47 76
47 82
47 88
47 90
47 94
47 97
48 2
48 3
48 5
48 13
48 23
48 24
48 26
48 28
48 39
48 44
48 47
48 54
48 56
48 58
48 62
48 63
48 64
48 66
48 71
48 77
48 78
48 85
48 86
48 87
48 89
48 96
48 98
49 3
49 6
49 11
49 14
49 23
49 28
49 29
49 30
49 33
49 35
49 36
49 44
49 45
49 54
49 57
49 60
49 61
49 62
49 64
49 65
49 66
49 67
49 69
49 74
49 75
49 80
49 81
49 82
49 84
49 87
49 88
49 90
49 93
49 95
49 98
49 99
49 100
50 3
50 11
50 13
50 14
50 23
50 25
50 27
50 28
50 30
50 34
50 42
50 44
50 46
50 50
50 57
50 63
50 66
50 69
50 74
50 78
50 82
50 83
50 85
50 86
50 88
50 89
50 92
50 95
50 97
51 1
51 2
51 6
51 7
51 9
51 10
51 18
51 20
51 22
51 23
51 26
51 30
51 31
51 32
51 35
51 37
51 48
51 50
51 51
51 57
51 58
51 59
51 60
51 62
51 64
51 66
51 70
51 72
51 73
51 77
51 83
51 89
51 91
51 92
51 94
51 96
51 97
51 98
52 4
52 5
52 10
52 11
52 14
52 16
52 28
52 29
52 31
52 32
52 33
52 39
52 41
52 44
52 45
52 52
52 54
52 57
52 58
52 59
52 60
52 61
52 63
52 64
52 65
52 68
52 77
52 79
52 86
52 87
52 91
52 92
52 95
52 98
52 100
53 0
53 1
53 2
53 4
53 12
53 14
53 17
53 22
53 24
53 28
53 30
53 31
53 32
53 33
53 34
53 41
53 42
53 43
53 44
53 45
53 47
53 50
53 51
53 53
53 56
53 59
53 60
53 65
53 67
53 69
53 72
53 73
53 74
53 75
53 77
53 78
53 85
53 88
53 91
53 97
53 100
54 0
54 5
54 11
54 19
54 21
54 29
54 32
54 36
54 47
54 49
54 51
54 53
54 54
54 62
54 63
54 64
54 68
54 70
54 71
54 72
54 73
54 78
54 82
54 83
54 85
54 88
54 92
54 94
54 96
54 98
55 2
55 5
55 8
55 9
55 22
55 28
55 29
55 30
55 32
55 33
55 47
55 51
55 52
55 60
55 67
55 68
55 72
55 75
55 76
55 78
55 81
55 82
55 90
55 94
55 95
56 0
56 5
56 7
56 10
56 11
56 12
56 18
56 19
56 21
56 23
56 34
56 41
56 42
56 46
56 60
56 64
56 66
56 68
56 69
56 72
56 73
56 82
56 85
56 88
56 91
57 2
57 4
57 5
57 11
57 15
57 16
57 17
57 22
57 23
57 29
57 39
57 41
57 42
57 45
57 46
57 50
57 51
57 53
57 55
57 57
57 67
57 68
57 69
57 76
57 78
57 79
57 80
57 85
57 86
57 93
58 4
58 5
58 9
58 18
58 20
58 22
58 24
58 33
58 35
58 36
58 37
58 38
58 51
58 52
58 65
58 70
58 72
58 82
58 85
58 87
58 89
58 90
58 94
59 1
59 2
59 3
59 4
59 7
59 8
59 10
59 12
59 16
59 17
59 27
59 28
59 30
59 32
59 34
59 44
59 45
59 47
59 49
59 50
59 51
59 52
59 60
59 66
59 71
59 72
59 79
59 80
59 85
59 88
59 89
59 91
59 95
59 97
60 0
60 2
60 3
60 6
60 8
60 9
60 10
60 25
60 26
60 28
60 32
60 34
60 35
60 36
60 48
60 54
60 59
60 63
60 65
60 69
60 74
60 76
60 78
60 79
60 80
60 84
60 85
60 91
60 96
61 5
61 6
61 8
61 11
61 12
61 13
61 14
61 16
61 17
61 18
61 21
61 22
61 23
61 27
61 28
61 29
61 34
61 38
61 42
61 50
61 54
61 55
61 56
61 57
61 60
61 65
61 66
61 68
61 71
61 73
61 74
61 78
61 79
61 82
61 87
61 88
61 93
61 96
61 97
61 100
62 1
62 3
62 4
62 10
62 12
62 14
62 18
62 27
62 28
62 35
62 39
62 41
62 45
62 47
62 62
62 66
62 67
62 69
62 70
62 77
62 84
62 95
62 98
63 0
63 1
63 5
63 7
63 9
63 14
63 17
63 21
63 29
63 30
63 34
63 45
63 48
63 54
63 55
63 57
63 60
63 65
63 66
63 74
63 80
63 82
63 86
63 88
63 94
63 97
63 99
64 0
64 1
64 3
64 4
64 8
64 9
64 17
64 18
64 31
64 32
64 33
64 35
64 40
64 44
64 45
64 51
64 54
64 55
64 57
64 60
64 61
64 66
64 70
64 77
64 84
64 87
64 88
64 93
64 96
64 97
65 1
65 5
65 6
65 7
65 20
65 29
65 33
65 42
65 45
65 48
65 49
65 57
65 58
65 60
65 62
65 69
65 75
65 78
65 82
65 85
65 88
65 89
65 92
65 96
65 99
66 7
66 8
66 9
66 11
66 13
66 14
66 16
66 20
66 22
66 24
66 25
66 31
66 35
66 36
66 39
66 40
66 46
66 54
66 57
66 58
66 62
66 71
66 72
66 73
66 74
66 75
66 77
66 79
66 80
66 84
66 91
66 95
67 3
67 6
67 10
67 11
67 15
67 24
67 25
67 31
67 53
67 57
67 59
67 61
67 65
67 66
67 70
67 73
67 74
67 75
67 84
67 85
67 88
67 89
67 92
67 100
68 3
68 4
68 5
68 7
68 13
68 19
68 23
68 24
68 26
68 29
68 34
68 36
68 46
68 48
68 53
68 54
68 60
68 63
68 65
68 68
68 70
68 74
68 75
68 76
68 77
68 78
68 79
68 81
68 92
68 99
69 2
69 3
69 7
69 12
69 14
69 19
69 20
69 26
69 27
69 31
69 35
69 44
69 45
69 46
69 49
69 50
69 52
69 57
69 63
69 72
69 75
69 81
69 84
69 86
69 90
69 92
69 96
69 99
69 100
70 3
70 5
70 6
70 11
70 12
70 13
70 17
70 19
70 22
70 25
70 28
70 33
70 37
70 41
70 44
70 47
70 49
70 50
70 54
70 55
70 57
70 59
70 62
70 64
70 70
70 73
70 74
70 75
70 79
70 80
70 83
70 84
70 87
70 89
70 90
70 91
71 0
71 5
71 12
71 19
71 22
71 24
71 27
71 28
71 35
71 40
71 41
71 44
71 49
71 52
71 63
71 65
71 67
71 70
71 73
71 75
71 79
71 83
72 3
72 6
72 9
72 12
72 13
72 14
72 18
72 26
72 28
72 30
72 37
72 38
72 42
72 43
72 50
72 51
72 56
72 60
72 63
72 66
72 73
72 75
72 79
72 80
72 90
72 91
72 97
73 0
73 1
73 3
73 7
73 8
73 13
73 18
73 25
73 30
73 31
73 32
73 33
73 34
73 40
73 42
73 46
73 61
73 62
73 63
73 65
73 66
73 68
73 69
73 72
73 74
73 76
73 78
73 85
73 88
73 99
74 4
74 6
74 8
74 9
74 11
74 12
74 13
74 16
74 17
74 23
74 24
74 25
74 32
74 33
74 36
74 38
74 41
74 43
74 48
74 53
74 54
74 63
74 64
74 66
74 69
74 70
74 71
74 81
74 82
74 83
74 85
75 4
75 12
75 27
75 36
75 37
75 40
75 43
75 44
75 46
75 50
75 51
75 66
75 67
75 71
75 72
75 74
75 75
75 77
75 79
75 80
75 83
75 86
75 87
75 90
75 98
75 99
76 3
76 5
76 8
76 17
76 18
76 19
76 20
76 22
76 23
76 24
76 30
76 31
76 34
76 35
76 36
76 39
76 40
76 41
76 42
76 48
76 50
76 51
76 54
76 56
76 58
76 61
76 66
76 67
76 69
76 70
76 77
76 94
76 97
76 98
76 100
77 1
77 4
77 11
77 12
77 18
77 19
77 20
77 21
77 22
77 23
77 26
77 28
77 29
77 30
77 35
77 37
77 38
77 39
77 40
77 43
77 49
77 54
77 55
77 57
77 64
77 69
77 75
77 77
77 78
77 82
77 86
77 90
77 94
77 98
77 99
77 100
78 1
78 2
78 4
78 5
78 9
78 20
78 23
78 24
78 27
78 29
78 32
78 33
78 41
78 44
78 45
78 48
78 51
78 53
78 56
78 57
78 64
78 68
78 70
78 73
78 76
78 78
78 79
78 87
78 88
78 90
78 92
78 93
78 96
78 99
79 1
79 4
79 9
79 10
79 13
79 14
79 16
79 17
79 18
79 25
79 28
79 29
79 40
79 43
79 47
79 50
79 56
79 58
79 64
79 65
79 66
79 74
79 75
79 78
79 80
79 83
79 86
79 89
79 90
79 92
79 93
79 94
79 96
80 3
80 12
80 14
80 15
80 17
80 18
80 19
80 20
80 21
80 24
80 29
80 31
80 32
80 35
80 44
80 47
80 51
80 65
80 66
80 68
80 72
80 73
80 75
80 80
80 83
80 88
80 89
80 97
81 2
81 13
81 15
81 17
81 19
81 21
81 23
81 32
81 34
81 36
81 37
81 38
81 40
81 48
81 54
81 60
81 61
81 62
81 66
81 70
81 75
81 83
81 84
81 92
81 93
81 96
81 98
81 100
82 5
82 7
82 14
82 16
82 19
82 20
82 23
82 24
82 25
82 27
82 28
82 29
82 30
82 32
82 34
82 35
82 44
82 46
82 48
82 53
82 54
82 58
82 59
82 60
82 64
82 65
82 66
82 69
82 70
82 72
82 74
82 75
82 76
83 0
83 10
83 11
83 13
83 21
83 24
83 34
83 35
83 40
83 43
83 50
83 55
83 56
83 58
83 59
83 62
83 66
83 72
83 75
83 77
83 78
83 80
83 82
83 88
83 90
83 91
83 93
83 94
83 98
84 0
84 2
84 3
84 13
84 15
84 16
84 22
84 29
84 32
84 33
84 37
84 38
84 39
84 41
84 42
84 45
84 46
84 47
84 56
84 57
84 70
84 78
84 80
84 83
84 88
84 92
84 95
84 100
85 1
85 14
85 16
85 20
85 21
85 22
85 31
85 34
85 37
85 38
85 42
85 45
85 48
85 49
85 51
85 54
85 60
85 66
85 71
85 72
85 73
85 74
85 77
85 78
85 80
85 81
85 83
85 86
85 89
85 90
85 91
85 92
85 94
85 97
85 100
86 0
86 2
86 5
86 7
86 8
86 13
86 26
86 27
86 29
86 38
86 41
86 43
86 49
86 51
86 52
86 55
86 56
86 60
86 61
86 64
86 65
86 66
86 73
86 75
86 78
86 79
86 80
86 83
86 87
86 90
86 94
86 99
87 0
87 3
87 4
87 8
87 9
87 11
87 14
87 17
87 18
87 21
87 22
87 32
87 37
87 39
87 40
87 42
87 46
87 48
87 49
87 50
87 53
87 54
87 55
87 56
87 58
87 65
87 67
87 68
87 70
87 71
87 73
87 77
87 80
87 81
87 85
87 89
87 90
87 91
87 93
87 100
88 1
88 3
88 5
88 7
88 8
88 14
88 16
88 20
88 22
88 23
88 26
88 30
88 36
88 37
88 38
88 40
88 45
88 46
88 56
88 59
88 62
88 69
88 70
88 75
88 80
88 81
88 93
88 95
88 97
89 2
89 4
89 6
89 10
89 11
89 15
89 19
89 23
89 26
89 29
89 33
89 38
89 39
89 42
89 49
89 51
89 60
89 62
89 63
89 75
89 78
89 79
89 80
89 81
89 86
89 87
89 88
89 89
89 91
90 1
90 8
90 13
90 16
90 26
90 28
90 31
90 41
90 42
90 50
90 55
90 56
90 68
90 73
90 74
90 82
90 83
90 84
90 86
90 87
90 88
90 89
90 93
91 2
91 7
91 11
91 12
91 16
91 25
91 27
91 28
91 36
91 37
91 39
91 46
91 49
91 50
91 52
91 63
91 64
91 68
91 69
91 71
91 72
91 73
91 75
91 76
91 83
91 84
91 85
91 87
91 90
91 91
91 92
91 93
91 99
92 1
92 3
92 6
92 15
92 16
92 17
92 19
92 20
92 21
92 24
92 26
92 29
92 43
92 59
92 60
92 62
92 63
92 68
92 73
92 76
92 79
92 85
92 89
92 90
92 91
92 93
92 94
92 97
92 98
93 2
93 11
93 15
93 18
93 19
93 20
93 21
93 24
93 25
93 27
93 34
93 38
93 40
93 42
93 43
93 45
93 48
93 55
93 57
93 63
93 65
93 67
93 72
93 74
93 78
93 80
93 84
93 88
93 100
94 4
94 9
94 11
94 14
94 18
94 19
94 21
94 22
94 26
94 28
94 30
94 32
94 35
94 36
94 38
94 43
94 48
94 49
94 59
94 63
94 64
94 71
94 77
94 80
94 83
94 84
94 85
94 86
94 88
94 90
94 91
94 95
94 97
94 100
95 1
95 2
95 3
95 5
95 9
95 13
95 17
95 20
95 24
95 25
95 28
95 30
95 31
95 37
95 39
95 42
95 45
95 46
95 48
95 50
95 55
95 58
95 59
95 66
95 70
95 71
95 73
95 74
95 77
95 83
95 85
95 90
95 92
95 97
95 98
96 3
96 5
96 6
96 9
96 11
96 17
96 26
96 31
96 33
96 37
96 39
96 45
96 50
96 58
96 59
96 62
96 63
96 69
96 70
96 71
96 73
96 75
96 79
96 85
96 90
96 91
96 94
97 5
97 7
97 9
97 12
97 16
97 17
97 26
97 29
97 34
97 35
97 40
97 41
97 45
97 47
97 50
97 60
97 64
97 70
97 75
97 76
97 79
97 81
97 83
97 88
97 93
97 98
98 0
98 1
98 9
98 12
98 15
98 33
98 34
98 37
98 38
98 39
98 44
98 52
98 56
98 59
98 60
98 61
98 63
98 64
98 69
98 70
98 76
98 78
98 80
98 83
98 86
98 89
98 90
98 92
98 96
98 100
99 1
99 2
99 3
99 4
99 11
99 17
99 21
99 24
99 25
99 29
99 30
99 34
99 35
99 49
99 55
99 62
99 65
99 72
99 73
99 76
99 77
99 80
99 85
99 87
99 88
100 0
100 5
100 7
100 9
100 13
100 16
100 23
100 24
100 27
100 32
100 35
100 36
100 41
100 48
100 50
100 54
100 55
100 57
100 60
100 62
100 64
100 65
100 68
100 72
100 74
100 82
100 84
100 86
100 89
100 92
100 97
