0 0
0 2
0 4
0 5
0 7
0 8
0 11
0 14
0 15
0 17
0 18
0 19
0 23
0 28
0 29
0 30
0 31
0 33
0 36
0 50
0 57
0 63
0 72
0 74
0 84
0 86
0 89
0 95
0 97
0 99
1 3
1 7
1 12
1 15
1 16
1 17
1 18
1 36
1 41
1 46
1 49
1 50
1 65
1 67
1 72
1 75
1 76
1 78
1 80
1 84
1 90
1 97
1 99
1 100
2 0
2 2
2 3
2 11
2 15
2 18
2 27
2 33
2 34
2 40
2 48
2 49
2 51
2 52
2 55
2 57
2 58
2 59
2 60
2 65
2 67
2 73
2 75
2 81
2 82
2 89
2 95
2 99
3 0
3 3
3 4
3 5
3 6
3 7
3 8
3 13
3 14
3 26
3 27
3 29
3 33
3 35
3 37
3 39
3 43
3 47
3 49
3 52
3 54
3 55
3 56
3 62
3 67
3 68
3 72
3 81
3 84
3 85
3 86
3 88
3 90
3 92
3 94
3 96
3 98
3 99
3 100
4 2
4 3
4 13
4 15
4 18
4 19
4 20
4 25
4 26
4 27
4 28
4 31
4 32
4 33
4 35
4 50
4 52
4 55
4 60
4 61
4 71
4 78
4 81
4 83
4 85
4 86
4 87
4 92
4 96
4 99
5 5
5 8
5 12
5 15
5 20
5 26
5 27
5 29
5 32
5 38
5 40
5 43
5 44
5 48
5 49
5 50
5 52
5 54
5 63
5 69
5 72
5 74
5 75
5 84
5 85
5 89
5 90
5 94
5 95
5 97
6 1
6 5
6 6
6 12
6 13
6 14
6 15
6 20
6 24
6 28
6 33
6 39
6 40
6 49
6 54
6 56
6 57
6 58
6 60
6 63
6 64
6 71
6 72
6 77
6 79
6 84
6 87
6 92
6 94
6 95
6 99
7 2
7 4
7 7
7 13
7 16
7 20
7 25
7 27
7 32
7 34
7 35
7 36
7 40
7 43
7 44
7 46
7 49
7 63
7 68
7 71
7 74
7 76
7 78
7 81
7 86
7 88
7 91
7 92
7 94
7 99
7 100
8 1
8 3
8 5
8 22
8 23
8 24
8 25
8 27
8 30
8 31
8 43
8 49
8 51
8 52
8 59
8 68
8 70
8 71
8 76
8 89
8 93
8 95
8 98
8 100
9 2
9 3
9 8
9 10
9 14
9 20
9 24
9 25
9 26
9 40
9 45
9 46
9 48
9 49
9 51
9 52
9 61
9 68
9 69
9 70
9 72
9 76
9 78
9 80
9 82
9 83
9 84
9 85
9 86
9 95
9 98
10 4
10 20
10 21
10 25
10 30
10 41
10 45
10 49
10 52
10 53
10 54
10 59
10 63
10 75
10 77
10 79
10 80
10 88
10 89
10 94
10 98
10 99
10 100
11 0
11 3
11 6
11 17
11 25
11 31
11 36
11 37
11 41
11 44
11 46
11 57
11 61
11 62
11 65
11 73
11 74
11 75
11 76
11 83
11 87
11 89
11 90
11 95
11 96
11 97
11 99
12 1
12 15
12 16
12 18
12 21
12 23
12 24
12 29
12 30
12 31
12 34
12 39
12 42
12 45
12 46
12 48
12 50
12 51
12 56
12 58
12 59
12 64
12 65
12 68
12 73
12 76
12 77
12 80
12 85
12 89
12 90
12 92
12 94
12 96
12 99
12 100
13 4
13 6
13 15
13 19
13 23
13 25
13 26
13 37
13 44
13 45
13 47
13 56
13 59
13 60
13 64
13 84
13 87
13 91
13 94
13 95
13 99
14 2
14 5
14 7
14 12
14 13
14 18
14 21
14 25
14 26
14 30
14 47
14 56
14 63
14 64
14 67
14 69
14 70
14 72
14 75
14 82
14 83
14 90
14 93
15 1
15 2
15 3
15 7
15 8
15 9
15 11
15 13
15 18
15 23
15 24
15 27
15 32
15 35
15 37
15 38
15 41
15 44
15 54
15 55
15 57
15 59
15 61
15 63
15 66
15 72
15 77
15 80
15 83
15 87
15 89
15 90
15 93
15 98
15 100
16 1
16 4
16 6
16 11
16 12
16 19
16 22
16 23
16 24
16 25
16 27
16 28
16 34
16 38
16 47
16 48
16 52
16 55
16 56
16 57
16 58
16 62
16 64
16 65
16 74
16 79
16 81
16 82
16 84
16 87
16 95
16 99
17 0
17 1
17 4
17 8
17 9
17 11
17 15
17 20
17 21
17 26
17 30
17 31
17 39
17 43
17 45
17 48
17 49
17 56
17 58
17 59
17 61
17 62
17 67
17 72
17 75
17 76
17 81
17 84
17 87
17 90
17 93
17 94
17 98
18 1
18 2
18 3
18 4
18 14
18 20
18 21
18 22
18 23
18 25
18 26
18 28
18 30
18 31
18 36
18 38
18 39
18 42
18 49
18 52
18 54
18 57
18 60
18 61
18 63
18 70
18 72
18 74
18 78
18 83
18 92
18 94
18 98
18 99
19 2
19 3
19 6
19 14
19 26
19 30
19 36
19 39
19 41
19 43
19 49
19 55
19 59
19 60
19 65
19 70
19 71
19 72
19 76
19 77
19 78
19 79
19 82
19 83
19 86
19 87
19 88
19 96
19 97
19 99
19 100
20 2
20 4
20 8
20 11
20 23
20 24
20 25
20 26
20 29
20 33
20 35
20 38
20 47
20 48
20 49
20 51
20 52
20 53
20 54
20 56
20 58
20 63
20 65
20 70
20 77
20 80
20 85
20 88
20 90
20 92
20 94
21 10
21 11
21 12
21 13
21 14
21 16
21 17
21 18
21 23
21 26
21 28
21 35
21 38
21 41
21 45
21 56
21 63
21 64
21 65
21 68
21 70
21 71
21 81
21 84
21 85
21 90
21 94
21 97
22 0
22 6
22 9
22 13
22 14
22 19
22 20
22 22
22 24
22 29
22 30
22 44
22 45
22 48
22 50
22 53
22 54
22 55
22 56
22 57
22 60
22 65
22 71
22 73
22 76
22 80
22 81
22 82
22 89
22 90
22 92
22 95
22 96
22 100
23 1
23 3
23 7
23 9
23 10
23 11
23 14
23 20
23 27
23 28
23 29
23 32
23 33
23 38
23 39
23 41
23 42
23 43
23 44
23 46
23 51
23 54
23 57
23 63
23 65
23 69
23 73
23 77
23 80
23 83
23 84
23 91
23 94
23 98
23 99
23 100
24 4
24 7
24 11
24 14
24 22
24 23
24 25
24 29
24 31
24 32
24 33
24 34
24 37
24 38
24 41
24 44
24 45
24 47
24 52
24 54
24 55
24 58
24 69
24 72
24 74
24 76
24 77
24 81
24 82
24 88
24 90
24 92
24 94
24 99
25 1
25 2
25 4
25 11
25 14
25 15
25 20
25 25
25 26
25 27
25 28
25 39
25 40
25 41
25 42
25 45
25 49
25 52
25 54
25 56
25 59
25 64
25 68
25 69
25 72
25 73
25 79
25 84
25 85
25 89
26 2
26 3
26 4
26 9
26 11
26 13
26 14
26 16
26 21
26 24
26 29
26 31
26 33
26 35
26 39
26 45
26 49
26 51
26 53
26 55
26 59
26 61
26 63
26 64
26 65
26 74
26 79
26 80
26 88
26 95
26 96
27 0
27 4
27 8
27 14
27 23
27 24
27 41
27 44
27 55
27 61
27 62
27 63
27 66
27 69
27 74
27 76
27 77
27 79
27 83
27 87
27 92
27 93
28 1
28 4
28 8
28 11
28 13
28 14
28 19
28 20
28 23
28 24
28 27
28 29
28 38
28 41
28 43
28 44
28 45
28 47
28 48
28 49
28 54
28 58
28 60
28 68
28 77
28 81
28 83
28 85
28 90
28 92
28 93
28 94
28 95
28 97
28 98
29 0
29 1
29 6
29 12
29 15
29 16
29 17
29 19
29 21
29 30
29 37
29 40
29 44
29 49
29 51
29 55
29 56
29 61
29 69
29 72
29 74
29 75
29 78
29 79
29 81
29 82
29 90
29 92
29 100
30 3
30 6
30 19
30 21
30 25
30 26
30 27
30 28
30 30
30 32
30 33
30 34
30 39
30 41
30 43
30 51
30 52
30 58
30 59
30 62
30 63
30 64
30 71
30 76
30 79
30 80
30 82
30 83
30 86
30 87
30 88
30 96
31 4
31 5
31 7
31 10
31 11
31 14
31 17
31 18
31 19
31 25
31 26
31 29
31 38
31 41
31 42
31 49
31 51
31 56
31 59
31 62
31 64
31 65
31 66
31 68
31 70
31 75
31 76
31 83
31 85
31 89
31 91
31 93
31 96
31 100
32 0
32 14
32 15
32 17
32 19
32 25
32 37
32 40
32 47
32 49
32 50
32 53
32 54
32 61
32 62
32 65
32 79
32 80
32 82
32 84
32 86
32 87
32 89
32 95
32 97
32 100
33 5
33 7
33 9
33 11
33 14
33 16
33 17
33 21
33 24
33 25
33 28
33 29
33 32
33 39
33 41
33 42
33 47
33 50
33 58
33 67
33 69
33 70
33 72
33 73
33 74
33 80
33 83
33 93
33 98
34 1
34 3
34 5
34 6
34 7
34 10
34 12
34 15
34 21
34 22
34 24
34 32
34 38
34 42
34 43
34 45
34 50
34 51
34 56
34 59
34 64
34 65
34 67
34 69
34 72
34 73
34 75
34 77
34 83
34 87
34 88
34 89
34 94
34 95
34 96
34 99
35 4
35 6
35 8
35 17
35 23
35 26
35 29
35 31
35 43
35 44
35 46
35 49
35 50
35 59
35 63
35 66
35 68
35 72
35 74
35 75
35 78
35 87
35 96
35 99
35 100
36 0
36 7
36 9
36 12
36 13
36 15
36 17
36 23
36 27
36 28
36 31
36 33
36 36
36 37
36 39
36 40
36 41
36 42
36 47
36 48
36 52
36 53
36 54
36 56
36 72
36 74
36 78
36 79
36 81
36 82
36 83
36 88
36 92
36 93
36 98
36 100
37 5
37 7
37 11
37 17
37 18
37 20
37 21
37 22
37 25
37 26
37 31
37 35
37 39
37 40
37 47
37 48
37 49
37 50
37 51
37 55
37 58
37 66
37 75
37 77
37 82
37 83
37 91
37 94
37 95
37 100
38 4
38 11
38 14
38 16
38 20
38 22
38 24
38 26
38 31
38 32
38 38
38 47
38 48
38 50
38 51
38 57
38 60
38 61
38 63
38 64
38 68
38 69
38 71
38 73
38 74
38 80
38 85
38 86
38 87
38 96
38 98
39 4
39 19
39 21
39 29
39 30
39 35
39 38
39 39
39 43
39 44
39 47
39 52
39 61
39 63
39 64
39 65
39 71
39 72
39 73
39 79
39 80
39 82
39 84
39 85
39 87
39 90
39 96
40 2
40 4
40 9
40 15
40 19
40 20
40 21
40 23
40 25
40 33
40 35
40 39
40 43
40 51
40 52
40 61
40 63
40 65
40 66
40 68
40 77
40 78
40 79
40 80
40 85
40 90
40 96
41 0
41 5
41 10
41 23
41 25
41 31
41 32
41 34
41 36
41 40
41 45
41 49
41 54
41 56
41 63
41 64
41 67
41 68
41 69
41 75
41 77
41 78
41 82
41 87
41 89
41 96
41 98
42 1
42 3
42 8
42 13
42 18
42 20
42 25
42 31
42 38
42 43
42 44
42 46
42 48
42 49
42 50
42 54
42 58
42 63
42 68
42 72
42 75
42 76
42 83
42 88
42 99
43 7
43 9
43 10
43 15
43 20
43 21
43 22
43 23
43 25
43 29
43 30
43 32
43 33
43 36
43 37
43 46
43 54
43 57
43 75
43 76
43 86
43 88
43 89
43 93
43 94
43 97
43 98
43 99
43 100
44 0
44 3
44 8
44 9
44 12
44 16
44 18
44 21
44 25
44 29
44 30
44 31
44 44
44 45
44 46
44 47
44 52
44 59
44 63
44 67
44 72
44 74
44 78
44 84
44 88
44 95
44 98
44 99
45 2
45 13
45 14
45 20
45 21
45 23
45 25
45 26
45 27
45 28
45 29
45 32
45 33
45 34
45 40
45 41
45 47
45 51
45 63
45 64
45 65
45 69
45 79
45 82
45 85
45 87
45 88
45 91
45 93
45 97
45 100
46 0
46 2
46 4
46 7
46 12
46 13
46 14
46 21
46 22
46 23
46 25
46 26
46 28
46 29
46 35
46 41
46 44
46 45
46 55
46 57
46 60
46 66
46 69
46 71
46 76
46 82
46 88
46 92
46 96
46 98
47 0
47 2
47 6
47 8
47 9
47 10
47 14
47 15
47 16
47 19
47 20
47 21
47 31
47 32
47 34
47 36
47 38
47 43
47 45
47 46
47 48
47 54
47 55
47 58
47 60
47 61
47 62
47 64
47 65
47 70
47 72
47 73
47 77
47 79
47 85
47 95
47 97
48 1
48 2
48 3
48 10
48 18
48 19
48 24
48 25
48 27
48 33
48 34
48 36
48 50
48 51
48 52
48 53
48 61
48 65
48 66
48 77
48 80
48 81
48 86
48 87
48 89
48 90
48 92
48 93
48 97
49 1
49 6
49 7
49 10
49 15
49 17
49 18
49 20
49 26
49 32
49 36
49 39
49 43
49 47
49 48
49 50
49 51
49 58
49 60
49 63
49 65
49 69
49 73
49 78
49 79
49 80
49 82
49 83
49 85
49 86
49 88
49 90
50 0
50 3
50 5
50 7
50 8
50 10
50 11
50 14
50 26
50 28
50 43
50 49
50 51
50 52
50 53
50 54
50 59
50 61
50 67
50 69
50 70
50 72
50 73
50 77
50 86
50 89
50 91
50 92
51 0
51 1
51 10
51 14
51 17
51 18
51 19
51 25
51 26
51 27
51 41
51 43
51 49
51 56
51 60
51 62
51 69
51 71
51 73
51 75
51 79
51 83
51 89
51 91
51 97
52 0
52 3
52 4
52 6
52 25
52 30
52 33
52 37
52 40
52 48
52 50
52 52
52 57
52 60
52 63
52 64
52 66
52 68
52 71
52 77
52 78
52 81
52 90
52 94
52 98
52 99
53 0
53 6
53 7
53 8
53 16
53 17
53 21
53 25
53 26
53 45
53 46
53 49
53 50
53 52
53 60
53 61
53 62
53 75
53 77
53 83
53 86
53 92
53 93
53 94
53 96
53 100
54 0
54 24
54 30
54 33
54 39
54 46
54 52
54 54
54 57
54 58
54 59
54 61
54 66
54 71
54 72
54 74
54 76
54 81
54 88
54 90
54 92
54 96
54 97
54 100
55 4
55 5
55 6
55 7
55 9
55 10
55 17
55 24
55 28
55 29
55 30
55 39
55 41
55 42
55 47
55 48
55 52
55 58
55 60
55 64
55 66
55 67
55 71
55 76
55 78
55 84
55 86
55 90
55 92
55 98
55 99
56 1
56 6
56 8
56 10
56 19
56 22
56 25
56 33
56 42
56 44
56 48
56 54
56 55
56 62
56 68
56 70
56 76
56 79
56 84
56 85
56 87
56 94
57 0
57 2
57 7
57 9
57 12
57 23
57 24
57 25
57 27
57 36
57 38
57 39
57 40
57 42
57 43
57 46
57 48
57 49
57 52
57 53
57 54
57 60
57 62
57 67
57 73
57 81
57 82
57 87
57 91
57 92
57 99
58 1
58 2
58 3
58 7
58 9
58 12
58 14
58 20
58 31
58 33
58 35
58 36
58 38
58 54
58 60
58 63
58 65
58 70
58 72
58 77
58 79
58 82
58 86
58 87
58 90
58 95
58 97
58 99
59 7
59 8
59 9
59 10
59 14
59 16
59 17
59 26
59 28
59 32
59 34
59 35
59 36
59 38
59 47
59 50
59 51
59 55
59 56
59 60
59 64
59 66
59 67
59 68
59 72
59 74
59 77
59 80
59 84
59 87
59 97
59 98
60 7
60 14
60 16
60 17
60 19
60 22
60 23
60 25
60 31
60 36
60 37
60 38
60 40
60 45
60 49
60 52
60 53
60 56
60 58
60 59
60 61
60 66
60 67
60 71
60 73
60 74
60 78
60 81
60 89
60 90
60 92
60 94
60 95
60 97
60 98
61 3
61 5
61 8
61 9
61 10
61 11
61 12
61 15
61 16
61 18
61 19
61 21
61 24
61 26
61 29
61 35
61 37
61 38
61 40
61 43
61 47
61 49
61 50
61 55
61 60
61 64
61 67
61 68
61 69
61 79
61 89
61 92
61 97
61 99
62 0
62 3
62 15
62 17
62 18
62 21
62 28
62 33
62 36
62 39
62 46
62 48
62 51
62 56
62 57
62 64
62 69
62 73
62 79
62 80
62 81
62 83
62 84
62 85
62 87
62 88
62 89
62 96
62 97
62 98
62 99
63 0
63 7
63 9
63 13
63 14
63 16
63 17
63 19
63 20
63 30
63 31
63 32
63 34
63 35
63 37
63 44
63 47
63 49
63 51
63 54
63 58
63 59
63 60
63 63
63 66
63 67
63 69
63 80
63 83
63 85
63 89
63 90
63 98
64 0
64 4
64 5
64 8
64 10
64 14
64 21
64 25
64 26
64 28
64 30
64 37
64 38
64 48
64 50
64 52
64 57
64 68
64 70
64 72
64 73
64 74
64 79
64 82
64 89
64 94
64 97
64 98
65 3
65 4
65 5
65 12
65 22
65 24
65 29
65 32
65 33
65 35
65 41
65 53
65 56
65 57
65 58
65 60
65 61
65 63
65 66
65 67
65 71
65 73
65 74
65 75
65 78
65 83
65 86
65 89
65 93
66 1
66 3
66 5
66 6
66 9
66 11
66 15
66 16
66 17
66 20
66 24
66 31
66 32
66 33
66 36
66 37
66 40
66 41
66 42
66 45
66 46
66 48
66 60
66 61
66 66
66 67
66 72
66 79
66 80
66 85
66 91
66 92
66 93
66 94
66 98
67 2
67 5
67 7
67 14
67 16
67 21
67 24
67 27
67 29
67 32
67 35
67 39
67 41
67 43
67 46
67 48
67 52
67 55
67 62
67 65
67 66
67 67
67 68
67 73
67 74
67 76
67 77
67 79
67 81
67 82
67 84
67 87
67 91
67 92
67 95
67 96
67 100
68 8
68 12
68 13
68 15
68 22
68 30
68 32
68 34
68 39
68 41
68 42
68 43
68 49
68 52
68 62
68 71
68 74
68 75
68 77
68 81
68 83
68 90
68 96
69 0
69 1
69 8
69 14
69 22
69 28
69 34
69 44
69 47
69 49
69 57
69 61
69 67
69 69
69 78
69 79
69 81
69 82
69 83
69 88
69 89
69 90
69 94
69 99
70 3
70 4
70 13
70 17
70 21
70 23
70 28
70 29
70 31
70 35
70 36
70 38
70 39
70 48
70 52
70 54
70 56
70 57
70 58
70 61
70 63
70 64
70 65
70 70
70 71
70 74
70 80
70 81
70 82
70 89
70 92
70 98
70 99
70 100
71 1
71 4
71 8
71 10
71 11
71 12
71 16
71 24
71 26
71 27
71 28
71 31
71 32
71 38
71 45
71 51
71 52
71 53
71 61
71 63
71 67
71 72
71 73
71 78
71 80
71 81
71 82
71 84
71 87
71 90
71 91
71 95
71 99
72 1
72 4
72 5
72 8
72 10
72 12
72 13
72 15
72 16
72 19
72 22
72 26
72 27
72 28
72 30
72 34
72 38
72 41
72 43
72 45
72 50
72 51
72 54
72 55
72 62
72 65
72 66
72 68
72 69
72 70
72 71
72 74
72 75
72 80
72 81
72 91
72 92
72 94
73 6
73 7
73 10
73 11
73 12
73 15
73 19
73 21
73 27
73 31
73 40
73 44
73 51
73 55
73 58
73 60
73 65
73 70
73 71
73 73
73 75
73 76
73 81
73 91
73 94
73 96
74 1
74 3
74 6
74 10
74 11
74 16
74 21
74 25
74 26
74 30
74 31
74 33
74 37
74 44
74 45
74 57
74 58
74 59
74 60
74 63
74 64
74 66
74 69
74 72
74 74
74 82
74 87
74 90
74 95
74 100
75 1
75 2
75 6
75 7
75 8
75 9
75 10
75 12
75 17
75 18
75 20
75 27
75 28
75 29
75 32
75 37
75 38
75 41
75 46
75 50
75 51
75 55
75 57
75 58
75 62
75 68
75 71
75 72
75 77
75 78
75 80
75 81
75 82
75 89
75 91
75 96
75 100
76 0
76 1
76 5
76 6
76 19
76 20
76 25
76 26
76 27
76 31
76 33
76 34
76 42
76 43
76 45
76 50
76 58
76 59
76 62
76 65
76 66
76 67
76 69
76 70
76 71
76 79
76 81
76 84
76 87
76 89
76 90
76 91
76 94
76 97
77 0
77 3
77 4
77 6
77 8
77 13
77 14
77 16
77 19
77 23
77 25
77 34
77 35
77 37
77 39
77 40
77 42
77 44
77 46
77 53
77 56
77 59
77 62
77 63
77 74
77 80
77 82
77 87
77 91
77 92
77 93
77 94
77 97
77 99
78 4
78 8
78 11
78 12
78 15
78 21
78 23
78 30
78 32
78 33
78 41
78 45
78 46
78 50
78 54
78 61
78 67
78 72
78 76
78 77
78 83
78 91
78 93
78 98
79 4
79 5
79 7
79 8
79 9
79 15
79 16
79 18
79 21
79 33
79 36
79 38
79 51
79 52
79 56
79 58
79 61
79 64
79 68
79 71
79 74
79 75
79 76
79 78
79 79
79 85
79 87
79 89
79 96
79 97
79 100
80 5
80 6
80 16
80 21
80 24
80 34
80 36
80 40
80 44
80 45
80 46
80 48
80 49
80 50
80 60
80 63
80 64
80 79
80 80
80 83
80 87
80 90
80 99
80 100
81 6
81 10
81 12
81 14
81 15
81 21
81 23
81 33
81 34
81 39
81 42
81 44
81 45
81 48
81 52
81 54
81 58
81 60
81 61
81 62
81 63
81 70
81 80
81 81
81 83
81 96
81 97
81 100
82 0
82 2
82 7
82 13
82 18
82 23
82 24
82 26
82 27
82 28
82 29
82 34
82 41
82 45
82 47
82 52
82 55
82 63
82 65
82 68
82 71
82 75
82 80
82 85
82 88
82 98
82 99
83 0
83 1
83 2
83 3
83 6
83 11
83 12
83 17
83 26
83 27
83 31
83 32
83 33
83 38
83 45
83 46
83 47
83 49
83 52
83 58
83 62
83 64
83 65
83 67
83 68
83 75
83 77
83 85
83 91
83 93
83 97
83 98
84 0
84 1
84 3
84 5
84 11
84 14
84 16
84 18
84 21
84 23
84 24
84 27
84 29
84 34
84 37
84 41
84 47
84 52
84 54
84 56
84 61
84 62
84 63
84 65
84 75
84 76
84 79
84 83
84 86
84 87
84 88
84 89
84 91
84 95
84 97
84 100
85 8
85 9
85 20
85 21
85 24
85 25
85 38
85 42
85 43
85 50
85 51
85 60
85 67
85 70
85 73
85 75
85 76
85 78
85 83
85 84
85 85
85 87
85 89
85 90
85 92
85 98
86 5
86 8
86 15
86 16
86 19
86 21
86 28
86 31
86 32
86 33
86 40
86 41
86 47
86 49
86 58
86 60
86 61
86 67
86 72
86 78
86 79
86 82
86 86
86 87
86 93
86 94
86 95
86 98
86 100
87 1
87 2
87 3
87 4
87 5
87 7
87 15
87 18
87 20
87 21
87 28
87 32
87 35
87 40
87 44
87 45
87 54
87 58
87 60
87 62
87 63
87 67
87 70
87 75
87 84
87 85
87 86
87 88
87 94
87 95
87 97
88 0
88 5
88 9
88 10
88 17
88 26
88 27
88 35
88 38
88 40
88 41
88 43
88 45
88 51
88 56
88 61
88 62
88 64
88 67
88 74
88 82
88 84
88 87
88 88
88 90
88 94
88 97
88 98
89 14
89 20
89 24
89 39
89 40
89 46
89 53
89 56
89 60
89 61
89 62
89 63
89 67
89 70
89 74
89 77
89 84
89 88
89 89
89 90
89 91
89 100
90 1
90 2
90 3
90 4
90 6
90 7
90 8
90 11
90 14
90 15
90 16
90 18
90 23
90 24
90 29
90 31
90 36
90 43
90 46
90 49
90 52
90 54
90 55
90 57
90 63
90 64
90 70
90 71
90 74
90 76
90 77
90 80
90 83
90 85
90 86
90 87
90 90
90 91
90 98
90 99
90 100
91 1
91 2
91 5
91 14
91 16
91 18
91 19
91 22
91 23
91 27
91 29
91 31
91 33
91 34
91 45
91 48
91 50
91 51
91 59
91 60
91 61
91 64
91 65
91 68
91 70
91 73
91 74
91 76
91 82
91 90
91 96
91 97
91 98
92 1
92 2
92 5
92 8
92 13
92 17
92 19
92 26
92 27
92 28
92 30
92 31
92 36
92 40
92 42
92 44
92 47
92 50
92 54
92 56
92 58
92 60
92 61
92 66
92 69
92 70
92 71
92 75
92 78
92 80
92 81
92 83
92 88
92 94
92 95
92 96
92 97
92 99
93 0
93 1
93 5
93 10
93 11
93 12
93 17
93 21
93 29
93 40
93 45
93 51
93 56
93 66
93 72
93 76
93 79
93 82
93 87
93 91
93 98
93 99
94 0
94 3
94 5
94 6
94 7
94 17
94 18
94 19
94 21
94 24
94 25
94 30
94 39
94 41
94 44
94 45
94 48
94 51
94 52
94 56
94 59
94 60
94 62
94 63
94 65
94 71
94 72
94 74
94 78
94 80
94 87
94 88
94 93
94 94
94 97
94 99
95 11
95 15
95 16
95 18
95 22
95 25
95 26
95 30
95 31
95 33
95 44
95 46
95 51
95 53
95 54
95 55
95 67
95 69
95 73
95 82
95 84
95 85
95 91
95 98
96 0
96 1
96 5
96 6
96 10
96 14
96 29
96 30
96 31
96 32
96 39
96 42
96 43
96 47
96 50
96 52
96 53
96 54
96 56
96 58
96 61
96 62
96 66
96 70
96 71
96 74
96 75
96 78
96 82
96 86
96 90
96 92
96 95
96 99
97 1
97 5
97 8
97 9
97 13
97 17
97 23
97 27
97 28
97 30
97 32
97 33
97 34
97 35
97 41
97 43
97 46
97 50
97 54
97 60
97 62
97 65
97 67
97 74
97 76
97 77
97 78
97 86
97 96
97 98
98 6
98 13
98 14
98 15
98 21
98 27
98 29
98 48
98 49
98 51
98 52
98 54
98 55
98 56
98 58
98 67
98 68
98 70
98 71
98 76
98 80
98 85
98 87
98 90
98 94
99 2
99 3
99 4
99 6
99 8
99 10
99 14
99 15
99 16
99 21
99 26
99 34
99 35
99 37
99 45
99 50
99 54
99 55
99 61
99 68
99 71
99 75
99 79
99 80
99 82
99 85
99 87
99 94
99 95
100 0
100 1
100 3
100 4
100 5
100 9
100 13
100 16
100 30
100 33
100 36
100 40
100 48
100 50
100 52
100 53
100 64
100 68
100 70
100 74
100 77
100 78
100 82
100 87
100 89
100 91
