0 0
0 1
0 4
0 5
0 7
0 11
0 14
0 16
0 33
0 35
0 38
0 44
0 48
0 53
0 55
0 56
0 66
0 71
0 74
0 80
0 84
0 86
0 90
0 92
0 94
0 99
0 100
1 1
1 8
1 15
1 23
1 25
1 30
1 31
1 34
1 36
1 46
1 49
1 53
1 54
1 55
1 57
1 61
1 66
1 69
1 70
1 71
1 74
1 76
1 79
1 92
1 93
1 95
1 97
1 99
2 3
2 5
2 9
2 10
2 13
2 19
2 20
2 21
2 30
2 35
2 40
2 41
2 43
2 44
2 48
2 56
2 60
2 61
2 63
2 65
2 66
2 68
2 72
2 73
2 77
2 79
2 80
2 87
2 89
2 91
3 3
3 8
3 9
3 14
3 18
3 24
3 25
3 26
3 27
3 30
3 33
3 37
3 52
3 53
3 62
3 66
3 67
3 69
3 82
3 83
3 85
3 90
3 92
3 96
3 97
4 1
4 4
4 8
4 11
4 14
4 17
4 25
4 31
4 32
4 35
4 48
4 52
4 54
4 57
4 65
4 67
4 71
4 75
4 79
4 80
4 82
4 87
4 91
4 93
4 96
4 97
5 2
5 4
5 8
5 10
5 16
5 20
5 27
5 28
5 45
5 46
5 47
5 51
5 55
5 58
5 59
5 63
5 64
5 66
5 67
5 69
5 70
5 73
5 74
5 78
5 79
5 80
5 86
5 87
5 88
5 90
5 92
5 99
6 0
6 2
6 11
6 15
6 17
6 19
6 21
6 23
6 26
6 36
6 42
6 48
6 53
6 67
6 70
6 71
6 76
6 81
6 82
6 85
6 87
6 91
6 93
7 1
7 2
7 6
7 12
7 13
7 18
7 19
7 20
7 24
7 25
7 27
7 31
7 32
7 33
7 37
7 38
7 41
7 45
7 48
7 49
7 56
7 59
7 61
7 65
7 69
7 72
7 76
7 78
7 81
7 83
7 86
7 87
7 89
7 90
7 92
7 96
8 3
8 9
8 12
8 13
8 15
8 22
8 25
8 26
8 34
8 37
8 42
8 44
8 52
8 55
8 58
8 63
8 64
8 69
8 73
8 77
8 83
8 85
8 88
8 89
8 91
8 98
8 99
9 6
9 9
9 21
9 23
9 24
9 27
9 32
9 45
9 49
9 50
9 51
9 54
9 55
9 57
9 60
9 61
9 62
9 66
9 77
9 79
9 80
9 86
9 90
9 99
10 3
10 5
10 12
10 13
10 15
10 16
10 18
10 20
10 23
10 24
10 25
10 30
10 37
10 40
10 45
10 46
10 47
10 55
10 58
10 62
10 63
10 70
10 71
10 73
10 74
10 76
10 86
10 90
10 91
10 95
11 3
11 4
11 5
11 7
11 8
11 16
11 30
11 31
11 36
11 37
11 39
11 40
11 41
11 42
11 43
11 44
11 45
11 49
11 51
11 53
11 57
11 67
11 69
11 72
11 82
11 88
11 92
11 93
11 96
12 6
12 12
12 20
12 29
12 35
12 38
12 39
12 42
12 43
12 45
12 48
12 49
12 58
12 59
12 60
12 62
12 64
12 67
12 68
12 71
12 72
12 73
12 79
12 84
12 86
12 88
12 90
12 93
12 94
12 96
12 97
13 0
13 1
13 5
13 8
13 14
13 16
13 17
13 19
13 28
13 29
13 34
13 38
13 40
13 42
13 45
13 48
13 49
13 53
13 54
13 56
13 58
13 61
13 64
13 68
13 69
13 70
13 72
13 73
13 74
13 76
13 82
13 83
13 85
13 89
13 98
13 99
14 0
14 1
14 3
14 4
14 9
14 10
14 15
14 16
14 19
14 20
14 22
14 23
14 25
14 36
14 39
14 41
14 43
14 46
14 48
14 54
14 57
14 60
14 62
14 64
14 67
14 68
14 73
14 75
14 84
14 85
14 88
14 96
15 2
15 8
15 9
15 12
15 13
15 15
15 23
15 27
15 28
15 33
15 38
15 39
15 40
15 57
15 62
15 65
15 70
15 71
15 74
15 75
15 78
15 79
15 83
15 84
15 86
15 90
15 94
15 100
16 5
16 6
16 9
16 16
16 18
16 21
16 27
16 29
16 31
16 35
16 36
16 38
16 39
16 41
16 42
16 46
16 49
16 50
16 56
16 57
16 61
16 62
16 69
16 73
16 74
16 79
16 84
16 86
16 87
16 95
16 97
16 99
17 5
17 7
17 11
17 15
17 17
17 19
17 22
17 23
17 24
17 30
17 34
17 42
17 48
17 53
17 55
17 56
17 57
17 62
17 68
17 78
17 88
17 93
17 94
17 96
17 97
17 99
18 6
18 7
18 8
18 9
18 10
18 12
18 14
18 21
18 22
18 23
18 24
18 27
18 30
18 31
18 32
18 34
18 38
18 40
18 42
18 43
18 44
18 48
18 51
18 59
18 65
18 71
18 76
18 77
18 78
18 79
18 83
18 85
18 96
19 0
19 3
19 10
19 12
19 14
19 15
19 16
19 18
19 19
19 22
19 29
19 31
19 35
19 36
19 38
19 43
19 47
19 57
19 61
19 63
19 68
19 73
19 77
19 78
19 82
19 87
19 94
19 97
20 3
20 4
20 7
20 8
20 12
20 14
20 15
20 17
20 25
20 30
20 31
20 36
20 37
20 38
20 39
20 40
20 42
20 43
20 50
20 56
20 61
20 62
20 63
20 65
20 69
20 71
20 75
20 76
20 78
20 85
20 88
20 90
21 2
21 9
21 15
21 17
21 19
21 22
21 26
21 27
21 29
21 32
21 35
21 37
21 38
21 40
21 43
21 46
21 48
21 49
21 58
21 61
21 74
21 87
21 90
21 91
21 92
21 95
21 99
22 1
22 3
22 9
22 13
22 14
22 16
22 17
22 27
22 28
22 32
22 33
22 35
22 54
22 56
22 63
22 71
22 74
22 76
22 78
22 79
22 81
22 89
22 92
22 95
22 97
22 98
23 0
23 4
23 6
23 10
23 12
23 13
23 16
23 20
23 25
23 26
23 27
23 29
23 37
23 38
23 40
23 42
23 44
23 46
23 51
23 57
23 62
23 66
23 67
23 71
23 79
23 84
23 88
23 90
23 93
24 1
24 4
24 5
24 8
24 9
24 16
24 21
24 22
24 24
24 27
24 29
24 38
24 39
24 42
24 43
24 46
24 48
24 55
24 57
24 63
24 65
24 70
24 71
24 75
24 76
24 80
24 86
24 92
24 97
24 100
25 8
25 10
25 16
25 19
25 20
25 21
25 26
25 27
25 29
25 30
25 31
25 34
25 38
25 39
25 40
25 44
25 46
25 54
25 56
25 58
25 59
25 60
25 61
25 66
25 72
25 77
25 80
25 82
25 84
25 87
25 88
25 90
25 91
25 94
25 96
25 98
26 1
26 3
26 7
26 9
26 10
26 16
26 25
26 28
26 31
26 35
26 45
26 50
26 53
26 54
26 57
26 61
26 62
26 63
26 67
26 72
26 74
26 75
26 79
26 86
26 87
26 88
26 89
26 91
26 96
26 100
27 0
27 2
27 3
27 4
27 5
27 12
27 13
27 15
27 17
27 25
27 26
27 27
27 31
27 37
27 50
27 51
27 54
27 56
27 60
27 61
27 62
27 65
27 66
27 70
27 76
27 77
27 86
27 91
27 93
27 95
27 96
27 97
27 100
28 2
28 9
28 10
28 14
28 15
28 16
28 20
28 24
28 28
28 29
28 40
28 42
28 44
28 51
28 52
28 59
28 62
28 64
28 74
28 76
28 77
28 80
28 81
28 85
28 86
28 88
28 91
28 97
28 100
29 1
29 4
29 6
29 7
29 8
29 13
29 24
29 34
29 36
29 43
29 44
29 45
29 46
29 48
29 49
29 52
29 54
29 56
29 59
29 63
29 66
29 68
29 74
29 76
29 88
29 89
30 2
30 6
30 7
30 9
30 16
30 24
30 42
30 46
30 48
30 49
30 52
30 56
30 67
30 69
30 77
30 79
30 80
30 83
30 84
30 92
30 94
30 96
30 99
30 100
31 1
31 3
31 8
31 9
31 10
31 11
31 14
31 18
31 21
31 22
31 26
31 30
31 34
31 37
31 43
31 44
31 46
31 48
31 49
31 50
31 51
31 58
31 59
31 73
31 82
31 83
31 84
31 89
31 91
32 4
32 13
32 23
32 27
32 35
32 43
32 45
32 48
32 50
32 53
32 62
32 66
32 70
32 79
32 81
32 82
32 84
32 85
32 86
32 89
32 90
32 94
32 95
33 2
33 5
33 12
33 14
33 15
33 18
33 21
33 25
33 26
33 31
33 32
33 36
33 38
33 42
33 44
33 45
33 47
33 49
33 54
33 55
33 56
33 59
33 60
33 62
33 63
33 64
33 66
33 68
33 70
33 71
33 72
33 75
33 76
33 77
33 81
33 82
33 83
33 87
33 88
33 90
33 97
34 0
34 2
34 3
34 8
34 11
34 17
34 22
34 24
34 25
34 27
34 32
34 45
34 48
34 54
34 60
34 64
34 68
34 72
34 76
34 79
34 81
34 83
34 85
34 89
34 95
34 96
35 0
35 4
35 9
35 10
35 15
35 16
35 19
35 20
35 24
35 26
35 28
35 33
35 36
35 40
35 42
35 44
35 46
35 52
35 58
35 62
35 67
35 69
35 70
35 73
35 75
35 78
35 79
35 80
35 84
35 85
35 90
35 97
36 6
36 7
36 8
36 14
36 15
36 16
36 18
36 22
36 26
36 36
36 37
36 38
36 40
36 42
36 43
36 44
36 48
36 49
36 50
36 62
36 64
36 65
36 66
36 68
36 70
36 71
36 72
36 74
36 77
36 81
36 90
36 91
36 95
36 97
36 99
37 7
37 11
37 16
37 19
37 25
37 27
37 29
37 31
37 36
37 40
37 45
37 48
37 49
37 51
37 54
37 59
37 63
37 64
37 68
37 71
37 73
37 74
37 75
37 77
37 78
37 80
37 86
37 90
37 98
38 0
38 4
38 11
38 14
38 16
38 18
38 19
38 20
38 31
38 33
38 39
38 50
38 52
38 53
38 54
38 57
38 60
38 68
38 69
38 70
38 74
38 75
38 84
38 85
38 86
38 87
38 88
38 93
38 97
39 6
39 7
39 8
39 13
39 20
39 24
39 30
39 33
39 34
39 39
39 49
39 53
39 55
39 69
39 71
39 72
39 76
39 78
39 80
39 84
39 89
39 90
39 93
39 94
39 95
40 0
40 3
40 7
40 8
40 10
40 14
40 17
40 19
40 21
40 22
40 23
40 25
40 27
40 34
40 37
40 39
40 40
40 42
40 45
40 50
40 53
40 55
40 59
40 60
40 66
40 71
40 77
40 78
40 80
40 82
40 88
40 90
40 93
40 98
40 99
41 4
41 6
41 10
41 15
41 18
41 27
41 28
41 31
41 35
41 37
41 38
41 39
41 41
41 49
41 51
41 52
41 56
41 57
41 59
41 62
41 72
41 74
41 81
41 85
41 91
41 98
42 1
42 2
42 3
42 4
42 7
42 8
42 11
42 13
42 17
42 25
42 32
42 34
42 35
42 43
42 45
42 47
42 55
42 58
42 59
42 60
42 65
42 66
42 71
42 80
42 82
42 86
42 87
42 89
42 90
42 93
42 96
42 97
42 98
43 4
43 12
43 15
43 20
43 24
43 29
43 33
43 37
43 39
43 40
43 43
43 46
43 49
43 50
43 51
43 52
43 53
43 56
43 58
43 60
43 70
43 72
43 75
43 77
43 79
43 81
43 88
43 96
43 99
43 100
44 0
44 1
44 12
44 13
44 18
44 20
44 27
44 30
44 31
44 37
44 40
44 42
44 45
44 46
44 47
44 48
44 52
44 54
44 55
44 59
44 62
44 64
44 65
44 69
44 76
44 77
44 79
44 81
44 95
44 100
45 1
45 2
45 5
45 10
45 16
45 19
45 20
45 21
45 23
45 32
45 33
45 34
45 37
45 41
45 44
45 51
45 52
45 53
45 61
45 63
45 76
45 78
45 79
45 82
45 85
45 86
45 89
45 90
45 91
45 93
45 100
46 2
46 4
46 14
46 15
46 17
46 20
46 23
46 27
46 31
46 34
46 35
46 39
46 42
46 43
46 47
46 50
46 51
46 54
46 56
46 59
46 61
46 68
46 72
46 73
46 74
46 75
46 85
46 86
46 90
46 91
46 97
46 99
47 3
47 5
47 6
47 10
47 15
47 18
47 20
47 32
47 49
47 50
47 54
47 56
47 58
47 61
47 63
47 65
47 69
47 72
47 74
47 76
47 78
47 82
47 88
47 89
47 92
47 98
47 99
48 2
48 5
48 9
48 15
48 17
48 18
48 25
48 27
48 31
48 35
48 37
48 42
48 43
48 46
48 49
48 55
48 57
48 58
48 66
48 69
48 72
48 74
48 75
48 84
48 89
48 94
48 96
49 0
49 4
49 6
49 7
49 11
49 12
49 14
49 19
49 21
49 25
49 28
49 29
49 32
49 36
49 46
49 47
49 48
49 51
49 52
49 53
49 55
49 62
49 63
49 69
49 70
49 77
49 79
49 92
49 94
49 95
49 98
50 12
50 13
50 14
50 23
50 24
50 26
50 33
50 40
50 50
50 51
50 54
50 61
50 64
50 66
50 72
50 73
50 78
50 81
50 82
50 88
50 90
50 98
50 99
50 100
51 0
51 1
51 2
51 3
51 4
51 9
51 11
51 16
51 27
51 29
51 30
51 31
51 36
51 37
51 39
51 42
51 46
51 49
51 53
51 55
51 57
51 61
51 68
51 69
51 70
51 76
51 82
51 83
51 85
51 87
51 88
51 89
51 92
51 99
51 100
52 0
52 1
52 2
52 3
52 6
52 13
52 14
52 17
52 21
52 24
52 30
52 31
52 32
52 33
52 37
52 40
52 42
52 45
52 46
52 51
52 54
52 55
52 59
52 62
52 66
52 69
52 75
52 82
52 85
52 89
52 95
52 97
52 98
53 1
53 3
53 6
53 9
53 14
53 16
53 17
53 18
53 19
53 20
53 34
53 36
53 38
53 46
53 48
53 54
53 55
53 56
53 59
53 62
53 66
53 69
53 73
53 74
53 75
53 76
53 77
53 79
53 80
53 84
53 85
53 92
53 97
53 99
54 0
54 1
54 3
54 5
54 6
54 16
54 21
54 22
54 23
54 27
54 31
54 32
54 37
54 40
54 45
54 46
54 48
54 58
54 60
54 67
54 72
54 74
54 76
54 77
54 78
54 82
54 83
54 88
54 93
54 94
54 95
54 97
55 1
55 18
55 19
55 22
55 23
55 24
55 27
55 28
55 29
55 30
55 31
55 37
55 40
55 46
55 47
55 49
55 50
55 53
55 54
55 55
55 57
55 60
55 67
55 68
55 75
55 82
55 84
55 89
55 90
55 92
55 93
55 94
56 6
56 10
56 12
56 13
56 15
56 16
56 27
56 30
56 33
56 34
56 38
56 39
56 40
56 43
56 53
56 60
56 65
56 66
56 68
56 77
56 86
56 88
56 92
56 93
56 95
57 2
57 8
57 10
57 11
57 16
57 17
57 20
57 28
57 29
57 30
57 31
57 35
57 40
57 43
57 47
57 48
57 53
57 56
57 58
57 59
57 65
57 67
57 69
57 72
57 75
57 79
57 80
57 84
57 86
57 91
57 94
57 95
57 96
57 98
58 3
58 4
58 7
58 8
58 12
58 14
58 19
58 20
58 21
58 23
58 26
58 28
58 36
58 39
58 44
58 45
58 47
58 51
58 54
58 55
58 56
58 57
58 59
58 67
58 69
58 70
58 79
58 80
58 85
58 88
58 89
58 91
58 95
58 97
58 98
58 100
59 4
59 7
59 9
59 15
59 17
59 18
59 19
59 23
59 24
59 25
59 29
59 30
59 33
59 37
59 39
59 40
59 45
59 48
59 52
59 59
59 62
59 64
59 68
59 70
59 75
59 80
59 81
59 82
59 93
59 94
60 3
60 6
60 8
60 9
60 11
60 17
60 24
60 27
60 28
60 31
60 34
60 37
60 40
60 41
60 42
60 61
60 62
60 67
60 70
60 71
60 73
60 78
60 79
60 82
60 85
60 86
60 89
60 96
60 100
61 1
61 4
61 6
61 10
61 11
61 13
61 14
61 15
61 16
61 19
61 22
61 23
61 31
61 32
61 39
61 47
61 55
61 57
61 59
61 60
61 63
61 73
61 81
61 82
61 89
61 91
61 99
62 1
62 4
62 5
62 6
62 8
62 19
62 23
62 25
62 27
62 33
62 34
62 36
62 37
62 38
62 45
62 50
62 51
62 52
62 56
62 57
62 59
62 69
62 71
62 72
62 75
62 76
62 82
62 84
62 87
62 91
62 92
62 98
62 99
62 100
63 0
63 2
63 3
63 6
63 8
63 10
63 12
63 14
63 18
63 20
63 26
63 38
63 41
63 43
63 46
63 51
63 56
63 57
63 64
63 65
63 68
63 69
63 74
63 77
63 78
63 79
63 83
63 91
63 96
63 97
63 99
64 1
64 5
64 6
64 8
64 10
64 15
64 16
64 17
64 18
64 20
64 22
64 23
64 24
64 26
64 30
64 32
64 42
64 44
64 45
64 47
64 48
64 52
64 54
64 55
64 63
64 69
64 71
64 72
64 84
64 87
64 96
64 97
64 98
64 100
65 4
65 5
65 12
65 15
65 17
65 21
65 22
65 23
65 24
65 27
65 32
65 36
65 38
65 40
65 42
65 43
65 44
65 47
65 50
65 51
65 58
65 60
65 64
65 65
65 66
65 67
65 69
65 78
65 80
65 84
65 88
65 91
65 96
65 100
66 0
66 1
66 3
66 15
66 16
66 24
66 25
66 35
66 36
66 40
66 41
66 48
66 51
66 52
66 53
66 55
66 60
66 67
66 69
66 74
66 76
66 80
66 81
66 84
66 88
66 90
66 92
66 93
66 94
66 95
67 0
67 1
67 2
67 3
67 10
67 11
67 17
67 18
67 20
67 22
67 25
67 27
67 28
67 32
67 37
67 39
67 42
67 44
67 46
67 58
67 59
67 61
67 62
67 65
67 67
67 68
67 71
67 72
67 73
67 80
67 82
67 86
67 91
67 92
67 93
67 94
67 99
68 0
68 1
68 2
68 3
68 7
68 15
68 16
68 18
68 20
68 24
68 27
68 28
68 29
68 30
68 35
68 36
68 38
68 41
68 44
68 48
68 50
68 54
68 56
68 57
68 60
68 63
68 69
68 70
68 74
68 75
68 76
68 77
68 85
68 87
68 90
68 97
69 1
69 7
69 9
69 10
69 11
69 12
69 17
69 19
69 21
69 22
69 23
69 27
69 30
69 33
69 35
69 44
69 48
69 51
69 56
69 59
69 60
69 61
69 72
69 76
69 80
69 90
69 92
69 93
69 95
69 96
69 100
70 4
70 8
70 10
70 15
70 17
70 20
70 24
70 25
70 27
70 31
70 34
70 46
70 50
70 53
70 56
70 58
70 60
70 65
70 66
70 69
70 72
70 78
70 91
70 95
71 2
71 3
71 8
71 15
71 17
71 21
71 22
71 23
71 24
71 25
71 27
71 29
71 35
71 38
71 41
71 42
71 43
71 44
71 53
71 55
71 59
71 61
71 63
71 67
71 68
71 72
71 73
71 74
71 76
71 77
71 78
71 79
71 82
71 84
71 85
71 90
71 91
71 94
72 1
72 2
72 3
72 4
72 7
72 10
72 11
72 14
72 15
72 19
72 24
72 25
72 27
72 28
72 37
72 53
72 55
72 60
72 66
72 67
72 68
72 69
72 71
72 72
72 74
72 79
72 80
72 84
72 86
72 87
72 94
73 1
73 3
73 5
73 12
73 17
73 20
73 37
73 43
73 47
73 52
73 55
73 58
73 60
73 63
73 77
73 80
73 88
73 90
73 91
73 93
73 98
74 18
74 20
74 21
74 23
74 25
74 30
74 34
74 35
74 38
74 52
74 55
74 58
74 59
74 64
74 65
74 66
74 72
74 77
74 84
74 85
74 86
74 87
74 90
74 91
74 93
75 9
75 11
75 13
75 17
75 18
75 20
75 23
75 24
75 31
75 32
75 33
75 38
75 39
75 40
75 41
75 44
75 46
75 51
75 54
75 57
75 58
75 59
75 69
75 72
75 75
75 78
75 82
75 83
75 85
75 89
75 92
75 93
75 94
75 97
75 98
76 8
76 9
76 15
76 16
76 20
76 27
76 32
76 38
76 46
76 58
76 63
76 65
76 71
76 75
76 81
76 82
76 83
76 87
76 88
76 92
76 93
76 95
76 97
77 1
77 6
77 12
77 15
77 16
77 23
77 24
77 30
77 31
77 39
77 44
77 47
77 49
77 55
77 60
77 62
77 67
77 70
77 75
77 77
77 81
77 84
77 91
77 92
77 94
77 96
77 98
77 99
78 3
78 7
78 10
78 16
78 22
78 25
78 28
78 30
78 36
78 38
78 47
78 50
78 54
78 59
78 61
78 66
78 72
78 73
78 74
78 75
78 86
78 88
78 91
78 93
78 95
78 96
79 0
79 1
79 3
79 4
79 6
79 15
79 21
79 24
79 25
79 26
79 30
79 34
79 40
79 42
79 44
79 47
79 51
79 57
79 59
79 63
79 65
79 69
79 76
79 83
79 84
79 87
79 88
79 90
79 92
79 94
79 98
80 0
80 1
80 2
80 10
80 20
80 23
80 26
80 28
80 29
80 33
80 36
80 44
80 45
80 47
80 55
80 59
80 68
80 70
80 77
80 78
80 91
80 93
80 94
81 1
81 2
81 4
81 5
81 10
81 20
81 22
81 24
81 26
81 27
81 39
81 41
81 43
81 44
81 49
81 51
81 53
81 56
81 58
81 60
81 66
81 68
81 72
81 73
81 74
81 82
81 86
81 96
81 99
82 6
82 16
82 17
82 33
82 37
82 38
82 41
82 45
82 46
82 51
82 55
82 56
82 59
82 70
82 73
82 75
82 76
82 81
82 83
82 85
82 86
82 87
82 90
82 92
82 93
82 96
82 97
83 0
83 3
83 6
83 12
83 14
83 16
83 19
83 30
83 31
83 33
83 34
83 41
83 47
83 49
83 51
83 55
83 56
83 61
83 62
83 65
83 66
83 73
83 76
83 77
83 78
83 84
83 86
83 87
83 93
83 97
83 98
84 1
84 5
84 6
84 7
84 23
84 25
84 27
84 28
84 29
84 30
84 32
84 33
84 34
84 43
84 45
84 46
84 49
84 51
84 58
84 59
84 62
84 64
84 65
84 72
84 73
84 75
84 77
84 81
84 82
84 85
84 88
84 89
84 93
84 97
85 0
85 1
85 9
85 13
85 18
85 20
85 22
85 24
85 29
85 42
85 44
85 45
85 51
85 53
85 57
85 58
85 69
85 78
85 82
85 84
85 85
85 90
85 92
85 97
86 2
86 27
86 34
86 39
86 40
86 42
86 43
86 44
86 45
86 46
86 50
86 51
86 52
86 59
86 60
86 72
86 74
86 75
86 78
86 81
86 85
86 90
86 92
87 3
87 7
87 9
87 14
87 17
87 18
87 22
87 28
87 39
87 40
87 42
87 45
87 49
87 51
87 55
87 57
87 67
87 69
87 73
87 74
87 75
87 82
87 89
87 90
87 95
87 99
88 2
88 3
88 13
88 15
88 16
88 21
88 24
88 28
88 29
88 30
88 31
88 34
88 37
88 42
88 57
88 61
88 66
88 68
88 69
88 71
88 73
88 79
88 87
88 89
88 94
88 97
88 98
88 99
89 1
89 2
89 3
89 4
89 9
89 14
89 15
89 18
89 21
89 25
89 27
89 36
89 44
89 50
89 51
89 57
89 58
89 64
89 65
89 69
89 75
89 78
89 80
89 87
89 89
89 92
89 93
89 95
89 97
90 4
90 5
90 6
90 8
90 10
90 13
90 16
90 22
90 23
90 24
90 28
90 29
90 32
90 33
90 36
90 39
90 43
90 49
90 52
90 54
90 59
90 80
90 81
90 85
90 86
90 89
90 91
90 93
90 98
91 1
91 5
91 6
91 10
91 11
91 12
91 18
91 19
91 20
91 23
91 25
91 26
91 32
91 41
91 43
91 47
91 48
91 51
91 54
91 56
91 57
91 59
91 60
91 62
91 63
91 68
91 69
91 70
91 72
91 73
91 75
91 76
91 78
91 79
91 85
91 86
91 89
91 98
92 0
92 1
92 2
92 3
92 8
92 11
92 24
92 25
92 29
92 30
92 33
92 35
92 36
92 37
92 41
92 50
92 51
92 60
92 64
92 67
92 69
92 73
92 76
92 79
92 81
92 89
92 93
92 96
92 98
93 3
93 6
93 7
93 12
93 14
93 16
93 20
93 27
93 30
93 31
93 35
93 36
93 40
93 41
93 49
93 50
93 52
93 59
93 60
93 65
93 70
93 71
93 75
93 79
93 81
93 82
93 86
93 89
93 90
93 93
93 94
93 95
93 97
93 98
93 99
94 3
94 4
94 8
94 9
94 10
94 20
94 21
94 23
94 26
94 27
94 29
94 30
94 38
94 39
94 41
94 42
94 49
94 55
94 56
94 61
94 63
94 69
94 72
94 74
94 78
94 79
94 80
94 84
94 86
94 89
94 93
94 95
95 3
95 5
95 11
95 14
95 15
95 18
95 19
95 22
95 23
95 24
95 25
95 28
95 30
95 36
95 38
95 42
95 43
95 46
95 52
95 54
95 56
95 58
95 60
95 62
95 66
95 67
95 68
95 70
95 72
95 76
95 77
95 80
95 81
95 86
95 87
95 88
95 98
95 99
95 100
96 2
96 4
96 6
96 7
96 9
96 12
96 21
96 23
96 25
96 26
96 30
96 33
96 37
96 39
96 42
96 45
96 47
96 51
96 54
96 55
96 57
96 58
96 59
96 62
96 68
96 70
96 74
96 77
96 81
96 82
96 85
96 88
96 94
96 97
96 99
97 3
97 6
97 14
97 19
97 21
97 22
97 23
97 24
97 28
97 29
97 30
97 31
97 34
97 37
97 38
97 43
97 45
97 47
97 48
97 54
97 56
97 57
97 60
97 66
97 67
97 69
97 76
97 78
97 80
97 85
97 86
97 88
97 95
97 99
98 0
98 1
98 2
98 3
98 11
98 17
98 18
98 22
98 24
98 28
98 29
98 30
98 33
98 41
98 44
98 46
98 49
98 50
98 52
98 53
98 55
98 57
98 58
98 60
98 61
98 62
98 64
98 68
98 80
98 81
98 83
98 87
98 89
99 6
99 7
99 10
99 12
99 13
99 17
99 20
99 21
99 25
99 27
99 31
99 32
99 38
99 43
99 44
99 45
99 50
99 51
99 52
99 66
99 67
99 69
99 71
99 72
99 74
99 80
99 85
99 88
99 89
99 92
99 93
99 94
99 99
100 0
100 3
100 5
100 6
100 11
100 13
100 19
100 33
100 38
100 42
100 44
100 50
100 51
100 52
100 54
100 55
100 59
100 67
100 71
100 76
100 83
100 86
100 88
100 94
100 95
100 97
100 98
