0 1
0 4
0 6
0 7
0 9
0 12
0 13
0 14
0 15
0 19
0 21
0 26
0 30
0 33
0 36
0 42
0 43
0 45
0 49
0 53
0 54
0 56
0 60
0 64
0 65
0 66
0 75
0 78
0 81
0 84
0 90
0 95
0 96
0 100
1 0
1 1
1 3
1 4
1 6
1 7
1 10
1 11
1 14
1 16
1 18
1 20
1 23
1 25
1 26
1 29
1 30
1 39
1 42
1 43
1 44
1 45
1 50
1 55
1 56
1 58
1 60
1 62
1 63
1 65
1 68
1 72
1 75
1 84
1 86
1 87
1 89
1 91
1 95
1 97
1 98
2 0
2 9
2 10
2 15
2 21
2 22
2 24
2 25
2 28
2 30
2 39
2 41
2 45
2 48
2 49
2 50
2 52
2 58
2 62
2 67
2 69
2 72
2 73
2 76
2 77
2 78
2 82
2 84
2 85
2 86
2 90
2 92
2 96
2 99
3 0
3 6
3 11
3 16
3 19
3 20
3 22
3 28
3 31
3 37
3 38
3 44
3 54
3 56
3 57
3 58
3 62
3 64
3 65
3 69
3 82
3 84
3 85
3 91
3 94
3 99
4 2
4 4
4 6
4 7
4 18
4 24
4 28
4 30
4 31
4 34
4 36
4 44
4 46
4 52
4 53
4 58
4 66
4 72
4 75
4 80
4 82
4 83
4 87
4 88
4 90
4 91
4 97
4 98
4 99
5 13
5 15
5 19
5 22
5 23
5 33
5 35
5 42
5 45
5 47
5 55
5 61
5 63
5 70
5 78
5 82
5 84
5 88
5 90
5 96
5 98
5 100
6 3
6 6
6 8
6 10
6 11
6 13
6 14
6 18
6 21
6 22
6 25
6 26
6 30
6 37
6 45
6 47
6 52
6 57
6 58
6 62
6 71
6 77
6 78
6 99
7 0
7 11
7 12
7 16
7 21
7 23
7 26
7 27
7 28
7 31
7 35
7 43
7 45
7 46
7 47
7 50
7 52
7 56
7 58
7 59
7 63
7 64
7 66
7 71
7 73
7 75
7 83
7 89
7 92
7 94
7 95
7 99
8 0
8 2
8 6
8 7
8 9
8 17
8 18
8 19
8 23
8 27
8 30
8 32
8 33
8 34
8 36
8 43
8 47
8 50
8 52
8 54
8 58
8 61
8 62
8 71
8 74
8 77
8 78
8 79
8 87
8 89
8 90
8 100
9 4
9 6
9 8
9 9
9 14
9 19
9 21
9 22
9 23
9 27
9 29
9 31
9 32
9 33
9 36
9 45
9 46
9 47
9 52
9 60
9 61
9 65
9 72
9 83
9 84
9 91
9 92
9 96
9 97
9 98
9 100
10 3
10 5
10 7
10 8
10 9
10 10
10 16
10 22
10 24
10 30
10 32
10 33
10 38
10 40
10 46
10 47
10 50
10 55
10 57
10 58
10 59
10 61
10 64
10 71
10 72
10 76
10 83
10 89
10 90
10 91
10 95
10 100
11 1
11 2
11 3
11 5
11 6
11 8
11 10
11 28
11 29
11 37
11 43
11 48
11 49
11 50
11 55
11 58
11 60
11 61
11 63
11 64
11 67
11 69
11 70
11 71
11 72
11 75
11 78
11 86
11 92
11 95
11 96
11 99
12 0
12 3
12 11
12 14
12 17
12 21
12 22
12 23
12 24
12 26
12 27
12 29
12 33
12 42
12 43
12 53
12 57
12 58
12 76
12 77
12 78
12 79
12 81
12 82
12 88
12 89
12 90
12 91
12 94
12 100
13 0
13 2
13 4
13 13
13 20
13 30
13 32
13 38
13 40
13 41
13 44
13 46
13 51
13 52
13 54
13 55
13 64
13 70
13 75
13 81
13 82
13 84
13 85
13 86
13 96
13 98
13 100
14 5
14 7
14 8
14 9
14 16
14 17
14 20
14 21
14 32
14 33
14 36
14 37
14 38
14 39
14 40
14 41
14 43
14 45
14 51
14 58
14 61
14 62
14 64
14 66
14 68
14 82
14 86
14 87
14 88
14 90
14 92
14 96
14 97
15 2
15 3
15 4
15 5
15 11
15 15
15 16
15 21
15 30
15 32
15 33
15 34
15 40
15 41
15 46
15 50
15 60
15 62
15 63
15 66
15 67
15 71
15 75
15 78
15 81
15 82
15 87
15 98
15 99
15 100
16 4
16 5
16 12
16 14
16 16
16 25
16 26
16 29
16 31
16 33
16 36
16 40
16 45
16 52
16 54
16 56
16 58
16 60
16 69
16 79
16 82
16 83
16 84
16 85
16 88
16 97
16 98
17 2
17 6
17 8
17 13
17 16
17 17
17 19
17 23
17 27
17 28
17 38
17 40
17 43
17 45
17 47
17 51
17 62
17 66
17 68
17 71
17 75
17 76
17 79
17 82
17 91
17 92
17 93
18 0
18 2
18 4
18 7
18 11
18 12
18 14
18 18
18 24
18 25
18 27
18 33
18 37
18 40
18 42
18 52
18 55
18 56
18 57
18 60
18 62
18 64
18 67
18 69
18 72
18 76
18 77
18 85
18 88
18 94
18 96
18 100
19 1
19 6
19 14
19 18
19 35
19 38
19 39
19 41
19 44
19 50
19 51
19 55
19 59
19 60
19 62
19 67
19 70
19 72
19 75
19 82
19 83
19 85
19 88
19 89
19 90
19 94
19 95
19 98
20 6
20 11
20 21
20 26
20 35
20 42
20 43
20 45
20 63
20 66
20 67
20 68
20 69
20 70
20 71
20 76
20 79
20 83
20 87
20 91
20 92
20 93
20 99
20 100
21 4
21 5
21 10
21 16
21 18
21 19
21 25
21 32
21 37
21 42
21 43
21 44
21 45
21 46
21 48
21 55
21 56
21 63
21 65
21 66
21 67
21 71
21 72
21 76
21 79
21 81
21 84
21 85
21 87
21 88
22 0
22 3
22 6
22 11
22 12
22 16
22 18
22 19
22 20
22 21
22 29
22 30
22 40
22 46
22 55
22 56
22 57
22 61
22 63
22 71
22 77
22 80
22 82
22 84
22 87
22 89
22 91
22 93
22 99
23 0
23 13
23 14
23 17
23 19
23 20
23 22
23 24
23 25
23 36
23 42
23 44
23 45
23 55
23 56
23 69
23 71
23 75
23 82
23 83
23 90
23 91
23 92
23 93
23 94
23 95
23 97
23 99
24 0
24 1
24 7
24 13
24 24
24 25
24 29
24 31
24 32
24 38
24 40
24 41
24 46
24 49
24 50
24 51
24 57
24 58
24 59
24 61
24 68
24 70
24 73
24 74
24 75
24 76
24 77
24 80
24 87
24 90
24 93
24 99
25 0
25 2
25 3
25 4
25 5
25 12
25 14
25 19
25 21
25 23
25 33
25 35
25 42
25 50
25 54
25 56
25 61
25 63
25 66
25 70
25 74
25 76
25 80
25 87
26 0
26 8
26 12
26 20
26 21
26 25
26 26
26 28
26 31
26 36
26 56
26 60
26 61
26 63
26 65
26 68
26 69
26 71
26 73
26 74
26 76
26 77
26 83
26 86
26 92
26 100
27 2
27 3
27 4
27 10
27 11
27 15
27 19
27 30
27 33
27 35
27 38
27 40
27 56
27 65
27 66
27 67
27 70
27 75
27 76
27 81
27 82
27 83
27 85
27 88
27 91
27 92
27 94
27 95
27 99
27 100
28 1
28 5
28 6
28 8
28 18
28 21
28 23
28 28
28 31
28 34
28 35
28 37
28 40
28 43
28 51
28 52
28 60
28 62
28 65
28 68
28 71
28 72
28 74
28 75
28 76
28 84
28 85
28 93
28 98
29 1
29 3
29 6
29 9
29 17
29 21
29 23
29 27
29 31
29 33
29 36
29 38
29 43
29 44
29 46
29 52
29 55
29 57
29 60
29 67
29 72
29 74
29 75
29 78
29 84
29 85
29 94
29 95
29 100
30 0
30 5
30 7
30 8
30 9
30 10
30 12
30 13
30 15
30 16
30 18
30 19
30 21
30 22
30 24
30 25
30 26
30 30
30 32
30 34
30 35
30 37
30 38
30 40
30 41
30 43
30 46
30 48
30 51
30 53
30 54
30 59
30 60
30 62
30 63
30 65
30 77
30 79
30 80
30 87
30 89
30 91
30 93
30 95
30 98
30 99
31 1
31 5
31 8
31 24
31 25
31 34
31 35
31 36
31 47
31 50
31 53
31 54
31 55
31 56
31 58
31 60
31 66
31 67
31 71
31 72
31 76
31 81
31 82
31 87
31 88
31 92
31 93
32 3
32 9
32 11
32 24
32 30
32 32
32 37
32 47
32 48
32 51
32 52
32 54
32 56
32 59
32 60
32 64
32 66
32 78
32 85
32 87
32 88
32 89
32 99
33 0
33 5
33 6
33 7
33 10
33 13
33 15
33 20
33 23
33 25
33 28
33 30
33 31
33 35
33 37
33 39
33 40
33 45
33 50
33 60
33 64
33 65
33 66
33 71
33 72
33 75
33 84
33 86
33 87
33 93
33 94
33 97
33 99
34 1
34 6
34 8
34 13
34 18
34 19
34 20
34 24
34 27
34 31
34 32
34 37
34 39
34 45
34 48
34 55
34 56
34 63
34 64
34 67
34 69
34 70
34 75
34 80
34 81
34 88
34 91
34 95
34 96
35 0
35 4
35 7
35 21
35 22
35 31
35 38
35 41
35 42
35 43
35 44
35 45
35 47
35 49
35 51
35 55
35 56
35 57
35 58
35 63
35 65
35 66
35 67
35 69
35 77
35 84
35 86
35 97
35 100
36 0
36 1
36 7
36 15
36 20
36 24
36 25
36 26
36 32
36 34
36 36
36 41
36 51
36 59
36 61
36 63
36 65
36 68
36 70
36 73
36 75
36 78
36 80
36 85
36 90
36 91
36 93
36 95
36 96
37 0
37 1
37 2
37 5
37 7
37 12
37 16
37 17
37 24
37 26
37 27
37 29
37 30
37 31
37 33
37 36
37 43
37 44
37 46
37 51
37 54
37 55
37 56
37 57
37 58
37 60
37 61
37 64
37 74
37 76
37 81
37 89
37 93
37 94
37 98
38 2
38 4
38 5
38 7
38 9
38 12
38 14
38 16
38 17
38 20
38 21
38 27
38 29
38 31
38 32
38 36
38 45
38 46
38 49
38 50
38 52
38 55
38 58
38 64
38 68
38 72
38 76
38 78
38 81
38 83
38 84
38 88
38 92
38 100
39 0
39 2
39 4
39 6
39 10
39 11
39 13
39 14
39 16
39 21
39 25
39 26
39 28
39 29
39 30
39 31
39 33
39 34
39 37
39 45
39 47
39 50
39 52
39 55
39 56
39 61
39 64
39 72
39 74
39 76
39 77
39 83
39 86
39 88
39 90
39 95
39 97
40 4
40 8
40 14
40 15
40 17
40 19
40 22
40 23
40 24
40 29
40 33
40 44
40 47
40 50
40 60
40 62
40 66
40 67
40 68
40 70
40 76
40 79
40 81
40 86
40 90
40 95
40 99
40 100
41 0
41 2
41 3
41 8
41 18
41 20
41 28
41 30
41 32
41 34
41 35
41 43
41 46
41 47
41 48
41 50
41 52
41 53
41 56
41 59
41 62
41 65
41 67
41 75
41 76
41 77
42 0
42 4
42 15
42 20
42 21
42 23
42 35
42 36
42 41
42 47
42 48
42 49
42 52
42 57
42 62
42 65
42 67
42 68
42 72
42 76
42 77
42 80
42 95
42 96
42 98
42 99
43 1
43 13
43 17
43 20
43 21
43 22
43 23
43 25
43 26
43 28
43 29
43 30
43 32
43 35
43 36
43 37
43 42
43 43
43 47
43 49
43 52
43 53
43 55
43 62
43 63
43 67
43 74
43 75
43 79
43 81
43 83
43 84
43 94
43 97
43 98
43 99
44 1
44 4
44 6
44 14
44 18
44 19
44 21
44 26
44 31
44 34
44 35
44 37
44 45
44 48
44 50
44 51
44 62
44 63
44 68
44 69
44 72
44 75
44 76
44 78
44 82
44 83
44 84
44 86
44 94
44 100
45 1
45 2
45 6
45 7
45 11
45 17
45 18
45 20
45 21
45 26
45 29
45 37
45 39
45 48
45 53
45 58
45 61
45 70
45 76
45 78
45 81
45 82
45 84
45 92
45 98
46 2
46 9
46 12
46 15
46 16
46 18
46 20
46 25
46 26
46 27
46 31
46 33
46 38
46 49
46 51
46 55
46 56
46 59
46 60
46 65
46 67
46 68
46 70
46 78
46 79
46 83
46 93
46 95
47 0
47 3
47 4
47 5
47 7
47 8
47 9
47 11
47 17
47 22
47 23
47 25
47 27
47 29
47 30
47 32
47 35
47 42
47 43
47 49
47 53
47 56
47 63
47 66
47 73
47 74
47 75
47 81
47 84
47 88
47 96
47 99
48 7
48 10
48 12
48 14
48 15
48 19
48 25
48 27
48 30
48 34
48 37
48 38
48 39
48 40
48 42
48 51
48 52
48 54
48 55
48 59
48 65
48 66
48 68
48 70
48 72
48 75
48 76
48 79
48 80
48 82
48 85
48 87
48 88
48 89
48 91
48 95
48 98
49 0
49 3
49 11
49 14
49 15
49 20
49 21
49 23
49 24
49 27
49 35
49 39
49 42
49 43
49 46
49 57
49 63
49 66
49 67
49 70
49 75
49 76
49 79
49 81
49 85
49 91
49 92
49 93
49 94
49 97
49 99
50 6
50 10
50 21
50 24
50 36
50 40
50 42
50 44
50 45
50 46
50 49
50 54
50 62
50 71
50 74
50 76
50 78
50 79
50 81
51 5
51 6
51 14
51 17
51 18
51 22
51 27
51 35
51 38
51 41
51 45
51 49
51 51
51 55
51 57
51 63
51 65
51 70
51 71
51 75
51 76
51 79
51 80
51 83
51 89
51 90
51 94
51 96
51 99
52 6
52 8
52 9
52 13
52 20
52 22
52 27
52 28
52 31
52 34
52 39
52 40
52 45
52 54
52 55
52 59
52 60
52 63
52 64
52 67
52 68
52 70
52 72
52 82
52 83
52 84
52 89
52 90
52 99
52 100
53 5
53 6
53 8
53 9
53 14
53 15
53 18
53 25
53 34
53 36
53 42
53 49
53 53
53 54
53 61
53 65
53 69
53 77
53 80
53 91
53 99
54 3
54 8
54 13
54 14
54 16
54 18
54 22
54 24
54 25
54 26
54 28
54 30
54 37
54 47
54 52
54 58
54 60
54 63
54 66
54 67
54 68
54 71
54 73
54 74
54 83
54 86
54 87
54 91
54 93
54 99
55 3
55 9
55 14
55 18
55 19
55 21
55 26
55 27
55 29
55 32
55 35
55 36
55 38
55 41
55 45
55 47
55 49
55 52
55 54
55 56
55 57
55 58
55 59
55 62
55 64
55 66
55 67
55 70
55 71
55 72
55 74
55 76
55 85
55 87
55 90
55 96
55 100
56 4
56 6
56 7
56 8
56 10
56 13
56 16
56 18
56 20
56 23
56 25
56 26
56 27
56 35
56 41
56 44
56 47
56 51
56 54
56 58
56 62
56 74
56 75
56 79
56 80
56 82
56 94
56 95
56 96
56 97
56 98
56 99
56 100
57 8
57 9
57 10
57 17
57 20
57 31
57 32
57 34
57 37
57 46
57 52
57 57
57 58
57 60
57 62
57 64
57 65
57 68
57 75
57 79
57 81
57 83
57 86
57 88
57 90
57 91
57 95
57 96
57 97
58 0
58 1
58 2
58 5
58 8
58 11
58 12
58 23
58 27
58 30
58 33
58 35
58 36
58 37
58 43
58 45
58 52
58 54
58 65
58 67
58 70
58 71
58 73
58 77
58 88
58 92
58 98
59 2
59 3
59 9
59 10
59 11
59 12
59 15
59 19
59 20
59 23
59 25
59 28
59 31
59 33
59 37
59 40
59 43
59 47
59 48
59 50
59 53
59 54
59 56
59 60
59 69
59 77
59 82
59 83
59 86
59 87
59 90
59 98
60 8
60 9
60 10
60 14
60 15
60 16
60 20
60 21
60 22
60 23
60 25
60 30
60 32
60 38
60 40
60 41
60 45
60 59
60 63
60 64
60 66
60 67
60 69
60 70
60 72
60 80
60 86
60 87
60 88
60 89
60 91
60 95
60 96
60 97
60 99
61 1
61 3
61 7
61 8
61 10
61 15
61 16
61 18
61 23
61 24
61 28
61 30
61 33
61 36
61 37
61 40
61 45
61 46
61 48
61 50
61 52
61 54
61 58
61 59
61 67
61 78
61 88
61 96
62 1
62 5
62 12
62 14
62 17
62 18
62 19
62 23
62 26
62 31
62 40
62 43
62 49
62 55
62 57
62 59
62 60
62 63
62 73
62 74
62 77
62 79
62 89
62 100
63 0
63 1
63 2
63 8
63 15
63 23
63 35
63 42
63 48
63 53
63 58
63 66
63 75
63 77
63 78
63 87
63 90
63 96
63 99
63 100
64 5
64 10
64 12
64 15
64 16
64 21
64 22
64 26
64 29
64 32
64 34
64 35
64 36
64 37
64 38
64 39
64 42
64 48
64 49
64 56
64 58
64 61
64 72
64 77
64 79
64 82
64 84
64 85
64 87
64 90
64 92
64 95
65 0
65 1
65 4
65 6
65 13
65 14
65 15
65 20
65 22
65 23
65 25
65 26
65 28
65 29
65 30
65 32
65 34
65 35
65 37
65 38
65 41
65 42
65 45
65 48
65 49
65 50
65 51
65 56
65 59
65 64
65 65
65 69
65 84
65 87
65 88
65 89
65 100
66 1
66 2
66 7
66 10
66 22
66 23
66 25
66 27
66 28
66 37
66 38
66 40
66 41
66 43
66 45
66 49
66 50
66 53
66 54
66 55
66 62
66 63
66 69
66 76
66 77
66 81
66 82
66 87
66 88
66 89
66 92
67 1
67 2
67 5
67 6
67 7
67 8
67 9
67 12
67 18
67 21
67 23
67 24
67 26
67 27
67 28
67 34
67 37
67 41
67 42
67 48
67 49
67 50
67 53
67 54
67 57
67 73
67 74
67 78
67 80
67 83
67 89
67 95
67 100
68 2
68 3
68 5
68 8
68 9
68 12
68 16
68 18
68 20
68 21
68 24
68 25
68 34
68 37
68 38
68 49
68 51
68 52
68 55
68 57
68 58
68 67
68 84
68 85
68 86
69 2
69 3
69 5
69 9
69 16
69 20
69 22
69 27
69 29
69 30
69 34
69 35
69 42
69 44
69 49
69 55
69 60
69 62
69 66
69 74
69 75
69 78
69 79
69 80
69 83
69 87
69 88
69 89
69 91
69 95
69 99
70 2
70 5
70 8
70 11
70 12
70 17
70 18
70 22
70 26
70 35
70 44
70 46
70 50
70 60
70 61
70 69
70 70
70 75
70 80
70 82
70 83
70 85
70 87
70 88
70 92
70 99
70 100
71 1
71 10
71 17
71 24
71 31
71 39
71 43
71 44
71 51
71 53
71 57
71 58
71 68
71 75
71 77
71 81
71 86
71 88
71 97
71 99
72 0
72 1
72 5
72 11
72 12
72 13
72 14
72 20
72 21
72 24
72 30
72 32
72 34
72 47
72 51
72 56
72 62
72 72
72 74
72 77
72 86
72 96
72 97
72 100
73 1
73 7
73 9
73 16
73 18
73 22
73 33
73 36
73 50
73 54
73 55
73 56
73 57
73 64
73 70
73 72
73 73
73 80
73 86
73 91
73 92
73 93
73 100
74 0
74 5
74 10
74 11
74 12
74 13
74 16
74 19
74 24
74 26
74 27
74 36
74 39
74 40
74 47
74 50
74 51
74 53
74 57
74 61
74 62
74 63
74 66
74 67
74 68
74 72
74 76
74 77
74 81
74 88
74 92
74 96
75 2
75 7
75 9
75 13
75 14
75 15
75 23
75 24
75 26
75 30
75 36
75 38
75 39
75 54
75 55
75 62
75 67
75 69
75 72
75 75
75 76
75 77
75 78
75 79
75 81
75 85
75 86
75 93
75 99
75 100
76 5
76 10
76 12
76 16
76 17
76 19
76 21
76 27
76 29
76 37
76 39
76 46
76 49
76 64
76 68
76 74
76 77
76 81
76 84
76 93
76 99
77 5
77 7
77 9
77 10
77 12
77 14
77 15
77 16
77 19
77 33
77 35
77 38
77 39
77 40
77 41
77 49
77 51
77 53
77 55
77 58
77 60
77 63
77 71
77 74
77 77
77 78
77 81
77 83
77 89
77 94
77 96
77 98
77 100
78 2
78 3
78 6
78 9
78 18
78 25
78 28
78 29
78 30
78 34
78 35
78 48
78 52
78 59
78 68
78 70
78 71
78 72
78 73
78 76
78 78
78 81
78 83
78 85
78 87
78 92
78 95
78 96
78 99
79 0
79 4
79 13
79 15
79 18
79 19
79 20
79 25
79 28
79 33
79 34
79 36
79 37
79 39
79 43
79 44
79 45
79 47
79 48
79 50
79 51
79 52
79 59
79 62
79 65
79 76
79 79
79 83
79 87
79 100
80 3
80 4
80 9
80 11
80 15
80 16
80 18
80 19
80 22
80 23
80 24
80 26
80 33
80 36
80 39
80 41
80 43
80 44
80 48
80 50
80 51
80 55
80 58
80 60
80 63
80 65
80 73
80 75
80 80
80 82
80 84
80 88
80 89
80 92
80 93
80 94
80 97
80 100
81 0
81 2
81 6
81 8
81 14
81 16
81 26
81 36
81 37
81 38
81 48
81 49
81 51
81 55
81 57
81 58
81 59
81 66
81 67
81 69
81 71
81 87
81 90
81 92
81 94
81 98
81 99
81 100
82 5
82 6
82 9
82 10
82 17
82 19
82 21
82 22
82 33
82 35
82 38
82 43
82 44
82 46
82 54
82 55
82 56
82 62
82 64
82 65
82 73
82 75
82 78
82 82
82 83
82 86
82 89
82 93
82 95
83 11
83 15
83 17
83 25
83 32
83 36
83 37
83 48
83 52
83 53
83 56
83 64
83 65
83 66
83 68
83 71
83 73
83 75
83 79
83 81
83 83
83 85
83 89
83 94
83 98
84 5
84 6
84 7
84 10
84 11
84 18
84 20
84 23
84 25
84 27
84 28
84 29
84 41
84 42
84 53
84 56
84 61
84 62
84 65
84 70
84 74
84 75
84 80
84 85
84 94
84 98
84 100
85 3
85 4
85 6
85 9
85 13
85 16
85 17
85 22
85 36
85 37
85 47
85 49
85 56
85 60
85 62
85 63
85 67
85 69
85 73
85 75
85 76
85 81
85 83
85 92
85 94
85 97
86 7
86 13
86 16
86 18
86 19
86 31
86 32
86 35
86 41
86 45
86 46
86 48
86 53
86 56
86 64
86 67
86 69
86 72
86 73
86 74
86 76
86 78
86 81
86 82
86 83
86 85
86 89
86 96
86 100
87 9
87 10
87 13
87 14
87 21
87 22
87 26
87 35
87 40
87 43
87 44
87 45
87 48
87 50
87 51
87 52
87 54
87 62
87 63
87 66
87 68
87 69
87 70
87 72
87 73
87 80
87 82
87 83
87 88
87 98
88 1
88 2
88 5
88 8
88 9
88 21
88 25
88 29
88 40
88 44
88 45
88 46
88 47
88 49
88 55
88 58
88 61
88 67
88 70
88 74
88 77
88 80
88 85
88 86
88 94
88 98
88 100
89 1
89 4
89 6
89 7
89 8
89 11
89 14
89 17
89 18
89 19
89 21
89 23
89 25
89 33
89 39
89 43
89 46
89 50
89 51
89 52
89 54
89 59
89 61
89 62
89 63
89 67
89 68
89 70
89 73
89 75
89 77
89 78
89 79
89 83
89 89
89 90
89 93
89 96
89 97
89 98
89 100
90 8
90 9
90 25
90 27
90 30
90 44
90 46
90 48
90 57
90 59
90 61
90 62
90 71
90 73
90 74
90 75
90 76
90 79
90 82
90 84
90 89
90 91
90 95
90 97
91 2
91 3
91 7
91 9
91 11
91 14
91 17
91 18
91 22
91 24
91 25
91 26
91 29
91 31
91 32
91 34
91 37
91 38
91 39
91 42
91 65
91 69
91 70
91 88
91 99
92 0
92 1
92 3
92 5
92 10
92 11
92 12
92 14
92 15
92 17
92 20
92 22
92 25
92 28
92 33
92 35
92 36
92 37
92 39
92 42
92 44
92 45
92 53
92 58
92 59
92 64
92 65
92 68
92 69
92 71
92 83
92 88
92 93
92 94
92 95
92 96
92 98
93 1
93 8
93 12
93 13
93 21
93 22
93 23
93 24
93 26
93 27
93 28
93 30
93 31
93 34
93 38
93 39
93 41
93 43
93 48
93 50
93 51
93 56
93 62
93 65
93 67
93 68
93 69
93 70
93 76
93 78
93 80
93 81
93 83
93 86
93 88
93 93
94 1
94 2
94 4
94 6
94 7
94 13
94 14
94 26
94 36
94 37
94 41
94 45
94 52
94 56
94 61
94 62
94 74
94 75
94 79
94 83
94 84
94 86
94 93
95 2
95 3
95 11
95 12
95 13
95 15
95 22
95 26
95 29
95 32
95 34
95 42
95 44
95 46
95 49
95 50
95 54
95 56
95 64
95 65
95 66
95 73
95 74
95 75
95 76
95 83
95 84
95 86
95 87
95 89
95 95
95 97
96 0
96 2
96 4
96 7
96 9
96 10
96 13
96 15
96 20
96 22
96 23
96 25
96 27
96 29
96 30
96 34
96 36
96 39
96 50
96 62
96 65
96 66
96 69
96 75
96 76
96 79
96 80
96 85
96 89
96 93
96 97
96 99
97 0
97 1
97 7
97 9
97 11
97 14
97 16
97 19
97 23
97 44
97 47
97 50
97 51
97 52
97 53
97 55
97 57
97 58
97 63
97 64
97 68
97 71
97 73
97 79
97 83
97 84
97 85
97 92
97 94
98 1
98 2
98 6
98 8
98 12
98 13
98 14
98 15
98 16
98 17
98 18
98 21
98 28
98 33
98 42
98 45
98 46
98 47
98 49
98 51
98 52
98 53
98 60
98 62
98 63
98 68
98 69
98 70
98 74
98 83
98 85
98 86
98 94
98 95
98 98
99 0
99 4
99 5
99 7
99 8
99 9
99 11
99 13
99 18
99 19
99 21
99 24
99 26
99 28
99 33
99 34
99 39
99 40
99 41
99 42
99 45
99 46
99 47
99 52
99 53
99 54
99 56
99 57
99 64
99 65
99 67
99 69
99 73
99 76
99 77
99 78
99 79
99 80
99 87
99 88
99 89
99 92
99 93
99 96
100 2
100 9
100 13
100 15
100 17
100 20
100 23
100 26
100 27
100 28
100 29
100 32
100 33
100 34
100 37
100 39
100 40
100 51
100 52
100 54
100 55
100 57
100 62
100 70
100 72
100 74
100 77
100 81
100 82
100 85
100 86
100 87
100 88
100 90
100 91
100 92
100 96
