0 1
0 5
0 6
0 11
0 16
0 21
0 26
0 28
0 29
0 31
0 35
0 38
0 41
0 48
0 51
0 52
0 55
0 62
0 63
0 64
0 65
0 66
0 70
0 71
0 73
0 75
0 78
0 83
0 84
0 86
0 87
0 94
0 95
0 97
0 99
1 1
1 4
1 5
1 6
1 7
1 8
1 12
1 14
1 24
1 26
1 39
1 42
1 49
1 55
1 56
1 68
1 69
1 70
1 71
1 73
1 76
1 77
1 81
1 87
1 89
1 99
1 100
2 2
2 3
2 4
2 11
2 13
2 17
2 19
2 24
2 28
2 32
2 39
2 41
2 42
2 47
2 48
2 49
2 53
2 58
2 59
2 66
2 67
2 68
2 69
2 71
2 73
2 76
2 78
2 80
2 81
2 84
2 87
2 88
2 92
2 93
3 1
3 2
3 3
3 4
3 10
3 12
3 14
3 15
3 19
3 20
3 21
3 23
3 27
3 29
3 31
3 36
3 37
3 39
3 42
3 46
3 47
3 48
3 59
3 61
3 62
3 63
3 64
3 67
3 75
3 77
3 78
3 81
3 87
3 91
3 92
3 93
3 97
3 100
4 1
4 7
4 15
4 16
4 18
4 19
4 25
4 29
4 32
4 33
4 34
4 42
4 45
4 46
4 47
4 53
4 55
4 56
4 57
4 64
4 67
4 68
4 69
4 72
4 73
4 74
4 75
4 80
4 85
4 88
4 95
4 96
4 98
5 2
5 4
5 8
5 10
5 13
5 17
5 20
5 22
5 27
5 29
5 30
5 36
5 37
5 41
5 50
5 53
5 62
5 67
5 71
5 75
5 79
5 87
5 89
5 90
5 92
6 6
6 9
6 11
6 13
6 18
6 19
6 21
6 25
6 28
6 31
6 38
6 40
6 42
6 44
6 46
6 48
6 51
6 52
6 57
6 58
6 60
6 61
6 62
6 66
6 71
6 72
6 74
6 78
6 82
6 84
6 85
6 86
6 87
6 88
6 98
7 2
7 5
7 6
7 10
7 11
7 14
7 15
7 16
7 17
7 21
7 23
7 26
7 36
7 46
7 51
7 52
7 53
7 54
7 67
7 70
7 77
7 80
7 83
7 84
7 89
7 91
7 94
7 96
7 97
7 100
8 0
8 1
8 3
8 11
8 20
8 21
8 22
8 25
8 27
8 28
8 30
8 31
8 34
8 35
8 36
8 37
8 39
8 47
8 50
8 52
8 53
8 54
8 55
8 58
8 59
8 66
8 67
8 71
8 74
8 78
8 81
8 83
8 85
8 86
8 90
8 91
8 92
8 95
8 96
9 1
9 3
9 4
9 9
9 10
9 14
9 22
9 26
9 27
9 30
9 37
9 38
9 40
9 41
9 43
9 46
9 51
9 57
9 67
9 68
9 70
9 74
9 75
9 76
9 77
9 81
9 82
9 84
9 86
9 88
9 94
9 95
9 96
9 97
10 1
10 3
10 11
10 15
10 18
10 29
10 37
10 43
10 46
10 53
10 57
10 58
10 60
10 64
10 65
10 66
10 67
10 71
10 73
10 77
10 81
10 86
10 95
10 98
11 1
11 9
11 10
11 12
11 15
11 16
11 19
11 23
11 26
11 31
11 34
11 35
11 36
11 40
11 41
11 44
11 52
11 53
11 56
11 59
11 60
11 68
11 70
11 79
11 83
11 85
11 87
11 93
11 95
11 96
11 99
11 100
12 0
12 4
12 10
12 14
12 17
12 19
12 20
12 22
12 24
12 31
12 34
12 35
12 38
12 41
12 43
12 44
12 46
12 47
12 59
12 60
12 61
12 65
12 66
12 71
12 72
12 73
12 74
12 75
12 77
12 79
12 91
12 92
12 93
12 98
13 1
13 4
13 5
13 13
13 19
13 21
13 23
13 28
13 29
13 30
13 31
13 35
13 36
13 37
13 38
13 47
13 50
13 52
13 56
13 59
13 61
13 62
13 71
13 73
13 74
13 85
13 87
13 88
13 90
13 97
14 0
14 2
14 8
14 9
14 17
14 18
14 20
14 28
14 33
14 34
14 42
14 44
14 46
14 47
14 52
14 54
14 57
14 60
14 65
14 70
14 75
14 76
14 78
14 83
14 84
14 88
14 96
15 1
15 13
15 15
15 19
15 23
15 24
15 30
15 37
15 51
15 52
15 53
15 54
15 65
15 68
15 69
15 77
15 81
15 84
15 88
15 89
15 94
15 97
16 4
16 12
16 14
16 15
16 17
16 20
16 26
16 28
16 30
16 33
16 36
16 37
16 38
16 42
16 47
16 53
16 54
16 58
16 60
16 65
16 67
16 68
16 69
16 82
16 83
16 88
16 90
16 98
17 1
17 5
17 6
17 8
17 10
17 11
17 13
17 14
17 17
17 23
17 30
17 31
17 38
17 40
17 42
17 43
17 47
17 66
17 69
17 70
17 72
17 74
17 78
17 84
17 85
17 87
17 96
17 97
18 5
18 6
18 7
18 8
18 11
18 12
18 24
18 25
18 29
18 30
18 31
18 40
18 42
18 46
18 48
18 50
18 51
18 55
18 56
18 57
18 59
18 60
18 62
18 69
18 72
18 73
18 83
18 87
18 88
18 89
18 92
18 94
18 100
19 1
19 2
19 3
19 4
19 7
19 8
19 11
19 12
19 13
19 18
19 31
19 33
19 35
19 40
19 42
19 45
19 49
19 56
19 59
19 61
19 65
19 74
19 79
19 82
19 83
19 87
19 88
19 90
19 92
19 96
19 100
20 1
20 2
20 4
20 6
20 7
20 9
20 16
20 17
20 20
20 21
20 24
20 25
20 32
20 33
20 35
20 37
20 38
20 42
20 43
20 58
20 62
20 64
20 65
20 67
20 69
20 71
20 74
20 82
20 85
20 86
20 87
20 96
20 98
21 4
21 16
21 19
21 21
21 22
21 23
21 25
21 31
21 34
21 44
21 48
21 51
21 53
21 65
21 67
21 70
21 74
21 76
21 79
21 81
21 83
21 84
21 87
21 88
21 91
21 93
21 94
21 97
21 99
22 2
22 4
22 10
22 11
22 17
22 20
22 26
22 30
22 33
22 35
22 39
22 40
22 48
22 50
22 51
22 52
22 53
22 57
22 59
22 60
22 61
22 64
22 68
22 71
22 74
22 76
22 81
22 84
22 88
22 91
22 94
22 96
22 100
23 3
23 5
23 9
23 16
23 17
23 19
23 22
23 26
23 32
23 34
23 42
23 43
23 45
23 49
23 52
23 53
23 56
23 58
23 62
23 63
23 64
23 65
23 69
23 73
23 74
23 75
23 76
23 78
23 79
23 80
23 85
23 88
23 90
24 3
24 4
24 6
24 9
24 10
24 11
24 19
24 34
24 35
24 39
24 40
24 41
24 42
24 43
24 46
24 47
24 50
24 53
24 59
24 60
24 61
24 64
24 66
24 69
24 73
24 86
24 91
24 93
24 96
24 97
24 99
25 0
25 1
25 5
25 10
25 11
25 15
25 16
25 17
25 26
25 28
25 32
25 36
25 38
25 42
25 45
25 48
25 49
25 57
25 58
25 59
25 62
25 68
25 69
25 70
25 72
25 75
25 77
25 81
25 84
25 85
25 93
25 94
25 95
25 96
25 97
25 98
25 100
26 3
26 8
26 11
26 12
26 15
26 16
26 17
26 19
26 20
26 25
26 26
26 28
26 32
26 36
26 37
26 38
26 39
26 41
26 44
26 46
26 47
26 48
26 67
26 69
26 70
26 76
26 77
26 80
26 82
26 83
26 84
26 86
26 88
26 90
26 91
26 92
26 97
26 99
27 0
27 3
27 4
27 9
27 11
27 13
27 17
27 20
27 23
27 24
27 28
27 34
27 39
27 41
27 42
27 46
27 53
27 55
27 57
27 59
27 62
27 64
27 65
27 66
27 68
27 70
27 71
27 72
27 81
27 83
27 86
27 87
27 89
27 94
27 95
27 99
27 100
28 2
28 10
28 13
28 19
28 22
28 28
28 31
28 33
28 36
28 37
28 40
28 42
28 45
28 49
28 50
28 52
28 53
28 55
28 58
28 60
28 64
28 66
28 70
28 77
28 81
28 83
28 84
28 87
28 89
28 90
28 94
28 95
28 96
28 99
29 1
29 2
29 3
29 10
29 17
29 19
29 20
29 22
29 24
29 28
29 33
29 36
29 40
29 45
29 47
29 50
29 53
29 56
29 60
29 61
29 64
29 71
29 76
29 80
29 85
29 87
29 89
29 90
29 91
29 99
29 100
30 1
30 12
30 13
30 17
30 19
30 23
30 27
30 28
30 29
30 30
30 35
30 41
30 44
30 46
30 48
30 49
30 50
30 52
30 53
30 57
30 59
30 60
30 62
30 63
30 64
30 65
30 66
30 67
30 71
30 72
30 74
30 82
30 88
30 90
30 94
30 95
30 96
30 100
31 2
31 7
31 10
31 11
31 14
31 15
31 21
31 32
31 35
31 36
31 37
31 47
31 48
31 49
31 50
31 52
31 54
31 63
31 64
31 66
31 70
31 71
31 74
31 75
31 76
31 84
31 88
31 92
31 94
31 95
31 97
31 98
31 100
32 0
32 2
32 3
32 11
32 12
32 15
32 16
32 18
32 24
32 25
32 26
32 28
32 32
32 37
32 41
32 44
32 45
32 50
32 52
32 54
32 64
32 65
32 72
32 77
32 84
32 90
32 98
32 100
33 1
33 5
33 6
33 23
33 25
33 27
33 28
33 30
33 32
33 35
33 36
33 38
33 46
33 47
33 50
33 52
33 53
33 57
33 61
33 67
33 68
33 70
33 71
33 73
33 74
33 83
33 84
33 85
33 93
33 99
34 0
34 2
34 4
34 8
34 9
34 10
34 11
34 13
34 14
34 15
34 18
34 19
34 24
34 25
34 28
34 33
34 36
34 43
34 44
34 52
34 54
34 55
34 57
34 59
34 60
34 68
34 72
34 74
34 76
34 79
34 86
34 89
34 90
34 92
34 95
34 96
35 1
35 2
35 12
35 13
35 15
35 22
35 25
35 27
35 29
35 32
35 38
35 40
35 45
35 46
35 48
35 49
35 50
35 54
35 57
35 59
35 62
35 63
35 70
35 87
35 89
35 93
35 98
36 0
36 3
36 4
36 6
36 8
36 9
36 15
36 16
36 17
36 19
36 22
36 23
36 24
36 27
36 36
36 39
36 43
36 47
36 48
36 53
36 59
36 61
36 68
36 70
36 79
36 81
36 82
36 84
36 91
36 92
36 95
37 8
37 9
37 10
37 11
37 14
37 17
37 19
37 25
37 26
37 32
37 35
37 40
37 42
37 44
37 45
37 46
37 51
37 52
37 53
37 57
37 60
37 71
37 73
37 76
37 79
37 86
37 91
37 96
37 100
38 0
38 6
38 13
38 15
38 18
38 22
38 25
38 28
38 31
38 32
38 34
38 40
38 41
38 42
38 46
38 47
38 49
38 50
38 52
38 54
38 55
38 60
38 73
38 74
38 78
38 81
38 84
38 88
38 89
38 90
38 94
38 97
38 99
39 2
39 3
39 8
39 12
39 22
39 25
39 26
39 29
39 30
39 32
39 34
39 38
39 40
39 43
39 46
39 48
39 55
39 57
39 61
39 67
39 68
39 70
39 71
39 75
39 77
39 82
39 83
39 85
39 87
39 90
39 91
39 95
39 96
39 97
40 5
40 9
40 13
40 14
40 21
40 24
40 25
40 30
40 40
40 42
40 52
40 58
40 64
40 69
40 72
40 74
40 75
40 76
40 79
40 82
40 85
40 94
40 95
40 96
40 98
41 5
41 11
41 13
41 14
41 16
41 21
41 31
41 32
41 34
41 35
41 36
41 41
41 43
41 45
41 46
41 47
41 49
41 52
41 57
41 64
41 66
41 73
41 75
41 76
41 77
41 82
41 87
41 88
41 90
41 91
41 92
41 93
41 95
41 97
42 3
42 9
42 21
42 24
42 25
42 27
42 31
42 32
42 33
42 36
42 40
42 41
42 42
42 43
42 44
42 45
42 46
42 49
42 52
42 59
42 60
42 61
42 66
42 73
42 74
42 75
42 79
42 83
42 84
42 87
42 89
42 96
43 0
43 7
43 8
43 9
43 20
43 24
43 25
43 27
43 29
43 38
43 41
43 46
43 57
43 60
43 66
43 68
43 69
43 72
43 73
43 87
43 89
43 92
43 95
43 100
44 4
44 16
44 17
44 18
44 21
44 25
44 33
44 36
44 38
44 39
44 42
44 44
44 47
44 48
44 51
44 52
44 53
44 55
44 59
44 62
44 67
44 71
44 72
44 74
44 75
44 76
44 83
44 85
44 90
44 92
44 94
44 95
44 97
45 0
45 1
45 3
45 5
45 7
45 15
45 17
45 18
45 19
45 22
45 24
45 25
45 26
45 31
45 32
45 38
45 43
45 44
45 46
45 57
45 61
45 64
45 65
45 66
45 67
45 68
45 69
45 76
45 78
45 79
45 82
45 87
45 88
45 91
45 94
45 95
45 100
46 1
46 5
46 9
46 11
46 13
46 14
46 17
46 19
46 21
46 22
46 27
46 30
46 33
46 37
46 40
46 44
46 45
46 49
46 59
46 60
46 69
46 71
46 72
46 74
46 75
46 76
46 80
46 83
46 84
46 87
46 92
46 95
46 99
47 7
47 12
47 14
47 17
47 18
47 19
47 20
47 23
47 28
47 29
47 32
47 35
47 44
47 47
47 58
47 60
47 61
47 62
47 68
47 69
47 71
47 72
47 74
47 75
47 77
47 78
47 81
47 83
47 84
47 86
47 91
47 98
47 100
48 4
48 7
48 8
48 10
48 11
48 12
48 20
48 22
48 32
48 33
48 34
48 37
48 43
48 45
48 47
48 57
48 58
48 59
48 61
48 62
48 68
48 72
48 79
48 81
48 84
48 85
48 88
48 90
48 95
49 0
49 6
49 8
49 9
49 10
49 11
49 12
49 15
49 21
49 25
49 28
49 30
49 34
49 39
49 46
49 51
49 55
49 56
49 68
49 70
49 74
49 78
49 82
49 88
49 93
49 96
49 98
49 100
50 0
50 2
50 3
50 4
50 6
50 9
50 16
50 23
50 26
50 29
50 30
50 31
50 32
50 37
50 38
50 39
50 42
50 44
50 46
50 48
50 57
50 60
50 63
50 66
50 67
50 70
50 73
50 75
50 78
50 80
50 83
50 85
50 86
50 87
50 88
50 92
50 95
50 96
51 0
51 1
51 3
51 5
51 6
51 8
51 9
51 13
51 16
51 19
51 25
51 28
51 31
51 33
51 37
51 43
51 44
51 48
51 52
51 59
51 63
51 64
51 68
51 78
51 81
51 85
51 87
51 93
51 95
51 98
52 0
52 4
52 7
52 8
52 12
52 15
52 16
52 19
52 21
52 24
52 29
52 31
52 34
52 35
52 38
52 40
52 41
52 49
52 52
52 59
52 62
52 63
52 66
52 67
52 70
52 73
52 74
52 75
52 81
52 89
52 97
52 100
53 3
53 6
53 8
53 13
53 15
53 16
53 21
53 25
53 31
53 38
53 40
53 41
53 42
53 43
53 49
53 51
53 52
53 53
53 54
53 59
53 62
53 67
53 74
53 83
53 86
53 91
53 96
53 97
53 99
53 100
54 7
54 8
54 12
54 15
54 22
54 27
54 30
54 32
54 36
54 45
54 50
54 53
54 60
54 61
54 62
54 63
54 64
54 81
54 85
54 87
54 95
54 96
55 0
55 2
55 4
55 6
55 12
55 13
55 15
55 18
55 26
55 35
55 37
55 42
55 46
55 50
55 53
55 54
55 56
55 58
55 62
55 63
55 73
55 74
55 76
55 78
55 79
55 81
55 84
55 94
55 100
56 0
56 2
56 3
56 10
56 11
56 21
56 24
56 27
56 31
56 32
56 34
56 37
56 38
56 42
56 47
56 53
56 54
56 58
56 67
56 69
56 70
56 71
56 73
56 76
56 78
56 79
56 83
56 85
56 87
56 88
56 92
56 95
56 96
56 98
57 7
57 14
57 18
57 19
57 21
57 25
57 31
57 36
57 38
57 42
57 46
57 50
57 59
57 67
57 68
57 70
57 73
57 74
57 76
57 77
57 78
57 89
57 90
57 93
57 96
57 97
57 99
58 8
58 9
58 13
58 15
58 18
58 21
58 25
58 28
58 32
58 44
58 46
58 49
58 57
58 61
58 62
58 67
58 70
58 71
58 73
58 75
58 76
58 77
58 81
58 85
58 90
58 94
58 98
58 100
59 1
59 7
59 8
59 11
59 13
59 17
59 27
59 30
59 31
59 37
59 39
59 44
59 46
59 51
59 52
59 60
59 61
59 62
59 63
59 65
59 68
59 73
59 88
59 90
59 92
59 93
59 95
59 97
59 99
60 2
60 4
60 18
60 25
60 27
60 28
60 30
60 31
60 32
60 34
60 35
60 37
60 39
60 48
60 49
60 50
60 53
60 56
60 59
60 61
60 71
60 72
60 83
60 86
60 87
60 94
60 95
60 97
61 2
61 3
61 7
61 8
61 10
61 13
61 14
61 18
61 19
61 23
61 24
61 33
61 42
61 44
61 49
61 54
61 56
61 58
61 60
61 63
61 70
61 73
61 74
61 76
61 78
61 79
61 81
61 84
61 87
61 94
61 96
61 98
61 99
62 4
62 8
62 10
62 11
62 15
62 19
62 21
62 23
62 24
62 32
62 33
62 36
62 37
62 39
62 40
62 47
62 58
62 72
62 73
62 74
62 75
62 77
62 80
62 84
62 89
62 90
62 93
62 95
62 99
63 1
63 4
63 5
63 6
63 7
63 8
63 9
63 11
63 15
63 23
63 29
63 30
63 31
63 35
63 37
63 38
63 39
63 41
63 42
63 48
63 49
63 51
63 59
63 69
63 71
63 74
63 75
63 78
63 81
63 83
63 86
63 88
63 90
63 98
63 100
64 1
64 2
64 3
64 4
64 5
64 9
64 10
64 13
64 14
64 17
64 21
64 30
64 31
64 32
64 39
64 43
64 44
64 51
64 56
64 60
64 61
64 62
64 63
64 69
64 75
64 77
64 80
64 82
64 83
64 84
64 92
64 95
65 3
65 5
65 6
65 9
65 14
65 15
65 17
65 19
65 20
65 26
65 29
65 31
65 35
65 41
65 42
65 44
65 50
65 52
65 53
65 54
65 55
65 56
65 62
65 63
65 66
65 75
65 77
65 78
65 79
65 81
65 82
65 83
65 86
65 88
65 96
66 0
66 13
66 14
66 15
66 17
66 18
66 23
66 31
66 34
66 37
66 40
66 41
66 43
66 44
66 46
66 56
66 59
66 67
66 71
66 72
66 75
66 78
66 80
66 82
66 84
66 85
66 87
66 88
66 89
66 90
66 91
66 92
66 93
66 94
66 95
66 97
66 99
67 10
67 12
67 18
67 19
67 25
67 34
67 43
67 44
67 45
67 48
67 49
67 52
67 63
67 64
67 65
67 69
67 72
67 74
67 76
67 81
67 86
67 87
67 97
67 98
68 3
68 6
68 9
68 24
68 28
68 34
68 36
68 39
68 41
68 47
68 49
68 54
68 57
68 58
68 59
68 61
68 62
68 65
68 66
68 73
68 76
68 79
68 85
68 87
68 89
68 94
68 95
68 99
69 0
69 1
69 3
69 10
69 11
69 14
69 22
69 24
69 25
69 28
69 33
69 35
69 36
69 42
69 49
69 50
69 51
69 54
69 55
69 62
69 65
69 77
69 79
69 80
69 85
69 87
69 88
69 91
69 93
69 94
69 95
69 96
69 100
70 2
70 3
70 6
70 15
70 18
70 21
70 30
70 32
70 43
70 48
70 50
70 54
70 59
70 60
70 63
70 67
70 74
70 75
70 78
70 85
70 90
70 92
70 98
71 11
71 17
71 21
71 22
71 23
71 26
71 29
71 31
71 34
71 36
71 38
71 42
71 43
71 44
71 46
71 47
71 51
71 53
71 60
71 62
71 63
71 66
71 74
71 81
71 83
71 84
71 90
71 92
71 96
71 97
71 100
72 0
72 1
72 11
72 15
72 18
72 19
72 22
72 26
72 30
72 33
72 34
72 42
72 43
72 50
72 60
72 62
72 63
72 70
72 73
72 74
72 79
72 84
72 88
72 89
72 90
72 94
72 95
73 11
73 16
73 22
73 23
73 28
73 33
73 36
73 40
73 43
73 46
73 49
73 50
73 58
73 59
73 61
73 63
73 64
73 65
73 67
73 70
73 74
73 80
73 81
73 86
73 88
73 94
73 96
73 100
74 4
74 10
74 16
74 17
74 18
74 23
74 25
74 26
74 27
74 29
74 37
74 45
74 52
74 54
74 58
74 59
74 62
74 66
74 83
74 85
74 87
74 91
74 92
74 94
74 95
74 98
75 2
75 5
75 17
75 21
75 22
75 27
75 29
75 37
75 42
75 44
75 45
75 47
75 52
75 53
75 54
75 65
75 66
75 69
75 71
75 73
75 79
75 86
75 90
75 91
75 94
75 99
76 0
76 1
76 3
76 12
76 15
76 19
76 20
76 22
76 23
76 25
76 29
76 33
76 36
76 38
76 44
76 45
76 46
76 48
76 51
76 53
76 56
76 57
76 63
76 65
76 66
76 68
76 73
76 77
76 79
76 81
76 84
76 86
76 87
76 88
76 90
76 91
76 92
76 94
76 99
77 0
77 1
77 4
77 8
77 16
77 20
77 22
77 23
77 24
77 30
77 31
77 33
77 34
77 36
77 37
77 39
77 47
77 50
77 52
77 53
77 54
77 56
77 57
77 59
77 60
77 64
77 65
77 68
77 70
77 71
77 72
77 73
77 76
77 77
77 78
77 82
77 88
77 95
78 3
78 4
78 7
78 9
78 14
78 15
78 25
78 26
78 27
78 34
78 36
78 38
78 40
78 44
78 46
78 56
78 63
78 69
78 70
78 71
78 77
78 83
78 85
78 87
78 88
78 89
78 92
78 94
78 98
78 100
79 4
79 9
79 10
79 12
79 13
79 16
79 19
79 21
79 25
79 39
79 44
79 46
79 50
79 51
79 52
79 55
79 70
79 72
79 74
79 75
79 83
79 85
79 88
79 91
79 92
79 96
79 98
79 100
80 0
80 3
80 7
80 11
80 13
80 14
80 22
80 23
80 25
80 27
80 28
80 31
80 32
80 33
80 37
80 45
80 47
80 57
80 58
80 64
80 65
80 68
80 69
80 80
80 82
80 83
80 90
80 91
80 94
80 95
81 1
81 2
81 6
81 9
81 14
81 19
81 29
81 35
81 39
81 46
81 48
81 49
81 54
81 60
81 70
81 72
81 75
81 89
81 90
81 91
81 96
81 98
81 99
81 100
82 11
82 12
82 15
82 24
82 25
82 27
82 28
82 31
82 33
82 34
82 40
82 46
82 49
82 54
82 56
82 60
82 62
82 65
82 68
82 72
82 73
82 75
82 77
82 87
82 99
83 1
83 4
83 5
83 7
83 8
83 9
83 11
83 14
83 16
83 19
83 22
83 23
83 27
83 33
83 36
83 37
83 42
83 46
83 47
83 53
83 55
83 57
83 58
83 59
83 63
83 64
83 68
83 71
83 73
83 74
83 75
83 78
83 79
83 80
83 81
83 89
83 90
83 91
83 93
83 95
83 97
83 98
84 0
84 3
84 5
84 7
84 8
84 9
84 12
84 17
84 20
84 26
84 27
84 28
84 43
84 44
84 47
84 50
84 51
84 55
84 56
84 60
84 66
84 67
84 70
84 81
84 83
84 84
84 89
84 90
84 98
84 99
85 2
85 8
85 10
85 13
85 26
85 28
85 31
85 32
85 33
85 34
85 40
85 44
85 47
85 49
85 50
85 61
85 62
85 67
85 74
85 77
85 79
85 82
85 84
85 88
85 89
85 98
85 99
86 1
86 8
86 10
86 11
86 12
86 14
86 20
86 22
86 30
86 34
86 37
86 46
86 47
86 50
86 51
86 54
86 55
86 56
86 59
86 62
86 65
86 71
86 75
86 79
86 85
86 88
86 93
86 94
87 0
87 2
87 6
87 8
87 15
87 16
87 24
87 28
87 33
87 35
87 39
87 41
87 46
87 47
87 53
87 56
87 59
87 61
87 63
87 66
87 69
87 70
87 72
87 73
87 78
87 84
87 86
87 91
87 97
87 98
88 2
88 4
88 5
88 7
88 10
88 11
88 15
88 27
88 29
88 31
88 32
88 34
88 35
88 37
88 41
88 42
88 46
88 48
88 52
88 58
88 60
88 62
88 66
88 70
88 73
88 74
88 84
88 86
88 87
88 88
88 90
88 93
88 94
88 96
89 3
89 5
89 6
89 7
89 9
89 12
89 13
89 14
89 17
89 24
89 25
89 28
89 29
89 33
89 36
89 37
89 43
89 49
89 50
89 52
89 53
89 60
89 63
89 68
89 70
89 75
89 76
89 78
89 89
89 90
89 93
89 95
89 96
90 0
90 1
90 3
90 5
90 9
90 11
90 22
90 25
90 32
90 36
90 49
90 52
90 58
90 60
90 61
90 65
90 70
90 71
90 73
90 76
90 77
90 86
90 89
90 95
90 98
90 100
91 1
91 3
91 8
91 10
91 15
91 16
91 18
91 20
91 24
91 33
91 37
91 41
91 48
91 57
91 58
91 59
91 64
91 65
91 66
91 67
91 74
91 77
91 78
91 81
91 83
91 86
91 87
91 89
91 94
91 99
92 3
92 5
92 6
92 7
92 14
92 17
92 18
92 19
92 20
92 22
92 23
92 24
92 26
92 29
92 31
92 36
92 41
92 42
92 49
92 55
92 58
92 59
92 60
92 62
92 68
92 70
92 74
92 78
92 80
92 84
92 87
92 88
92 89
92 92
92 94
92 96
92 100
93 7
93 8
93 9
93 13
93 18
93 22
93 24
93 27
93 29
93 32
93 34
93 35
93 37
93 38
93 41
93 48
93 50
93 57
93 60
93 65
93 77
93 79
93 87
93 91
93 92
93 95
93 100
94 0
94 1
94 2
94 5
94 10
94 11
94 12
94 17
94 22
94 26
94 33
94 39
94 40
94 43
94 52
94 55
94 61
94 63
94 66
94 68
94 69
94 71
94 74
94 80
94 83
94 88
94 89
94 95
94 96
94 99
95 0
95 1
95 2
95 8
95 12
95 14
95 19
95 27
95 30
95 33
95 34
95 41
95 46
95 48
95 49
95 57
95 58
95 60
95 61
95 62
95 63
95 65
95 67
95 69
95 73
95 78
95 80
95 81
95 83
95 86
95 87
95 88
95 90
95 92
95 100
96 5
96 14
96 19
96 21
96 24
96 25
96 29
96 34
96 42
96 44
96 48
96 50
96 52
96 55
96 58
96 59
96 61
96 63
96 65
96 66
96 71
96 77
96 80
96 82
96 83
96 84
96 85
96 86
96 89
96 92
96 97
97 5
97 7
97 12
97 13
97 14
97 15
97 18
97 22
97 26
97 27
97 32
97 33
97 34
97 35
97 37
97 38
97 39
97 42
97 46
97 47
97 52
97 54
97 59
97 60
97 62
97 65
97 66
97 67
97 68
97 70
97 74
97 75
97 78
97 81
97 82
97 86
97 90
97 98
98 1
98 2
98 11
98 12
98 21
98 23
98 24
98 28
98 32
98 33
98 37
98 41
98 42
98 45
98 52
98 57
98 62
98 64
98 67
98 76
98 83
98 84
98 85
98 88
98 89
98 93
98 98
99 14
99 15
99 22
99 27
99 28
99 32
99 34
99 35
99 37
99 38
99 39
99 41
99 43
99 44
99 45
99 55
99 57
99 58
99 60
99 67
99 68
99 71
99 72
99 81
99 85
99 88
99 92
99 99
100 0
100 3
100 7
100 8
100 10
100 12
100 17
100 27
100 30
100 36
100 37
100 38
100 44
100 46
100 47
100 48
100 49
100 52
100 53
100 54
100 55
100 68
100 69
100 70
100 71
100 79
100 81
100 83
100 92
