0 1
0 3
0 4
0 7
0 8
0 9
0 13
0 14
0 15
0 23
0 24
0 25
0 27
0 28
0 35
0 36
0 39
0 40
0 44
0 45
0 47
0 48
0 50
0 55
0 56
0 58
0 61
0 67
0 69
0 70
0 71
0 76
0 77
0 78
0 81
0 83
0 85
0 98
1 4
1 7
1 10
1 11
1 12
1 15
1 17
1 21
1 22
1 23
1 26
1 27
1 34
1 35
1 42
1 48
1 52
1 53
1 55
1 57
1 62
1 67
1 68
1 70
1 72
1 76
1 78
1 83
1 87
1 88
1 97
2 7
2 9
2 12
2 15
2 16
2 18
2 20
2 23
2 25
2 26
2 27
2 28
2 30
2 32
2 34
2 37
2 38
2 41
2 43
2 48
2 51
2 52
2 71
2 72
2 80
2 81
2 83
2 88
2 89
2 94
2 97
2 98
2 99
2 100
3 0
3 4
3 5
3 10
3 15
3 28
3 33
3 34
3 37
3 39
3 41
3 42
3 43
3 44
3 46
3 48
3 49
3 51
3 52
3 53
3 55
3 57
3 60
3 61
3 64
3 65
3 66
3 69
3 71
3 82
3 88
3 93
3 94
3 97
3 99
3 100
4 1
4 5
4 11
4 15
4 16
4 18
4 19
4 21
4 23
4 25
4 29
4 35
4 36
4 45
4 49
4 53
4 55
4 57
4 58
4 61
4 67
4 70
4 73
4 78
4 81
4 89
4 92
4 96
5 0
5 1
5 2
5 5
5 9
5 12
5 18
5 26
5 27
5 30
5 31
5 32
5 39
5 42
5 43
5 48
5 52
5 53
5 54
5 57
5 60
5 61
5 64
5 65
5 67
5 73
5 75
5 76
5 79
5 81
5 83
5 85
5 86
5 88
5 94
6 6
6 7
6 11
6 17
6 18
6 25
6 26
6 29
6 33
6 34
6 36
6 40
6 42
6 43
6 45
6 53
6 54
6 56
6 58
6 60
6 61
6 64
6 66
6 68
6 73
6 74
6 75
6 77
6 78
6 82
6 83
6 89
6 91
6 92
6 99
6 100
7 3
7 4
7 5
7 7
7 9
7 10
7 14
7 16
7 18
7 20
7 24
7 33
7 34
7 46
7 48
7 53
7 54
7 58
7 61
7 64
7 66
7 67
7 72
7 76
7 80
7 89
7 91
7 92
7 95
7 97
8 1
8 5
8 15
8 16
8 21
8 23
8 28
8 33
8 36
8 37
8 40
8 48
8 54
8 63
8 65
8 68
8 85
8 86
8 89
9 5
9 7
9 8
9 17
9 21
9 25
9 26
9 30
9 36
9 37
9 38
9 40
9 43
9 44
9 45
9 48
9 49
9 50
9 54
9 55
9 56
9 62
9 66
9 69
9 70
9 72
9 75
9 78
9 83
9 90
9 96
9 98
10 0
10 3
10 6
10 9
10 11
10 14
10 16
10 20
10 26
10 28
10 29
10 36
10 37
10 47
10 49
10 51
10 52
10 53
10 55
10 62
10 78
10 80
10 94
10 97
10 100
11 4
11 6
11 7
11 10
11 13
11 15
11 20
11 21
11 24
11 25
11 26
11 28
11 31
11 34
11 36
11 37
11 39
11 41
11 48
11 53
11 55
11 57
11 62
11 63
11 65
11 76
11 79
11 80
11 81
11 83
11 86
11 88
11 89
11 98
11 100
12 0
12 3
12 4
12 5
12 7
12 14
12 19
12 20
12 23
12 31
12 42
12 44
12 48
12 54
12 61
12 63
12 65
12 66
12 73
12 76
12 85
12 93
12 96
12 97
13 0
13 3
13 20
13 21
13 23
13 27
13 31
13 34
13 43
13 48
13 49
13 51
13 62
13 64
13 68
13 70
13 72
13 74
13 84
14 3
14 6
14 8
14 11
14 14
14 16
14 18
14 19
14 20
14 22
14 27
14 32
14 35
14 37
14 39
14 40
14 42
14 44
14 46
14 47
14 51
14 52
14 53
14 56
14 61
14 64
14 66
14 67
14 68
14 72
14 77
14 80
14 81
14 87
15 0
15 1
15 4
15 7
15 18
15 22
15 24
15 27
15 29
15 31
15 32
15 34
15 41
15 42
15 43
15 44
15 50
15 52
15 54
15 65
15 69
15 72
15 74
15 78
15 80
15 83
15 87
15 90
15 95
15 100
16 2
16 3
16 4
16 6
16 19
16 20
16 24
16 25
16 31
16 35
16 37
16 48
16 50
16 54
16 61
16 62
16 63
16 64
16 74
16 81
16 83
16 92
16 94
16 95
16 96
16 100
17 7
17 9
17 12
17 14
17 20
17 23
17 26
17 33
17 35
17 39
17 40
17 43
17 44
17 47
17 48
17 49
17 53
17 54
17 55
17 56
17 58
17 60
17 61
17 64
17 66
17 67
17 69
17 74
17 80
17 81
17 82
17 83
17 84
17 86
17 98
18 2
18 6
18 13
18 14
18 30
18 35
18 36
18 44
18 45
18 46
18 51
18 55
18 58
18 59
18 69
18 73
18 74
18 75
18 76
18 78
18 79
18 81
18 83
18 91
18 92
18 96
19 0
19 4
19 6
19 15
19 16
19 17
19 18
19 20
19 21
19 23
19 34
19 44
19 46
19 48
19 51
19 52
19 60
19 61
19 63
19 69
19 72
19 84
19 85
19 87
19 88
19 89
19 97
19 98
19 100
20 0
20 1
20 2
20 9
20 17
20 20
20 23
20 27
20 28
20 30
20 33
20 39
20 42
20 46
20 51
20 54
20 57
20 58
20 61
20 72
20 80
20 87
20 88
20 91
20 95
21 0
21 1
21 2
21 3
21 5
21 9
21 12
21 13
21 14
21 19
21 23
21 24
21 25
21 29
21 32
21 38
21 40
21 41
21 44
21 52
21 55
21 57
21 65
21 67
21 72
21 74
21 75
21 76
21 77
21 82
21 84
21 86
21 91
21 93
22 1
22 12
22 13
22 14
22 16
22 17
22 19
22 20
22 22
22 24
22 31
22 43
22 48
22 53
22 61
22 62
22 68
22 70
22 71
22 73
22 77
22 91
22 93
22 95
23 0
23 6
23 7
23 14
23 17
23 22
23 32
23 33
23 41
23 44
23 48
23 52
23 53
23 55
23 58
23 61
23 62
23 64
23 69
23 74
23 76
23 77
23 80
23 82
23 85
23 88
23 89
23 90
23 92
23 96
24 5
24 13
24 14
24 15
24 20
24 21
24 23
24 24
24 29
24 30
24 34
24 37
24 45
24 48
24 54
24 55
24 58
24 59
24 68
24 69
24 71
24 75
24 76
24 78
24 83
24 84
24 87
24 95
24 97
24 99
24 100
25 1
25 3
25 4
25 9
25 18
25 27
25 28
25 34
25 44
25 50
25 51
25 52
25 60
25 62
25 64
25 65
25 66
25 71
25 76
25 82
25 84
25 86
25 88
26 6
26 8
26 9
26 13
26 14
26 16
26 20
26 25
26 35
26 38
26 39
26 40
26 41
26 42
26 46
26 48
26 52
26 53
26 54
26 55
26 56
26 57
26 58
26 64
26 65
26 71
26 76
26 81
26 82
26 84
26 85
26 89
26 91
26 100
27 2
27 5
27 9
27 10
27 11
27 12
27 14
27 28
27 31
27 35
27 37
27 39
27 41
27 42
27 48
27 51
27 55
27 60
27 66
27 67
27 73
27 74
27 75
27 77
27 79
27 93
27 98
27 99
27 100
28 0
28 2
28 6
28 9
28 11
28 12
28 13
28 14
28 18
28 20
28 24
28 29
28 31
28 32
28 33
28 49
28 62
28 64
28 69
28 74
28 77
28 84
28 85
28 88
28 99
29 1
29 11
29 17
29 19
29 24
29 26
29 27
29 28
29 34
29 38
29 48
29 51
29 54
29 56
29 58
29 65
29 70
29 71
29 72
29 73
29 74
29 76
29 80
29 83
29 85
29 87
29 89
29 93
29 97
29 100
30 2
30 5
30 8
30 10
30 29
30 30
30 32
30 33
30 36
30 37
30 40
30 49
30 51
30 53
30 56
30 62
30 66
30 69
30 81
30 84
30 86
30 89
30 91
30 93
30 95
31 1
31 7
31 18
31 29
31 30
31 31
31 39
31 43
31 45
31 51
31 53
31 55
31 57
31 60
31 64
31 66
31 74
31 75
31 76
31 79
31 83
31 86
31 89
31 92
31 100
32 4
32 7
32 8
32 11
32 13
32 18
32 19
32 20
32 24
32 25
32 26
32 28
32 30
32 34
32 41
32 42
32 43
32 44
32 45
32 48
32 51
32 52
32 53
32 54
32 57
32 58
32 59
32 61
32 62
32 63
32 65
32 66
32 68
32 71
32 72
32 73
32 74
32 77
32 80
32 82
32 89
32 90
32 96
32 98
32 99
33 9
33 13
33 14
33 15
33 16
33 18
33 21
33 23
33 28
33 32
33 34
33 36
33 37
33 39
33 43
33 48
33 50
33 57
33 58
33 59
33 63
33 66
33 67
33 69
33 71
33 75
33 78
33 81
33 82
33 84
33 85
33 91
33 100
34 2
34 8
34 22
34 27
34 28
34 35
34 37
34 43
34 51
34 52
34 59
34 61
34 62
34 65
34 66
34 67
34 68
34 73
34 78
34 80
34 83
34 84
34 85
34 87
34 88
34 97
35 1
35 2
35 10
35 11
35 13
35 14
35 15
35 18
35 23
35 25
35 30
35 40
35 41
35 42
35 44
35 49
35 51
35 53
35 55
35 57
35 59
35 60
35 61
35 65
35 66
35 67
35 68
35 79
35 80
35 84
35 85
35 90
35 92
35 93
35 97
35 100
36 1
36 3
36 5
36 7
36 9
36 10
36 14
36 17
36 19
36 30
36 32
36 33
36 37
36 40
36 55
36 57
36 60
36 61
36 64
36 65
36 66
36 74
36 76
36 79
36 83
36 86
36 88
36 89
36 93
36 95
36 96
36 97
36 98
37 3
37 6
37 7
37 13
37 14
37 15
37 16
37 19
37 20
37 21
37 25
37 31
37 36
37 37
37 47
37 51
37 52
37 58
37 63
37 64
37 66
37 68
37 69
37 70
37 71
37 77
37 78
37 79
37 81
37 86
37 88
37 90
37 96
37 99
37 100
38 4
38 8
38 10
38 11
38 13
38 20
38 22
38 25
38 26
38 29
38 31
38 38
38 41
38 49
38 50
38 51
38 56
38 58
38 63
38 64
38 65
38 67
38 74
38 79
38 80
38 81
38 85
38 88
38 89
38 92
38 98
39 1
39 3
39 7
39 8
39 10
39 11
39 12
39 17
39 18
39 20
39 27
39 30
39 32
39 39
39 41
39 42
39 44
39 47
39 51
39 54
39 60
39 62
39 63
39 66
39 71
39 73
39 74
39 77
39 78
39 79
39 85
39 86
39 90
39 92
39 93
39 94
39 99
40 5
40 6
40 9
40 11
40 13
40 16
40 17
40 20
40 23
40 26
40 27
40 38
40 43
40 45
40 47
40 50
40 51
40 52
40 58
40 61
40 73
40 76
40 78
40 81
40 82
40 83
40 84
40 85
40 86
40 88
40 89
40 91
40 92
40 99
41 0
41 1
41 2
41 5
41 9
41 10
41 16
41 17
41 22
41 24
41 27
41 28
41 33
41 40
41 43
41 47
41 51
41 57
41 59
41 60
41 65
41 66
41 68
41 70
41 72
41 73
41 75
41 80
41 83
41 93
41 98
41 99
41 100
42 3
42 12
42 19
42 20
42 22
42 23
42 30
42 33
42 34
42 36
42 39
42 41
42 42
42 48
42 49
42 50
42 54
42 56
42 57
42 61
42 70
42 73
42 74
42 80
42 87
42 89
42 90
42 94
42 96
43 2
43 4
43 9
43 11
43 13
43 18
43 25
43 28
43 40
43 42
43 46
43 47
43 53
43 59
43 62
43 70
43 73
43 77
43 80
43 81
43 83
43 87
43 88
43 89
43 91
43 95
43 96
43 99
44 2
44 4
44 7
44 8
44 11
44 23
44 24
44 26
44 29
44 32
44 33
44 35
44 40
44 42
44 48
44 50
44 58
44 61
44 62
44 66
44 68
44 70
44 71
44 73
44 77
44 78
44 82
44 92
44 94
44 100
45 6
45 12
45 16
45 17
45 28
45 30
45 33
45 35
45 37
45 43
45 44
45 46
45 47
45 49
45 52
45 53
45 55
45 60
45 64
45 65
45 74
45 76
45 77
45 78
45 79
45 83
45 84
45 90
45 91
45 93
45 97
45 99
46 2
46 3
46 5
46 7
46 8
46 9
46 12
46 13
46 17
46 18
46 24
46 25
46 27
46 29
46 31
46 32
46 40
46 42
46 44
46 45
46 46
46 50
46 52
46 55
46 57
46 59
46 60
46 61
46 62
46 72
46 74
46 82
46 84
46 90
46 91
46 92
46 96
46 97
46 98
46 99
47 0
47 5
47 9
47 15
47 16
47 18
47 19
47 20
47 21
47 24
47 34
47 36
47 37
47 40
47 49
47 51
47 58
47 60
47 62
47 63
47 67
47 70
47 74
47 76
47 77
47 78
47 79
47 82
47 83
47 84
47 86
47 87
47 91
47 92
47 94
47 97
47 99
47 100
48 2
48 6
48 8
48 9
48 15
48 23
48 29
48 31
48 34
48 35
48 39
48 44
48 47
48 58
48 60
48 65
48 67
48 72
48 75
48 79
48 81
48 82
48 83
48 84
48 91
48 92
48 96
48 97
49 1
49 9
49 10
49 14
49 15
49 18
49 21
49 22
49 23
49 27
49 35
49 44
49 45
49 52
49 54
49 56
49 57
49 59
49 60
49 69
49 74
49 75
49 76
49 86
49 90
49 99
50 0
50 4
50 13
50 14
50 15
50 17
50 18
50 20
50 21
50 25
50 26
50 28
50 32
50 33
50 41
50 44
50 48
50 49
50 50
50 54
50 57
50 61
50 69
50 72
50 74
50 76
50 79
50 82
50 83
50 85
50 89
50 90
50 96
50 99
51 0
51 2
51 5
51 8
51 16
51 19
51 22
51 25
51 26
51 30
51 35
51 37
51 42
51 58
51 59
51 62
51 63
51 67
51 70
51 72
51 74
51 75
51 78
51 83
51 91
51 94
51 95
51 96
52 7
52 16
52 19
52 20
52 22
52 23
52 26
52 27
52 28
52 29
52 32
52 39
52 40
52 42
52 48
52 49
52 57
52 58
52 59
52 65
52 66
52 70
52 74
52 79
52 83
52 91
52 93
52 95
53 3
53 6
53 8
53 16
53 22
53 26
53 31
53 37
53 40
53 44
53 53
53 56
53 60
53 62
53 68
53 73
53 75
53 80
53 82
53 83
53 84
53 85
53 86
53 89
53 91
53 96
53 99
53 100
54 3
54 4
54 7
54 13
54 19
54 24
54 35
54 36
54 42
54 50
54 54
54 55
54 59
54 60
54 63
54 67
54 71
54 77
54 78
54 82
54 87
54 89
54 95
54 96
54 98
54 100
55 3
55 5
55 6
55 12
55 17
55 21
55 23
55 27
55 39
55 53
55 54
55 61
55 68
55 72
55 75
55 77
55 79
55 80
55 82
55 84
55 85
55 87
55 88
55 98
56 2
56 3
56 9
56 12
56 15
56 16
56 18
56 20
56 21
56 24
56 25
56 31
56 34
56 35
56 40
56 42
56 44
56 47
56 49
56 51
56 52
56 53
56 59
56 61
56 65
56 67
56 68
56 69
56 79
56 84
56 85
56 86
56 88
56 90
56 94
56 95
56 97
56 100
57 2
57 3
57 6
57 8
57 10
57 14
57 17
57 18
57 20
57 21
57 24
57 25
57 29
57 32
57 37
57 42
57 44
57 45
57 52
57 54
57 58
57 59
57 62
57 64
57 69
57 72
57 76
57 78
57 82
57 85
57 90
57 91
57 95
57 97
58 3
58 4
58 5
58 18
58 19
58 22
58 25
58 36
58 38
58 45
58 55
58 59
58 61
58 64
58 65
58 67
58 68
58 73
58 75
58 80
58 81
58 88
58 98
59 6
59 8
59 22
59 24
59 33
59 36
59 38
59 42
59 46
59 57
59 64
59 66
59 71
59 72
59 75
59 79
59 81
59 90
59 93
59 95
59 96
59 98
59 100
60 5
60 6
60 8
60 9
60 14
60 18
60 19
60 20
60 23
60 25
60 28
60 29
60 36
60 37
60 41
60 43
60 46
60 47
60 54
60 55
60 56
60 58
60 59
60 60
60 61
60 65
60 67
60 72
60 74
60 78
60 84
60 85
60 86
60 90
60 93
60 94
60 95
60 100
61 1
61 2
61 7
61 9
61 10
61 15
61 19
61 23
61 24
61 26
61 30
61 31
61 41
61 43
61 44
61 47
61 48
61 50
61 54
61 57
61 58
61 62
61 64
61 68
61 69
61 70
61 75
61 77
61 82
61 83
61 90
61 97
61 98
61 100
62 2
62 5
62 6
62 8
62 10
62 11
62 13
62 15
62 16
62 18
62 19
62 20
62 24
62 28
62 32
62 34
62 39
62 45
62 51
62 52
62 53
62 57
62 61
62 64
62 67
62 77
62 78
62 82
62 95
63 4
63 5
63 8
63 10
63 12
63 15
63 18
63 19
63 22
63 26
63 28
63 34
63 35
63 38
63 39
63 45
63 50
63 53
63 55
63 63
63 64
63 68
63 71
63 77
63 78
63 84
63 85
63 90
63 94
63 98
64 2
64 9
64 12
64 13
64 15
64 16
64 33
64 39
64 45
64 50
64 52
64 55
64 56
64 59
64 60
64 61
64 65
64 66
64 67
64 72
64 75
64 79
64 81
64 85
64 92
64 97
64 98
64 100
65 5
65 7
65 9
65 13
65 16
65 18
65 25
65 27
65 28
65 32
65 35
65 36
65 37
65 38
65 41
65 44
65 53
65 57
65 59
65 62
65 63
65 67
65 79
65 81
65 92
65 98
66 2
66 8
66 13
66 14
66 16
66 19
66 20
66 22
66 23
66 25
66 26
66 28
66 30
66 31
66 42
66 46
66 48
66 52
66 54
66 58
66 61
66 63
66 64
66 67
66 73
66 76
66 80
66 82
66 86
66 88
66 93
66 96
67 7
67 12
67 16
67 22
67 25
67 41
67 44
67 47
67 52
67 54
67 55
67 56
67 64
67 78
67 79
67 80
67 83
67 84
67 92
67 98
68 2
68 3
68 8
68 11
68 12
68 17
68 19
68 20
68 22
68 25
68 26
68 28
68 30
68 31
68 33
68 36
68 39
68 41
68 42
68 44
68 54
68 55
68 58
68 61
68 73
68 78
68 79
68 80
68 83
68 85
68 86
68 87
68 88
68 92
68 96
68 97
68 99
68 100
69 0
69 5
69 6
69 8
69 9
69 10
69 12
69 13
69 17
69 20
69 21
69 25
69 28
69 34
69 35
69 45
69 49
69 50
69 53
69 59
69 61
69 63
69 69
69 71
69 74
69 85
69 86
69 87
69 88
69 90
69 96
69 99
69 100
70 0
70 1
70 2
70 3
70 5
70 7
70 9
70 10
70 13
70 16
70 17
70 18
70 24
70 27
70 30
70 36
70 41
70 42
70 43
70 45
70 51
70 54
70 55
70 57
70 59
70 62
70 64
70 67
70 69
70 76
70 83
70 84
70 85
70 86
70 94
70 95
70 100
71 4
71 5
71 7
71 8
71 16
71 17
71 20
71 23
71 25
71 26
71 27
71 28
71 29
71 31
71 33
71 48
71 49
71 54
71 57
71 62
71 71
71 73
71 76
71 77
71 82
71 84
71 91
71 92
71 93
71 94
71 95
71 96
71 97
71 100
72 0
72 2
72 11
72 12
72 14
72 23
72 29
72 44
72 45
72 46
72 48
72 52
72 58
72 64
72 66
72 68
72 69
72 72
72 73
72 74
72 78
72 80
72 84
72 85
72 87
72 91
72 92
72 95
72 100
73 0
73 1
73 19
73 26
73 32
73 33
73 34
73 37
73 45
73 47
73 48
73 49
73 53
73 58
73 63
73 64
73 69
73 71
73 74
73 79
73 80
73 82
73 84
73 85
73 86
73 88
73 90
73 93
73 94
73 98
74 2
74 4
74 5
74 6
74 13
74 19
74 27
74 30
74 31
74 34
74 35
74 39
74 48
74 49
74 53
74 58
74 59
74 63
74 72
74 76
74 77
74 79
74 80
74 83
74 84
74 85
74 87
74 90
74 93
74 99
75 0
75 8
75 10
75 12
75 19
75 20
75 22
75 25
75 26
75 27
75 30
75 32
75 36
75 37
75 38
75 44
75 47
75 53
75 56
75 61
75 64
75 65
75 71
75 72
75 73
75 78
75 80
75 88
75 96
75 99
76 1
76 5
76 7
76 13
76 15
76 21
76 22
76 28
76 34
76 36
76 38
76 39
76 40
76 43
76 45
76 47
76 53
76 57
76 59
76 64
76 69
76 79
76 81
76 86
76 88
76 100
77 0
77 5
77 8
77 9
77 13
77 14
77 17
77 18
77 19
77 20
77 24
77 25
77 31
77 34
77 43
77 46
77 47
77 52
77 55
77 57
77 74
77 83
77 89
77 96
78 1
78 2
78 4
78 6
78 7
78 8
78 11
78 17
78 18
78 21
78 23
78 24
78 25
78 37
78 38
78 43
78 46
78 49
78 51
78 57
78 58
78 59
78 61
78 66
78 68
78 69
78 74
78 81
78 86
78 89
78 91
78 93
79 1
79 2
79 6
79 7
79 8
79 9
79 15
79 28
79 29
79 30
79 43
79 44
79 48
79 50
79 52
79 54
79 55
79 58
79 59
79 66
79 82
79 83
79 85
79 89
79 94
80 1
80 2
80 5
80 9
80 10
80 19
80 20
80 21
80 23
80 25
80 33
80 36
80 37
80 45
80 46
80 48
80 51
80 54
80 58
80 62
80 67
80 72
80 73
80 77
80 79
80 83
80 84
80 87
80 94
80 96
80 98
81 0
81 1
81 3
81 6
81 17
81 20
81 22
81 25
81 26
81 35
81 41
81 45
81 46
81 48
81 51
81 53
81 54
81 55
81 57
81 59
81 64
81 66
81 67
81 68
81 80
81 81
81 82
81 89
81 98
82 0
82 1
82 10
82 13
82 14
82 20
82 24
82 27
82 30
82 32
82 42
82 47
82 50
82 59
82 61
82 66
82 68
82 73
82 74
82 77
82 78
82 79
82 82
82 90
82 91
82 92
82 94
82 95
82 99
83 1
83 2
83 3
83 10
83 17
83 28
83 31
83 33
83 35
83 36
83 38
83 39
83 40
83 41
83 51
83 55
83 68
83 73
83 76
83 80
83 82
83 83
83 86
83 87
83 93
83 96
83 99
84 7
84 9
84 16
84 17
84 32
84 37
84 38
84 39
84 41
84 42
84 43
84 47
84 52
84 55
84 59
84 61
84 67
84 68
84 69
84 72
84 81
84 85
84 88
84 90
84 91
84 93
84 98
85 5
85 16
85 18
85 19
85 20
85 24
85 25
85 38
85 39
85 47
85 48
85 49
85 50
85 52
85 57
85 60
85 72
85 78
85 82
85 86
85 87
85 91
85 95
85 96
85 97
85 100
86 0
86 5
86 8
86 10
86 11
86 13
86 14
86 16
86 21
86 28
86 34
86 35
86 36
86 51
86 52
86 55
86 57
86 59
86 63
86 70
86 71
86 74
86 83
86 84
86 88
86 90
86 91
86 95
86 98
86 100
87 0
87 5
87 8
87 9
87 10
87 11
87 15
87 17
87 21
87 26
87 30
87 35
87 36
87 37
87 38
87 46
87 48
87 56
87 58
87 62
87 63
87 64
87 65
87 66
87 68
87 74
87 86
87 88
87 89
87 90
87 92
87 94
87 96
87 97
87 98
87 100
88 1
88 2
88 4
88 7
88 8
88 9
88 13
88 17
88 18
88 22
88 31
88 32
88 40
88 41
88 43
88 47
88 53
88 54
88 57
88 63
88 68
88 71
88 73
88 76
88 81
88 91
88 96
88 97
89 3
89 6
89 9
89 13
89 14
89 16
89 24
89 25
89 30
89 32
89 33
89 36
89 40
89 44
89 46
89 50
89 52
89 53
89 57
89 58
89 67
89 68
89 74
89 94
89 98
90 0
90 1
90 2
90 4
90 8
90 9
90 10
90 12
90 13
90 16
90 17
90 18
90 22
90 30
90 35
90 39
90 44
90 49
90 50
90 51
90 61
90 62
90 64
90 65
90 66
90 71
90 72
90 79
90 83
90 84
90 87
90 96
90 97
90 100
91 5
91 15
91 18
91 19
91 20
91 24
91 26
91 30
91 46
91 48
91 60
91 61
91 64
91 65
91 79
91 90
91 91
91 94
91 95
91 97
91 99
91 100
92 3
92 4
92 9
92 15
92 18
92 21
92 22
92 25
92 27
92 29
92 30
92 33
92 41
92 42
92 43
92 45
92 48
92 50
92 51
92 54
92 57
92 60
92 73
92 74
92 78
92 85
92 91
92 95
92 97
92 99
93 1
93 4
93 9
93 11
93 14
93 16
93 18
93 20
93 24
93 32
93 34
93 35
93 36
93 43
93 48
93 49
93 53
93 57
93 62
93 73
93 76
93 79
93 88
93 93
93 94
93 95
93 96
93 97
93 98
93 99
93 100
94 2
94 6
94 8
94 9
94 15
94 17
94 18
94 21
94 22
94 24
94 25
94 32
94 47
94 48
94 50
94 51
94 54
94 59
94 60
94 61
94 64
94 70
94 74
94 75
94 76
94 78
94 79
94 84
94 85
94 86
94 90
94 93
94 94
95 4
95 7
95 8
95 12
95 13
95 14
95 26
95 28
95 32
95 34
95 39
95 43
95 44
95 48
95 49
95 55
95 57
95 58
95 61
95 63
95 73
95 74
95 83
95 87
95 89
95 92
95 93
95 94
95 96
96 4
96 7
96 9
96 11
96 14
96 17
96 18
96 19
96 25
96 30
96 32
96 33
96 36
96 39
96 42
96 57
96 61
96 65
96 71
96 74
96 77
96 79
96 80
96 81
96 82
96 83
96 86
96 88
96 92
96 95
96 96
96 98
96 100
97 12
97 14
97 15
97 16
97 18
97 19
97 21
97 22
97 23
97 24
97 25
97 26
97 27
97 30
97 31
97 32
97 37
97 42
97 44
97 47
97 52
97 56
97 57
97 59
97 60
97 63
97 65
97 67
97 69
97 72
97 77
97 80
97 81
97 86
97 88
97 92
97 97
98 1
98 4
98 5
98 7
98 13
98 16
98 20
98 22
98 23
98 25
98 26
98 29
98 31
98 44
98 45
98 48
98 51
98 66
98 67
98 68
98 74
98 89
98 90
98 91
99 3
99 5
99 6
99 8
99 11
99 13
99 14
99 17
99 24
99 26
99 30
99 35
99 36
99 39
99 41
99 51
99 52
99 53
99 56
99 58
99 62
99 66
99 68
99 73
99 74
99 75
99 76
99 81
99 82
99 84
99 87
99 88
99 89
99 90
99 93
99 96
99 97
99 99
99 100
100 2
100 9
100 10
100 13
100 14
100 17
100 19
100 21
100 24
100 27
100 30
100 37
100 39
100 41
100 43
100 46
100 48
100 50
100 57
100 58
100 59
100 67
100 74
100 75
100 77
100 78
100 79
100 83
100 86
100 89
100 95
