0 2
0 3
0 8
0 9
0 10
0 13
0 14
0 15
0 17
0 25
0 27
0 30
0 38
0 39
0 40
0 44
0 46
0 47
0 59
0 60
0 64
0 65
0 66
0 68
0 70
0 72
0 76
0 78
0 79
0 86
0 88
0 92
0 95
0 98
0 100
1 0
1 2
1 4
1 7
1 8
1 11
1 12
1 13
1 14
1 21
1 24
1 28
1 31
1 35
1 37
1 43
1 45
1 46
1 54
1 56
1 57
1 58
1 62
1 64
1 66
1 68
1 70
1 76
1 79
1 81
1 82
1 85
1 86
1 87
1 89
2 6
2 11
2 12
2 19
2 23
2 28
2 29
2 30
2 31
2 34
2 35
2 42
2 43
2 45
2 48
2 49
2 50
2 51
2 52
2 68
2 71
2 72
2 74
2 78
2 82
2 84
2 92
2 94
2 95
2 98
2 99
3 3
3 5
3 10
3 12
3 13
3 17
3 19
3 21
3 24
3 31
3 35
3 36
3 40
3 41
3 47
3 49
3 53
3 54
3 56
3 57
3 62
3 65
3 80
3 81
3 87
3 88
3 97
4 0
4 2
4 5
4 6
4 8
4 18
4 19
4 24
4 27
4 29
4 34
4 35
4 37
4 43
4 53
4 54
4 55
4 61
4 67
4 68
4 70
4 71
4 73
4 76
4 78
4 80
4 83
4 85
4 91
4 94
5 5
5 6
5 11
5 12
5 18
5 19
5 21
5 24
5 28
5 34
5 36
5 38
5 47
5 48
5 55
5 56
5 57
5 59
5 62
5 63
5 64
5 66
5 70
5 74
5 78
5 79
5 84
5 89
5 90
5 99
6 2
6 4
6 5
6 6
6 8
6 10
6 13
6 19
6 22
6 23
6 25
6 28
6 29
6 30
6 32
6 35
6 38
6 41
6 42
6 45
6 46
6 48
6 49
6 50
6 51
6 61
6 62
6 65
6 67
6 71
6 72
6 78
6 79
6 89
6 95
6 96
6 97
7 1
7 3
7 5
7 10
7 12
7 14
7 26
7 31
7 34
7 35
7 36
7 46
7 53
7 54
7 55
7 57
7 58
7 59
7 63
7 77
7 78
7 81
7 82
7 85
7 95
7 97
7 99
7 100
8 3
8 5
8 11
8 13
8 15
8 16
8 20
8 25
8 26
8 31
8 33
8 34
8 36
8 37
8 41
8 43
8 46
8 47
8 53
8 54
8 55
8 56
8 59
8 61
8 64
8 65
8 70
8 74
8 75
8 76
8 89
8 92
8 94
8 95
8 97
9 5
9 9
9 10
9 15
9 21
9 24
9 29
9 31
9 35
9 39
9 40
9 42
9 46
9 52
9 62
9 63
9 65
9 66
9 68
9 69
9 76
9 79
9 85
9 87
9 88
9 98
10 0
10 7
10 17
10 20
10 28
10 32
10 36
10 45
10 46
10 52
10 58
10 59
10 60
10 72
10 79
10 83
10 86
10 95
10 96
10 100
11 4
11 7
11 10
11 11
11 14
11 17
11 18
11 19
11 20
11 26
11 27
11 28
11 38
11 41
11 42
11 47
11 49
11 51
11 54
11 59
11 65
11 75
11 77
11 79
11 82
11 83
11 84
11 86
11 89
11 94
11 95
11 98
12 2
12 7
12 10
12 11
12 14
12 18
12 21
12 22
12 24
12 27
12 30
12 31
12 32
12 34
12 36
12 41
12 53
12 57
12 60
12 63
12 68
12 70
12 72
12 82
12 91
12 92
12 93
12 94
13 5
13 7
13 11
13 15
13 18
13 19
13 23
13 24
13 27
13 31
13 35
13 39
13 43
13 45
13 47
13 48
13 51
13 52
13 53
13 60
13 67
13 72
13 87
13 89
13 93
13 97
14 0
14 16
14 18
14 19
14 25
14 27
14 29
14 30
14 31
14 32
14 35
14 36
14 37
14 38
14 39
14 40
14 41
14 49
14 50
14 53
14 55
14 58
14 69
14 71
14 72
14 75
14 86
14 88
14 90
14 91
14 92
14 94
14 98
14 100
15 6
15 10
15 11
15 14
15 18
15 26
15 32
15 34
15 40
15 43
15 47
15 49
15 50
15 53
15 60
15 61
15 64
15 67
15 68
15 73
15 74
15 80
15 83
15 84
15 89
15 90
15 97
15 98
15 99
16 11
16 13
16 15
16 18
16 24
16 26
16 30
16 37
16 40
16 43
16 51
16 52
16 55
16 58
16 59
16 63
16 65
16 69
16 72
16 73
16 76
16 87
16 90
16 94
16 98
16 99
16 100
17 0
17 11
17 14
17 15
17 16
17 17
17 22
17 24
17 32
17 33
17 35
17 43
17 44
17 45
17 46
17 50
17 55
17 56
17 58
17 62
17 67
17 68
17 69
17 70
17 78
17 82
17 85
17 87
17 88
17 89
17 92
17 93
17 99
18 0
18 6
18 10
18 12
18 15
18 19
18 27
18 29
18 30
18 32
18 36
18 38
18 41
18 43
18 47
18 49
18 53
18 60
18 62
18 64
18 65
18 67
18 68
18 69
18 72
18 76
18 77
18 78
18 80
18 82
18 84
18 87
18 88
18 92
18 96
18 100
19 1
19 5
19 11
19 16
19 19
19 37
19 39
19 40
19 46
19 49
19 50
19 52
19 61
19 64
19 67
19 69
19 72
19 73
19 76
19 78
19 79
19 80
19 87
19 90
19 91
19 92
19 93
19 95
19 97
19 98
20 0
20 2
20 5
20 10
20 11
20 18
20 27
20 32
20 33
20 36
20 42
20 49
20 51
20 53
20 57
20 58
20 60
20 62
20 64
20 70
20 76
20 79
20 81
20 82
20 85
20 86
20 90
20 94
20 95
21 2
21 3
21 9
21 10
21 22
21 25
21 26
21 31
21 36
21 40
21 42
21 44
21 45
21 49
21 55
21 63
21 68
21 70
21 73
21 81
21 84
21 92
21 96
21 99
22 0
22 2
22 4
22 5
22 8
22 14
22 17
22 24
22 25
22 27
22 28
22 30
22 31
22 34
22 36
22 38
22 39
22 45
22 50
22 53
22 54
22 55
22 57
22 59
22 66
22 70
22 76
22 77
22 82
22 83
22 84
22 86
22 88
22 90
22 91
22 92
23 4
23 7
23 8
23 11
23 12
23 20
23 21
23 25
23 47
23 51
23 53
23 55
23 58
23 61
23 67
23 69
23 72
23 74
23 75
23 81
23 86
23 89
23 90
23 93
23 95
23 97
24 5
24 8
24 11
24 17
24 31
24 34
24 39
24 42
24 47
24 48
24 49
24 50
24 55
24 57
24 59
24 61
24 64
24 70
24 73
24 75
24 79
24 80
24 83
24 84
24 85
24 86
24 89
24 90
24 98
25 6
25 11
25 12
25 15
25 17
25 21
25 28
25 30
25 35
25 36
25 37
25 38
25 41
25 42
25 48
25 49
25 50
25 51
25 55
25 58
25 60
25 63
25 71
25 72
25 73
25 74
25 76
25 77
25 79
25 84
25 88
25 89
25 90
25 99
26 4
26 10
26 12
26 22
26 23
26 27
26 30
26 31
26 40
26 41
26 45
26 48
26 63
26 69
26 75
26 76
26 77
26 78
26 83
26 84
26 87
26 89
26 97
26 100
27 1
27 2
27 6
27 9
27 11
27 15
27 20
27 29
27 31
27 32
27 35
27 42
27 43
27 47
27 51
27 52
27 57
27 59
27 61
27 69
27 70
27 79
27 80
27 81
27 82
27 85
27 86
27 87
27 92
27 97
28 8
28 9
28 10
28 11
28 16
28 18
28 19
28 24
28 26
28 33
28 41
28 42
28 45
28 53
28 56
28 57
28 61
28 67
28 68
28 71
28 77
28 78
28 81
28 84
28 86
28 89
28 95
28 98
29 0
29 1
29 2
29 3
29 11
29 12
29 13
29 14
29 15
29 17
29 22
29 24
29 25
29 30
29 40
29 41
29 51
29 53
29 54
29 56
29 63
29 68
29 70
29 80
29 83
29 86
29 96
29 98
29 99
29 100
30 1
30 7
30 8
30 11
30 13
30 18
30 20
30 21
30 22
30 23
30 26
30 28
30 32
30 33
30 35
30 45
30 46
30 50
30 51
30 52
30 57
30 60
30 62
30 64
30 68
30 69
30 71
30 72
30 74
30 75
30 77
30 78
30 80
30 83
30 86
30 89
30 90
30 93
30 94
30 95
30 97
31 4
31 6
31 9
31 11
31 14
31 15
31 16
31 20
31 22
31 23
31 28
31 35
31 38
31 39
31 44
31 45
31 46
31 47
31 51
31 52
31 58
31 59
31 64
31 65
31 71
31 82
31 84
31 87
31 88
31 92
31 95
31 97
31 99
32 1
32 6
32 10
32 29
32 30
32 31
32 32
32 34
32 36
32 37
32 38
32 39
32 44
32 56
32 57
32 59
32 62
32 65
32 66
32 70
32 81
32 82
32 83
32 85
32 87
32 88
32 99
33 2
33 3
33 7
33 11
33 14
33 16
33 21
33 27
33 29
33 33
33 37
33 39
33 42
33 50
33 52
33 53
33 56
33 59
33 61
33 66
33 67
33 69
33 73
33 78
33 80
33 88
33 93
33 96
33 97
34 4
34 5
34 6
34 9
34 11
34 14
34 16
34 19
34 20
34 27
34 34
34 45
34 47
34 50
34 52
34 60
34 61
34 62
34 63
34 69
34 71
34 82
34 83
34 88
34 90
34 95
34 98
35 0
35 1
35 3
35 4
35 7
35 12
35 13
35 14
35 19
35 20
35 21
35 22
35 27
35 29
35 30
35 32
35 34
35 40
35 45
35 47
35 48
35 49
35 52
35 53
35 57
35 64
35 65
35 74
35 77
35 78
35 79
35 81
35 85
35 87
35 95
35 99
36 2
36 6
36 9
36 11
36 12
36 16
36 23
36 25
36 26
36 29
36 31
36 35
36 36
36 38
36 44
36 46
36 49
36 50
36 54
36 61
36 69
36 70
36 72
36 75
36 82
36 83
36 85
36 88
36 89
36 90
36 94
36 100
37 3
37 6
37 19
37 22
37 24
37 25
37 27
37 28
37 30
37 32
37 33
37 34
37 35
37 36
37 39
37 42
37 46
37 51
37 52
37 54
37 55
37 56
37 60
37 62
37 66
37 68
37 69
37 70
37 72
37 76
37 81
37 84
37 86
37 87
37 91
37 93
37 99
38 3
38 6
38 16
38 17
38 19
38 21
38 22
38 23
38 25
38 27
38 33
38 38
38 40
38 41
38 43
38 46
38 47
38 48
38 53
38 57
38 60
38 66
38 68
38 71
38 79
38 81
38 82
38 87
38 90
38 93
38 94
39 3
39 6
39 8
39 12
39 14
39 16
39 20
39 25
39 29
39 36
39 38
39 39
39 42
39 44
39 48
39 50
39 59
39 60
39 63
39 71
39 77
39 79
39 84
39 90
39 91
39 92
39 95
40 0
40 7
40 9
40 12
40 28
40 31
40 35
40 36
40 48
40 52
40 56
40 62
40 64
40 65
40 67
40 72
40 73
40 76
40 77
40 79
40 85
40 88
40 89
40 90
40 96
40 98
41 5
41 6
41 7
41 17
41 21
41 25
41 26
41 36
41 39
41 42
41 45
41 49
41 57
41 59
41 61
41 63
41 64
41 67
41 68
41 74
41 76
41 78
41 82
41 83
41 86
41 87
41 88
41 91
41 94
41 100
42 2
42 14
42 22
42 29
42 32
42 34
42 39
42 42
42 47
42 49
42 52
42 57
42 60
42 61
42 62
42 65
42 78
42 83
42 85
42 88
42 89
42 92
42 95
42 100
43 1
43 5
43 7
43 8
43 13
43 19
43 21
43 22
43 29
43 34
43 35
43 36
43 40
43 41
43 43
43 45
43 47
43 48
43 50
43 52
43 61
43 62
43 63
43 64
43 69
43 70
43 71
43 72
43 75
43 76
43 78
43 85
43 92
43 93
43 94
43 97
44 0
44 2
44 3
44 7
44 8
44 10
44 13
44 19
44 21
44 41
44 42
44 44
44 50
44 53
44 59
44 60
44 65
44 67
44 70
44 71
44 73
44 78
44 79
44 80
44 86
44 87
44 89
45 1
45 4
45 7
45 15
45 20
45 23
45 26
45 27
45 33
45 39
45 41
45 45
45 54
45 55
45 56
45 57
45 64
45 69
45 74
45 77
45 84
45 86
45 87
45 89
45 90
45 91
45 94
45 97
45 100
46 0
46 7
46 8
46 9
46 10
46 11
46 27
46 28
46 32
46 34
46 42
46 43
46 44
46 47
46 48
46 50
46 54
46 59
46 63
46 66
46 72
46 74
46 75
46 81
46 83
46 88
46 93
46 94
46 99
46 100
47 0
47 1
47 3
47 5
47 13
47 18
47 21
47 24
47 27
47 28
47 30
47 31
47 37
47 40
47 46
47 47
47 49
47 51
47 54
47 64
47 68
47 70
47 72
47 76
47 83
47 84
47 87
47 88
47 95
47 97
47 98
48 0
48 5
48 15
48 20
48 22
48 29
48 31
48 34
48 38
48 40
48 42
48 43
48 44
48 54
48 55
48 61
48 63
48 64
48 66
48 73
48 79
48 82
48 84
48 85
48 91
48 97
48 100
49 4
49 7
49 10
49 11
49 13
49 14
49 17
49 18
49 27
49 29
49 31
49 35
49 47
49 50
49 58
49 59
49 72
49 76
49 78
49 79
49 83
49 85
49 86
49 90
49 92
49 93
49 94
49 96
49 98
49 99
50 5
50 7
50 9
50 11
50 14
50 15
50 19
50 20
50 32
50 35
50 37
50 41
50 42
50 43
50 48
50 49
50 52
50 53
50 54
50 55
50 57
50 65
50 69
50 73
50 74
50 78
50 83
50 92
50 93
51 4
51 7
51 19
51 24
51 26
51 27
51 36
51 39
51 40
51 46
51 50
51 51
51 59
51 60
51 61
51 63
51 66
51 72
51 74
51 84
51 87
51 88
51 89
51 95
51 97
51 98
51 100
52 3
52 12
52 13
52 14
52 17
52 18
52 20
52 26
52 28
52 29
52 30
52 32
52 38
52 43
52 45
52 47
52 52
52 54
52 55
52 56
52 58
52 61
52 62
52 66
52 68
52 73
52 79
52 82
52 84
52 85
52 90
52 92
52 93
52 98
53 2
53 3
53 4
53 5
53 11
53 15
53 20
53 26
53 27
53 31
53 35
53 36
53 37
53 45
53 47
53 48
53 49
53 51
53 52
53 53
53 58
53 62
53 64
53 65
53 66
53 67
53 70
53 82
53 85
53 87
53 88
53 89
53 92
53 94
53 96
53 100
54 1
54 12
54 15
54 18
54 19
54 20
54 22
54 23
54 24
54 25
54 33
54 43
54 44
54 45
54 48
54 49
54 50
54 52
54 54
54 55
54 57
54 58
54 67
54 68
54 73
54 77
54 82
54 85
54 89
54 93
54 98
55 4
55 14
55 20
55 22
55 28
55 31
55 32
55 33
55 36
55 37
55 40
55 42
55 44
55 45
55 47
55 52
55 53
55 55
55 57
55 58
55 62
55 63
55 64
55 65
55 66
55 67
55 72
55 81
55 83
55 85
55 87
55 92
55 95
55 96
56 0
56 8
56 11
56 13
56 14
56 17
56 23
56 26
56 28
56 40
56 44
56 46
56 50
56 51
56 54
56 55
56 57
56 63
56 65
56 70
56 85
56 89
56 90
56 93
56 95
56 96
57 2
57 7
57 8
57 11
57 13
57 15
57 16
57 22
57 27
57 30
57 43
57 48
57 50
57 51
57 54
57 57
57 61
57 63
57 64
57 65
57 66
57 67
57 72
57 74
57 75
57 80
57 81
57 84
57 87
57 91
58 0
58 1
58 2
58 9
58 10
58 11
58 16
58 24
58 25
58 27
58 32
58 36
58 40
58 42
58 45
58 51
58 52
58 55
58 56
58 57
58 64
58 65
58 66
58 71
58 73
58 77
58 84
58 90
58 91
58 92
58 95
58 98
59 2
59 4
59 6
59 12
59 16
59 17
59 22
59 25
59 27
59 30
59 36
59 37
59 39
59 40
59 42
59 45
59 48
59 51
59 52
59 53
59 56
59 61
59 64
59 66
59 67
59 69
59 73
59 78
59 79
59 80
59 84
59 86
59 88
59 90
59 95
59 99
60 13
60 14
60 20
60 21
60 34
60 36
60 39
60 50
60 51
60 54
60 56
60 60
60 61
60 70
60 74
60 78
60 79
60 80
60 91
60 94
60 96
60 100
61 0
61 4
61 5
61 6
61 13
61 18
61 25
61 26
61 27
61 29
61 30
61 31
61 38
61 42
61 43
61 47
61 49
61 50
61 58
61 64
61 65
61 71
61 76
61 80
61 81
61 82
61 88
61 90
61 92
61 95
62 9
62 11
62 12
62 15
62 19
62 30
62 33
62 37
62 38
62 39
62 40
62 42
62 43
62 44
62 45
62 48
62 49
62 52
62 55
62 57
62 59
62 62
62 63
62 65
62 67
62 68
62 72
62 73
62 77
62 80
62 82
62 84
62 91
62 92
62 93
62 99
62 100
63 4
63 6
63 7
63 10
63 13
63 17
63 18
63 20
63 22
63 23
63 25
63 29
63 32
63 33
63 35
63 43
63 45
63 46
63 47
63 48
63 52
63 53
63 55
63 57
63 62
63 65
63 70
63 72
63 73
63 75
63 77
63 78
63 80
63 81
63 82
63 83
63 85
63 88
63 90
63 99
64 2
64 3
64 5
64 6
64 7
64 9
64 19
64 23
64 25
64 27
64 28
64 30
64 32
64 35
64 39
64 40
64 43
64 47
64 51
64 57
64 63
64 64
64 67
64 68
64 69
64 73
64 79
64 80
64 81
64 91
64 95
64 97
65 1
65 4
65 9
65 11
65 12
65 17
65 19
65 22
65 28
65 35
65 40
65 41
65 48
65 50
65 51
65 52
65 53
65 55
65 62
65 63
65 64
65 65
65 72
65 76
65 84
65 91
65 96
65 98
66 9
66 10
66 11
66 12
66 22
66 25
66 33
66 34
66 36
66 40
66 42
66 43
66 46
66 52
66 55
66 57
66 61
66 63
66 66
66 67
66 83
66 86
66 89
66 96
67 8
67 9
67 19
67 24
67 26
67 27
67 28
67 31
67 33
67 34
67 36
67 37
67 39
67 40
67 43
67 50
67 51
67 52
67 59
67 64
67 73
67 74
67 76
67 81
67 83
67 91
67 96
67 98
68 0
68 3
68 7
68 10
68 20
68 25
68 30
68 32
68 34
68 36
68 42
68 43
68 44
68 52
68 56
68 63
68 66
68 70
68 73
68 74
68 79
68 87
68 89
68 92
68 95
68 98
69 0
69 4
69 8
69 11
69 15
69 16
69 20
69 21
69 25
69 26
69 30
69 35
69 38
69 41
69 43
69 44
69 51
69 53
69 59
69 60
69 61
69 62
69 64
69 68
69 74
69 75
69 80
69 81
69 83
69 87
69 90
69 94
69 95
69 96
69 98
69 99
70 2
70 4
70 6
70 7
70 17
70 18
70 19
70 21
70 23
70 24
70 26
70 30
70 32
70 33
70 38
70 42
70 43
70 45
70 48
70 53
70 54
70 55
70 56
70 58
70 60
70 71
70 72
70 73
70 77
70 79
70 82
70 84
70 86
70 89
70 92
70 93
70 95
71 0
71 1
71 7
71 13
71 19
71 21
71 24
71 25
71 29
71 30
71 31
71 35
71 36
71 37
71 38
71 40
71 41
71 42
71 46
71 48
71 52
71 58
71 67
71 69
71 70
71 71
71 72
71 73
71 76
71 79
71 81
71 82
71 84
71 89
71 94
71 95
71 96
71 98
71 99
72 0
72 8
72 12
72 27
72 29
72 31
72 32
72 34
72 40
72 41
72 43
72 44
72 45
72 46
72 50
72 54
72 69
72 72
72 74
72 75
72 76
72 77
72 78
72 80
72 81
72 87
72 88
72 92
72 96
72 99
73 1
73 2
73 5
73 6
73 8
73 11
73 12
73 14
73 15
73 18
73 25
73 32
73 33
73 34
73 35
73 36
73 37
73 40
73 47
73 57
73 59
73 61
73 66
73 68
73 73
73 78
73 81
73 83
73 87
73 91
73 92
73 94
73 98
74 2
74 5
74 7
74 18
74 19
74 20
74 22
74 23
74 25
74 27
74 33
74 45
74 53
74 56
74 59
74 61
74 62
74 65
74 67
74 70
74 71
74 73
74 74
74 82
74 84
74 86
74 88
74 92
74 96
75 1
75 3
75 4
75 5
75 7
75 8
75 11
75 13
75 15
75 18
75 21
75 24
75 25
75 26
75 32
75 34
75 35
75 40
75 42
75 43
75 44
75 45
75 51
75 52
75 55
75 59
75 60
75 62
75 63
75 65
75 70
75 74
75 75
75 76
75 82
75 85
75 92
75 93
75 95
75 96
75 98
75 100
76 3
76 6
76 9
76 15
76 17
76 29
76 32
76 37
76 44
76 47
76 49
76 51
76 56
76 59
76 61
76 62
76 66
76 67
76 76
76 79
76 81
76 83
76 84
76 87
76 90
76 97
76 99
76 100
77 8
77 10
77 14
77 22
77 23
77 26
77 32
77 34
77 37
77 40
77 47
77 48
77 55
77 57
77 60
77 63
77 64
77 67
77 69
77 75
77 80
77 81
77 82
77 87
77 89
77 95
78 2
78 3
78 9
78 10
78 18
78 22
78 25
78 35
78 36
78 39
78 50
78 52
78 56
78 57
78 61
78 63
78 64
78 77
78 80
78 91
79 1
79 5
79 6
79 10
79 12
79 13
79 16
79 25
79 37
79 44
79 45
79 48
79 55
79 56
79 57
79 58
79 60
79 62
79 63
79 64
79 65
79 68
79 70
79 79
79 83
79 89
79 90
79 91
79 92
79 93
79 98
80 0
80 1
80 5
80 7
80 9
80 10
80 11
80 16
80 19
80 33
80 34
80 35
80 39
80 45
80 46
80 47
80 48
80 51
80 54
80 58
80 60
80 62
80 69
80 72
80 76
80 77
80 78
80 79
80 86
80 88
80 91
80 92
80 97
80 98
80 99
81 2
81 8
81 9
81 20
81 25
81 27
81 32
81 34
81 35
81 36
81 38
81 39
81 41
81 46
81 54
81 58
81 59
81 69
81 76
81 84
81 87
81 88
81 89
81 90
81 94
81 99
82 0
82 1
82 5
82 8
82 14
82 19
82 22
82 32
82 43
82 45
82 46
82 47
82 53
82 56
82 58
82 60
82 65
82 67
82 76
82 78
82 79
82 88
82 94
82 98
83 0
83 1
83 6
83 7
83 8
83 10
83 12
83 13
83 16
83 19
83 20
83 22
83 25
83 33
83 34
83 35
83 38
83 39
83 40
83 42
83 47
83 55
83 56
83 60
83 63
83 72
83 77
83 78
83 83
83 84
83 87
83 90
83 93
83 96
83 99
84 0
84 3
84 8
84 9
84 10
84 15
84 19
84 22
84 24
84 26
84 29
84 35
84 39
84 44
84 45
84 51
84 56
84 60
84 64
84 65
84 66
84 68
84 69
84 73
84 75
84 79
84 80
84 81
84 83
84 85
84 89
84 90
84 93
84 97
84 99
85 3
85 5
85 8
85 9
85 13
85 17
85 19
85 24
85 26
85 27
85 32
85 35
85 37
85 38
85 40
85 42
85 44
85 47
85 48
85 50
85 51
85 52
85 61
85 65
85 67
85 71
85 74
85 75
85 80
85 82
85 89
85 92
85 96
85 98
85 99
85 100
86 0
86 1
86 2
86 3
86 8
86 15
86 19
86 23
86 26
86 29
86 30
86 31
86 41
86 46
86 49
86 51
86 52
86 54
86 57
86 60
86 62
86 68
86 70
86 78
86 81
86 82
86 85
86 86
86 87
86 91
86 97
86 98
86 99
86 100
87 1
87 3
87 6
87 9
87 15
87 17
87 19
87 23
87 27
87 28
87 29
87 34
87 39
87 44
87 55
87 58
87 59
87 67
87 86
87 90
87 91
87 93
87 96
87 97
88 1
88 3
88 7
88 8
88 23
88 27
88 29
88 32
88 39
88 41
88 45
88 46
88 50
88 54
88 59
88 69
88 71
88 79
88 80
88 87
88 91
88 93
88 96
89 3
89 6
89 16
89 20
89 22
89 26
89 27
89 32
89 39
89 40
89 52
89 54
89 55
89 70
89 76
89 86
89 87
89 93
89 94
89 95
89 100
90 0
90 2
90 3
90 7
90 20
90 22
90 26
90 29
90 31
90 34
90 38
90 43
90 44
90 45
90 51
90 56
90 64
90 72
90 76
90 79
90 84
90 87
90 92
90 94
91 0
91 5
91 10
91 17
91 19
91 22
91 26
91 30
91 36
91 46
91 50
91 51
91 56
91 57
91 59
91 61
91 63
91 74
91 75
91 83
91 87
91 88
91 95
91 100
92 2
92 5
92 14
92 17
92 19
92 33
92 34
92 36
92 37
92 38
92 40
92 43
92 44
92 49
92 50
92 57
92 59
92 62
92 65
92 67
92 68
92 71
92 75
92 76
92 79
92 85
92 94
92 99
93 2
93 3
93 4
93 9
93 11
93 16
93 21
93 22
93 23
93 24
93 25
93 26
93 27
93 28
93 29
93 33
93 36
93 37
93 45
93 48
93 49
93 53
93 54
93 60
93 61
93 68
93 70
93 71
93 73
93 77
93 89
93 90
93 91
93 94
93 99
94 8
94 10
94 17
94 20
94 24
94 26
94 29
94 31
94 32
94 34
94 35
94 37
94 44
94 48
94 49
94 51
94 54
94 56
94 57
94 67
94 68
94 73
94 74
94 79
94 85
94 87
94 90
94 97
95 2
95 5
95 7
95 8
95 9
95 11
95 12
95 25
95 26
95 28
95 29
95 30
95 31
95 32
95 36
95 37
95 40
95 41
95 42
95 43
95 44
95 49
95 53
95 55
95 63
95 64
95 65
95 66
95 72
95 73
95 81
95 82
95 83
95 85
95 89
95 93
95 97
95 98
95 99
96 3
96 4
96 5
96 11
96 13
96 19
96 20
96 24
96 25
96 32
96 39
96 41
96 46
96 52
96 54
96 55
96 56
96 57
96 59
96 61
96 65
96 70
96 71
96 74
96 87
96 89
96 93
96 95
96 100
97 0
97 3
97 4
97 8
97 12
97 22
97 25
97 26
97 28
97 41
97 44
97 45
97 47
97 48
97 49
97 53
97 56
97 57
97 58
97 60
97 64
97 65
97 67
97 71
97 73
97 74
97 77
97 83
97 91
97 94
98 5
98 7
98 8
98 12
98 14
98 20
98 21
98 23
98 25
98 27
98 28
98 29
98 32
98 37
98 40
98 41
98 43
98 45
98 48
98 50
98 60
98 61
98 67
98 68
98 79
98 81
98 83
98 86
98 89
98 90
98 91
98 92
98 96
98 99
98 100
99 1
99 3
99 8
99 9
99 13
99 18
99 22
99 28
99 30
99 31
99 36
99 39
99 40
99 43
99 48
99 50
99 56
99 57
99 58
99 62
99 63
99 67
99 69
99 75
99 78
99 80
99 83
99 86
99 92
99 94
99 98
100 0
100 1
100 6
100 9
100 11
100 12
100 17
100 21
100 22
100 27
100 30
100 31
100 33
100 35
100 36
100 37
100 40
100 42
100 43
100 48
100 50
100 60
100 62
100 63
100 72
100 74
100 75
100 78
100 83
100 87
100 90
100 91
100 93
100 99
100 100
