0 1
0 2
0 6
0 8
0 14
0 15
0 17
0 22
0 25
0 28
0 29
0 32
0 36
0 38
0 42
0 43
0 45
0 48
0 54
0 56
0 58
0 60
0 65
0 71
0 73
0 74
0 76
0 77
0 81
0 82
0 84
0 86
0 87
0 97
1 15
1 16
1 17
1 21
1 22
1 23
1 24
1 29
1 33
1 39
1 40
1 42
1 46
1 47
1 52
1 54
1 57
1 69
1 70
1 72
1 73
1 76
1 79
1 82
1 83
1 92
1 93
1 94
1 100
2 0
2 4
2 5
2 6
2 10
2 17
2 20
2 21
2 25
2 29
2 30
2 32
2 33
2 34
2 35
2 39
2 40
2 43
2 44
2 48
2 50
2 51
2 55
2 56
2 57
2 63
2 64
2 66
2 70
2 72
2 74
2 89
2 92
2 98
2 100
3 5
3 12
3 16
3 31
3 34
3 42
3 43
3 47
3 51
3 58
3 60
3 63
3 64
3 69
3 78
3 82
3 85
3 88
3 91
3 96
3 97
3 100
4 10
4 11
4 19
4 22
4 27
4 29
4 30
4 37
4 38
4 49
4 51
4 54
4 61
4 64
4 66
4 68
4 72
4 73
4 75
4 81
4 83
4 90
4 95
4 96
4 98
5 2
5 4
5 12
5 13
5 14
5 15
5 17
5 26
5 34
5 35
5 36
5 44
5 47
5 61
5 63
5 64
5 65
5 66
5 67
5 68
5 71
5 77
5 78
5 86
5 87
5 88
5 93
5 94
5 97
5 100
6 0
6 1
6 9
6 15
6 17
6 19
6 23
6 30
6 31
6 33
6 34
6 40
6 41
6 43
6 54
6 58
6 61
6 62
6 65
6 68
6 69
6 71
6 75
6 81
6 94
6 99
7 0
7 2
7 5
7 7
7 12
7 13
7 17
7 22
7 24
7 25
7 26
7 43
7 45
7 46
7 47
7 54
7 57
7 62
7 64
7 65
7 66
7 67
7 69
7 81
7 85
7 87
7 89
7 94
7 99
7 100
8 0
8 3
8 13
8 20
8 21
8 25
8 27
8 29
8 30
8 33
8 36
8 37
8 54
8 56
8 58
8 59
8 61
8 65
8 69
8 71
8 76
8 78
8 83
8 87
8 89
8 90
8 93
8 94
8 99
9 3
9 10
9 11
9 16
9 26
9 29
9 30
9 33
9 34
9 36
9 38
9 39
9 40
9 41
9 43
9 45
9 46
9 48
9 56
9 59
9 61
9 62
9 64
9 73
9 75
9 78
9 80
9 87
9 100
10 0
10 8
10 10
10 16
10 19
10 23
10 26
10 29
10 31
10 36
10 38
10 39
10 50
10 57
10 59
10 61
10 66
10 68
10 70
10 72
10 74
10 81
10 82
10 83
10 87
10 96
10 98
10 100
11 0
11 3
11 4
11 6
11 14
11 16
11 18
11 25
11 31
11 32
11 33
11 35
11 44
11 46
11 49
11 51
11 54
11 56
11 57
11 59
11 63
11 68
11 69
11 70
11 77
11 81
11 82
11 86
11 89
11 90
11 97
12 0
12 8
12 9
12 17
12 18
12 21
12 25
12 26
12 27
12 30
12 33
12 35
12 42
12 43
12 44
12 45
12 47
12 48
12 51
12 54
12 59
12 61
12 67
12 73
12 80
12 82
12 84
12 87
12 89
12 90
12 91
12 94
13 1
13 2
13 8
13 23
13 29
13 35
13 37
13 50
13 52
13 53
13 54
13 61
13 63
13 65
13 72
13 73
13 74
13 75
13 96
13 97
13 100
14 0
14 3
14 4
14 5
14 10
14 14
14 15
14 25
14 30
14 38
14 44
14 47
14 52
14 61
14 62
14 67
14 70
14 71
14 73
14 74
14 75
14 76
14 78
14 81
14 83
14 84
14 88
14 92
14 93
14 95
15 2
15 4
15 7
15 10
15 17
15 18
15 21
15 22
15 23
15 24
15 25
15 31
15 34
15 38
15 39
15 42
15 44
15 47
15 48
15 49
15 50
15 63
15 65
15 66
15 68
15 70
15 81
15 83
15 84
15 85
15 89
15 93
15 95
15 96
15 98
15 100
16 0
16 3
16 10
16 13
16 14
16 27
16 29
16 35
16 39
16 41
16 43
16 44
16 54
16 55
16 56
16 57
16 58
16 61
16 64
16 66
16 67
16 68
16 70
16 71
16 73
16 80
16 81
16 82
16 89
16 92
16 94
16 96
17 7
17 9
17 11
17 16
17 22
17 27
17 30
17 34
17 35
17 37
17 38
17 41
17 43
17 46
17 48
17 49
17 52
17 63
17 65
17 69
17 75
17 82
17 84
17 85
17 90
17 92
17 97
18 1
18 17
18 20
18 22
18 27
18 29
18 31
18 33
18 34
18 35
18 38
18 41
18 42
18 43
18 47
18 58
18 59
18 63
18 66
18 67
18 72
18 75
18 78
18 80
18 81
18 91
18 92
18 94
19 2
19 3
19 4
19 6
19 11
19 13
19 14
19 16
19 17
19 18
19 20
19 25
19 28
19 39
19 41
19 42
19 45
19 46
19 49
19 51
19 53
19 55
19 58
19 68
19 74
19 76
19 78
19 81
19 82
19 87
19 88
19 89
19 93
19 95
19 96
19 97
19 98
20 0
20 3
20 10
20 12
20 13
20 15
20 18
20 23
20 32
20 33
20 35
20 37
20 38
20 40
20 41
20 44
20 45
20 46
20 47
20 49
20 53
20 73
20 75
20 77
20 78
20 84
20 93
20 95
20 98
21 0
21 1
21 5
21 6
21 8
21 11
21 13
21 14
21 15
21 16
21 22
21 32
21 35
21 37
21 41
21 43
21 44
21 48
21 53
21 57
21 61
21 67
21 70
21 71
21 72
21 74
21 75
21 83
21 86
21 87
21 89
21 91
21 92
21 97
21 98
22 3
22 7
22 11
22 12
22 15
22 17
22 22
22 28
22 29
22 34
22 35
22 37
22 46
22 47
22 55
22 64
22 66
22 69
22 74
22 75
22 76
22 77
22 81
22 82
22 83
22 84
22 90
22 92
22 93
22 99
23 2
23 6
23 16
23 19
23 21
23 26
23 30
23 31
23 35
23 39
23 44
23 46
23 48
23 50
23 57
23 64
23 70
23 74
23 75
23 78
23 79
23 83
23 84
23 85
23 93
24 0
24 11
24 12
24 13
24 18
24 21
24 22
24 25
24 26
24 28
24 29
24 32
24 36
24 37
24 38
24 55
24 56
24 60
24 66
24 67
24 69
24 74
24 78
24 80
24 86
24 97
24 100
25 3
25 6
25 7
25 11
25 12
25 13
25 17
25 19
25 23
25 24
25 28
25 29
25 30
25 31
25 34
25 40
25 45
25 47
25 52
25 56
25 59
25 61
25 63
25 65
25 69
25 70
25 72
25 76
25 78
25 80
25 84
25 91
25 94
25 98
26 1
26 5
26 6
26 8
26 10
26 16
26 22
26 29
26 33
26 34
26 38
26 49
26 50
26 55
26 64
26 74
26 79
26 80
26 86
26 97
26 100
27 3
27 8
27 10
27 13
27 15
27 24
27 27
27 28
27 29
27 31
27 33
27 37
27 38
27 40
27 42
27 47
27 48
27 49
27 55
27 57
27 59
27 61
27 63
27 66
27 67
27 69
27 72
27 73
27 77
27 80
27 97
27 99
28 1
28 5
28 7
28 9
28 15
28 16
28 21
28 22
28 27
28 29
28 32
28 34
28 37
28 44
28 46
28 50
28 51
28 52
28 55
28 57
28 59
28 61
28 63
28 68
28 74
28 77
28 81
28 83
28 87
28 88
28 89
28 90
28 91
28 97
28 98
28 100
29 3
29 5
29 13
29 17
29 20
29 21
29 22
29 30
29 32
29 45
29 46
29 47
29 48
29 50
29 52
29 53
29 54
29 58
29 59
29 61
29 62
29 67
29 69
29 71
29 78
29 79
29 81
29 83
29 85
29 94
29 100
30 7
30 20
30 27
30 29
30 37
30 42
30 43
30 48
30 51
30 58
30 60
30 63
30 67
30 71
30 79
30 80
30 81
30 83
30 84
30 85
30 86
30 89
30 92
31 0
31 1
31 8
31 11
31 13
31 18
31 21
31 25
31 26
31 27
31 30
31 33
31 40
31 42
31 45
31 46
31 53
31 54
31 58
31 59
31 60
31 64
31 65
31 69
31 71
31 78
31 80
31 83
31 90
31 94
31 96
31 100
32 7
32 9
32 14
32 16
32 24
32 25
32 27
32 31
32 33
32 34
32 36
32 37
32 38
32 41
32 50
32 51
32 58
32 59
32 64
32 65
32 70
32 72
32 75
32 81
32 84
32 89
32 91
32 95
32 97
32 99
33 0
33 3
33 4
33 5
33 16
33 24
33 25
33 26
33 32
33 33
33 37
33 39
33 49
33 51
33 54
33 56
33 58
33 64
33 66
33 69
33 75
33 80
33 81
33 84
33 87
33 89
33 94
33 95
33 97
34 0
34 4
34 5
34 7
34 10
34 11
34 12
34 13
34 16
34 18
34 22
34 26
34 27
34 28
34 29
34 30
34 32
34 33
34 37
34 41
34 44
34 52
34 69
34 75
34 76
34 79
34 80
34 81
34 82
34 84
34 90
34 91
34 93
34 96
34 99
34 100
35 2
35 4
35 12
35 13
35 14
35 15
35 30
35 36
35 41
35 45
35 53
35 54
35 55
35 57
35 63
35 68
35 70
35 72
35 80
35 82
35 86
35 87
36 3
36 5
36 7
36 12
36 17
36 22
36 24
36 28
36 30
36 31
36 32
36 33
36 35
36 36
36 37
36 38
36 39
36 42
36 44
36 46
36 48
36 52
36 54
36 57
36 58
36 60
36 65
36 72
36 78
36 82
36 93
36 97
36 99
37 1
37 2
37 4
37 5
37 7
37 10
37 11
37 12
37 16
37 17
37 18
37 19
37 20
37 24
37 30
37 34
37 38
37 43
37 45
37 46
37 53
37 54
37 58
37 64
37 65
37 66
37 67
37 72
37 75
37 76
37 85
37 88
37 89
37 92
37 93
37 97
37 99
37 100
38 9
38 10
38 16
38 17
38 18
38 19
38 21
38 28
38 29
38 30
38 32
38 34
38 40
38 41
38 43
38 46
38 48
38 53
38 58
38 61
38 64
38 65
38 69
38 72
38 74
38 76
38 79
38 86
38 91
38 92
38 93
39 0
39 6
39 9
39 19
39 24
39 26
39 27
39 30
39 38
39 41
39 47
39 52
39 56
39 58
39 67
39 68
39 69
39 81
39 82
39 87
39 91
39 99
39 100
40 3
40 4
40 7
40 15
40 18
40 30
40 32
40 34
40 37
40 39
40 40
40 45
40 47
40 49
40 50
40 52
40 53
40 55
40 67
40 76
40 77
40 81
40 82
40 83
40 89
40 90
40 93
40 97
41 10
41 12
41 14
41 16
41 21
41 24
41 25
41 27
41 29
41 31
41 39
41 40
41 42
41 43
41 49
41 54
41 60
41 63
41 65
41 67
41 71
41 83
41 87
41 90
41 95
41 98
42 3
42 4
42 7
42 14
42 18
42 26
42 31
42 36
42 42
42 44
42 52
42 54
42 64
42 65
42 68
42 69
42 73
42 74
42 76
42 85
42 86
42 87
42 88
42 90
42 99
43 5
43 10
43 13
43 16
43 18
43 20
43 22
43 23
43 25
43 26
43 27
43 35
43 36
43 37
43 38
43 41
43 46
43 50
43 52
43 55
43 67
43 73
43 76
43 78
43 80
43 85
43 87
43 90
43 91
43 95
43 96
43 97
43 100
44 4
44 7
44 11
44 13
44 14
44 18
44 21
44 25
44 26
44 29
44 30
44 32
44 36
44 37
44 38
44 44
44 48
44 54
44 67
44 68
44 74
44 75
44 81
44 83
44 84
44 86
44 87
44 89
44 94
44 95
44 97
45 0
45 7
45 9
45 11
45 13
45 18
45 20
45 22
45 24
45 25
45 31
45 35
45 36
45 39
45 44
45 45
45 47
45 50
45 54
45 55
45 61
45 62
45 64
45 65
45 68
45 69
45 72
45 75
45 76
45 77
45 80
45 86
45 88
45 94
46 2
46 5
46 6
46 11
46 13
46 14
46 15
46 16
46 17
46 18
46 20
46 26
46 27
46 29
46 30
46 32
46 38
46 40
46 41
46 44
46 50
46 51
46 53
46 58
46 61
46 62
46 63
46 81
46 82
46 83
46 85
46 90
46 91
46 96
46 97
46 99
47 3
47 7
47 8
47 13
47 15
47 16
47 17
47 21
47 23
47 24
47 31
47 35
47 37
47 42
47 43
47 48
47 49
47 56
47 57
47 59
47 60
47 63
47 64
47 65
47 66
47 67
47 68
47 72
47 74
47 78
47 80
47 82
47 83
47 87
47 88
47 94
47 95
48 1
48 2
48 4
48 6
48 8
48 10
48 11
48 28
48 31
48 41
48 43
48 49
48 53
48 56
48 57
48 64
48 65
48 66
48 67
48 74
48 75
48 76
48 80
48 81
48 82
48 90
48 92
48 93
48 94
49 5
49 6
49 11
49 12
49 17
49 18
49 19
49 24
49 27
49 28
49 31
49 38
49 40
49 41
49 42
49 44
49 49
49 50
49 54
49 55
49 59
49 60
49 68
49 75
49 81
49 83
49 91
49 92
50 3
50 6
50 12
50 13
50 15
50 29
50 38
50 39
50 44
50 52
50 53
50 56
50 59
50 60
50 61
50 62
50 63
50 65
50 66
50 67
50 69
50 70
50 71
50 74
50 80
50 81
50 84
50 85
50 86
50 92
50 94
50 95
51 4
51 9
51 11
51 15
51 17
51 21
51 26
51 31
51 34
51 35
51 38
51 40
51 43
51 44
51 46
51 47
51 50
51 53
51 66
51 68
51 69
51 70
51 76
51 78
51 79
51 80
51 86
51 89
51 92
51 97
52 4
52 5
52 10
52 12
52 18
52 20
52 21
52 24
52 25
52 32
52 39
52 40
52 43
52 44
52 49
52 50
52 53
52 56
52 58
52 59
52 63
52 64
52 65
52 69
52 70
52 71
52 74
52 75
52 81
52 84
52 85
52 86
52 88
52 89
52 90
52 91
52 98
53 1
53 2
53 5
53 11
53 13
53 14
53 16
53 20
53 21
53 27
53 30
53 31
53 34
53 35
53 36
53 38
53 41
53 43
53 48
53 50
53 54
53 58
53 62
53 63
53 64
53 67
53 70
53 74
53 79
53 80
53 82
53 83
53 86
53 92
53 93
53 95
53 96
53 99
53 100
54 0
54 1
54 3
54 7
54 8
54 11
54 13
54 14
54 17
54 20
54 24
54 44
54 45
54 50
54 51
54 54
54 56
54 58
54 59
54 68
54 69
54 71
54 73
54 74
54 75
54 77
54 84
54 87
54 90
54 94
54 95
54 96
54 97
54 98
54 99
55 4
55 6
55 7
55 8
55 9
55 13
55 15
55 22
55 23
55 31
55 37
55 49
55 55
55 59
55 62
55 64
55 66
55 70
55 74
55 83
55 89
55 96
55 98
55 99
56 1
56 3
56 14
56 17
56 19
56 29
56 32
56 38
56 46
56 56
56 57
56 58
56 60
56 66
56 70
56 82
56 85
56 86
56 88
56 92
57 0
57 3
57 5
57 7
57 12
57 13
57 14
57 18
57 27
57 29
57 31
57 36
57 38
57 44
57 46
57 47
57 51
57 54
57 55
57 59
57 63
57 70
57 72
57 76
57 77
57 80
57 89
57 92
57 95
57 99
58 4
58 10
58 14
58 20
58 22
58 26
58 27
58 28
58 34
58 35
58 38
58 41
58 43
58 48
58 49
58 54
58 58
58 60
58 61
58 64
58 67
58 70
58 74
58 76
58 77
58 78
58 82
58 87
58 89
58 90
58 92
58 95
59 6
59 7
59 13
59 14
59 16
59 20
59 22
59 29
59 33
59 38
59 40
59 45
59 47
59 48
59 51
59 53
59 56
59 64
59 65
59 68
59 72
59 74
59 76
59 79
59 80
59 84
59 85
59 88
59 97
59 98
59 99
60 1
60 15
60 16
60 20
60 24
60 28
60 31
60 33
60 35
60 37
60 41
60 42
60 46
60 47
60 48
60 50
60 56
60 58
60 61
60 62
60 69
60 76
60 77
60 80
60 84
60 86
60 98
60 100
61 2
61 3
61 4
61 6
61 11
61 21
61 22
61 23
61 24
61 25
61 27
61 28
61 29
61 32
61 33
61 34
61 36
61 37
61 40
61 42
61 44
61 50
61 54
61 57
61 61
61 63
61 64
61 74
61 77
61 78
61 79
61 80
61 82
61 84
61 88
61 92
61 94
61 97
61 98
61 99
61 100
62 0
62 14
62 16
62 19
62 20
62 22
62 24
62 26
62 29
62 30
62 32
62 33
62 34
62 36
62 38
62 39
62 40
62 42
62 46
62 48
62 51
62 54
62 58
62 59
62 60
62 61
62 62
62 64
62 65
62 73
62 75
62 76
62 78
62 80
62 83
62 90
62 95
62 97
62 98
62 99
63 0
63 5
63 13
63 21
63 27
63 30
63 31
63 33
63 34
63 35
63 39
63 51
63 52
63 53
63 56
63 62
63 65
63 66
63 67
63 68
63 72
63 81
63 85
63 87
63 98
64 0
64 5
64 9
64 10
64 13
64 15
64 16
64 19
64 22
64 24
64 27
64 29
64 33
64 40
64 41
64 44
64 46
64 47
64 48
64 53
64 54
64 57
64 58
64 65
64 75
64 78
64 80
64 81
64 82
64 83
64 87
64 89
64 90
64 92
64 93
64 98
64 99
65 0
65 1
65 3
65 4
65 5
65 10
65 16
65 19
65 26
65 28
65 31
65 37
65 41
65 42
65 44
65 48
65 50
65 56
65 57
65 60
65 63
65 69
65 71
65 78
65 79
65 80
65 82
65 83
65 87
65 89
65 90
65 91
65 94
65 96
65 99
65 100
66 0
66 1
66 4
66 6
66 17
66 21
66 22
66 23
66 29
66 31
66 34
66 35
66 36
66 40
66 44
66 46
66 56
66 58
66 61
66 64
66 67
66 69
66 75
66 77
66 78
66 80
66 82
66 90
66 91
66 92
66 95
67 3
67 4
67 8
67 17
67 26
67 31
67 33
67 34
67 50
67 52
67 53
67 54
67 55
67 56
67 57
67 62
67 64
67 65
67 69
67 73
67 76
67 77
67 82
67 83
67 85
67 87
67 92
67 95
67 96
67 97
67 98
68 1
68 11
68 12
68 30
68 34
68 36
68 37
68 42
68 44
68 46
68 51
68 53
68 55
68 58
68 59
68 61
68 63
68 68
68 69
68 71
68 73
68 77
68 78
68 82
68 92
68 93
68 95
68 96
68 97
69 0
69 2
69 3
69 4
69 5
69 6
69 8
69 9
69 11
69 12
69 14
69 21
69 33
69 34
69 37
69 38
69 39
69 41
69 46
69 48
69 49
69 50
69 53
69 55
69 60
69 65
69 69
69 73
69 77
69 78
69 80
69 81
69 82
69 85
69 86
69 92
69 95
69 98
69 100
70 0
70 1
70 5
70 8
70 14
70 16
70 25
70 26
70 29
70 31
70 32
70 33
70 41
70 45
70 47
70 50
70 51
70 52
70 57
70 60
70 69
70 76
70 82
70 86
70 89
70 93
70 94
70 97
70 98
70 100
71 1
71 3
71 8
71 12
71 27
71 37
71 39
71 42
71 47
71 48
71 49
71 50
71 52
71 53
71 60
71 61
71 62
71 69
71 81
71 82
71 84
71 88
71 89
71 90
71 91
71 96
71 98
72 1
72 7
72 12
72 14
72 15
72 22
72 23
72 24
72 25
72 27
72 28
72 29
72 36
72 40
72 41
72 44
72 47
72 49
72 50
72 56
72 63
72 67
72 68
72 69
72 72
72 75
72 77
72 79
72 81
72 83
72 84
72 89
72 99
72 100
73 1
73 2
73 4
73 5
73 12
73 15
73 18
73 19
73 20
73 26
73 29
73 32
73 35
73 36
73 39
73 40
73 42
73 43
73 46
73 50
73 51
73 52
73 61
73 68
73 70
73 73
73 76
73 77
73 79
73 80
73 83
73 84
73 88
73 93
73 94
73 95
74 1
74 2
74 4
74 5
74 9
74 11
74 13
74 15
74 19
74 24
74 30
74 32
74 35
74 39
74 41
74 47
74 48
74 49
74 50
74 53
74 54
74 55
74 57
74 66
74 68
74 77
74 79
74 81
74 84
74 88
74 91
74 96
74 97
75 3
75 11
75 15
75 18
75 20
75 28
75 29
75 31
75 33
75 34
75 39
75 40
75 41
75 45
75 48
75 52
75 54
75 55
75 62
75 72
75 74
75 77
75 84
75 85
75 90
75 92
75 97
76 3
76 12
76 14
76 15
76 18
76 23
76 25
76 26
76 27
76 28
76 31
76 37
76 40
76 48
76 50
76 55
76 58
76 61
76 71
76 73
76 75
76 81
76 83
76 84
76 89
76 91
76 92
76 95
76 96
76 98
76 99
77 3
77 7
77 9
77 11
77 14
77 16
77 18
77 26
77 29
77 31
77 34
77 38
77 40
77 42
77 43
77 51
77 57
77 63
77 67
77 78
77 83
77 85
77 91
77 94
77 96
78 2
78 4
78 6
78 7
78 9
78 13
78 14
78 15
78 20
78 21
78 22
78 23
78 25
78 26
78 28
78 29
78 31
78 33
78 38
78 41
78 44
78 48
78 49
78 50
78 52
78 60
78 62
78 63
78 64
78 76
78 79
78 80
78 88
78 92
78 94
78 100
79 0
79 2
79 4
79 7
79 8
79 9
79 10
79 17
79 19
79 20
79 27
79 29
79 33
79 36
79 37
79 38
79 39
79 42
79 43
79 45
79 48
79 49
79 58
79 59
79 61
79 63
79 64
79 67
79 68
79 70
79 74
79 75
79 77
79 79
79 81
79 88
79 89
79 94
79 96
79 98
79 99
80 8
80 10
80 13
80 18
80 24
80 26
80 27
80 34
80 39
80 46
80 53
80 56
80 59
80 63
80 67
80 73
80 74
80 77
80 82
80 83
80 86
80 89
80 96
80 97
80 98
80 99
81 0
81 8
81 11
81 14
81 22
81 23
81 31
81 32
81 36
81 40
81 41
81 46
81 47
81 49
81 50
81 52
81 57
81 63
81 65
81 66
81 67
81 73
81 74
81 75
81 84
81 88
81 89
81 90
81 91
82 0
82 1
82 2
82 4
82 12
82 13
82 15
82 16
82 18
82 20
82 23
82 24
82 27
82 28
82 36
82 37
82 38
82 40
82 43
82 47
82 52
82 54
82 56
82 57
82 61
82 62
82 69
82 70
82 71
82 73
82 76
82 77
82 80
82 83
82 90
82 92
83 0
83 1
83 5
83 6
83 7
83 8
83 13
83 14
83 17
83 19
83 21
83 22
83 23
83 32
83 37
83 43
83 51
83 61
83 63
83 64
83 68
83 69
83 73
83 76
83 78
83 80
83 82
83 85
83 86
83 87
83 90
83 92
83 97
84 0
84 5
84 7
84 8
84 11
84 12
84 15
84 17
84 32
84 34
84 38
84 39
84 48
84 49
84 53
84 58
84 61
84 63
84 64
84 66
84 67
84 68
84 74
84 75
84 77
84 87
84 91
84 93
84 94
84 95
84 97
84 100
85 2
85 5
85 11
85 13
85 14
85 15
85 16
85 27
85 31
85 32
85 38
85 43
85 47
85 48
85 51
85 56
85 60
85 61
85 70
85 74
85 76
85 83
85 84
85 86
85 87
85 89
85 94
85 97
85 98
85 100
86 1
86 3
86 4
86 19
86 27
86 33
86 36
86 37
86 38
86 40
86 41
86 44
86 47
86 51
86 53
86 55
86 56
86 62
86 65
86 68
86 72
86 73
86 74
86 76
86 79
86 82
86 83
86 86
86 89
86 90
86 91
86 92
86 97
86 98
87 7
87 8
87 11
87 13
87 15
87 17
87 19
87 20
87 21
87 24
87 30
87 32
87 33
87 37
87 40
87 43
87 47
87 55
87 57
87 58
87 62
87 70
87 71
87 73
87 74
87 75
87 77
87 85
87 86
87 91
87 92
87 95
88 0
88 1
88 6
88 20
88 21
88 23
88 27
88 28
88 39
88 40
88 41
88 42
88 44
88 46
88 48
88 49
88 50
88 51
88 58
88 62
88 66
88 73
88 77
88 78
88 79
88 81
88 85
88 88
88 89
88 92
89 2
89 4
89 15
89 18
89 23
89 26
89 28
89 29
89 38
89 43
89 61
89 71
89 72
89 76
89 78
89 83
89 90
89 96
89 97
89 98
89 100
90 4
90 16
90 20
90 28
90 31
90 33
90 38
90 39
90 40
90 42
90 44
90 48
90 54
90 55
90 56
90 58
90 64
90 65
90 71
90 72
90 76
90 78
90 79
90 81
90 82
90 85
90 87
90 90
90 91
90 92
90 93
90 94
90 95
90 96
91 1
91 4
91 5
91 9
91 10
91 19
91 20
91 23
91 25
91 30
91 33
91 36
91 41
91 42
91 44
91 45
91 51
91 57
91 63
91 70
91 73
91 75
91 84
91 85
91 87
91 89
91 91
91 99
92 2
92 11
92 15
92 20
92 24
92 25
92 26
92 29
92 31
92 32
92 33
92 34
92 38
92 39
92 44
92 52
92 53
92 55
92 57
92 62
92 67
92 70
92 71
92 72
92 79
92 83
92 87
92 88
92 94
93 1
93 2
93 5
93 8
93 9
93 12
93 18
93 27
93 28
93 29
93 30
93 31
93 32
93 35
93 36
93 40
93 42
93 50
93 52
93 53
93 56
93 58
93 62
93 64
93 67
93 69
93 72
93 76
93 80
93 83
93 89
93 90
93 91
93 92
93 93
93 98
93 100
94 7
94 9
94 16
94 18
94 21
94 24
94 29
94 32
94 35
94 41
94 42
94 46
94 50
94 52
94 58
94 61
94 64
94 68
94 71
94 73
94 81
94 82
94 83
94 87
94 88
95 0
95 4
95 11
95 17
95 21
95 22
95 25
95 27
95 29
95 31
95 35
95 36
95 41
95 48
95 50
95 54
95 56
95 57
95 58
95 59
95 62
95 69
95 70
95 73
95 74
95 79
95 81
95 85
95 87
95 92
95 96
95 98
95 99
96 1
96 4
96 6
96 8
96 11
96 12
96 14
96 15
96 20
96 22
96 25
96 29
96 38
96 41
96 48
96 50
96 51
96 52
96 53
96 55
96 57
96 59
96 62
96 63
96 67
96 68
96 72
96 74
96 75
96 76
96 77
96 82
96 84
96 88
96 90
96 93
96 94
96 98
96 99
97 7
97 9
97 11
97 17
97 19
97 22
97 24
97 25
97 26
97 30
97 34
97 40
97 45
97 47
97 48
97 50
97 54
97 55
97 56
97 57
97 59
97 60
97 69
97 73
97 79
97 84
97 85
97 89
97 90
97 93
97 94
97 96
97 98
98 0
98 1
98 5
98 9
98 10
98 11
98 13
98 20
98 22
98 24
98 34
98 35
98 36
98 47
98 49
98 50
98 57
98 60
98 61
98 62
98 64
98 65
98 66
98 68
98 73
98 84
98 85
98 95
98 97
99 1
99 7
99 11
99 21
99 22
99 29
99 33
99 34
99 41
99 44
99 45
99 49
99 53
99 54
99 55
99 58
99 61
99 70
99 73
99 74
99 75
99 80
99 82
99 84
99 85
99 90
99 91
99 94
99 96
99 98
99 99
100 4
100 11
100 13
100 14
100 15
100 17
100 20
100 35
100 37
100 38
100 43
100 47
100 49
100 55
100 63
100 77
100 80
100 83
100 86
100 88
100 92
100 93
