0 3
0 4
0 5
0 12
0 14
0 16
0 19
0 20
0 25
0 33
0 35
0 38
0 41
0 48
0 56
0 57
0 64
0 69
0 72
0 76
0 78
0 79
0 80
0 81
0 92
0 94
0 96
0 99
0 100
1 4
1 8
1 11
1 15
1 25
1 26
1 29
1 41
1 43
1 49
1 51
1 55
1 57
1 61
1 62
1 64
1 67
1 72
1 77
1 80
1 82
1 84
1 86
1 89
1 93
1 94
1 99
2 14
2 15
2 22
2 29
2 36
2 37
2 38
2 42
2 43
2 44
2 45
2 50
2 54
2 58
2 61
2 77
2 82
2 85
2 89
2 90
3 1
3 4
3 8
3 20
3 24
3 33
3 36
3 43
3 60
3 68
3 73
3 74
3 81
3 90
3 94
3 96
3 98
3 99
4 1
4 5
4 11
4 14
4 17
4 19
4 25
4 29
4 37
4 43
4 45
4 48
4 49
4 50
4 57
4 58
4 59
4 65
4 67
4 69
4 70
4 73
4 75
4 85
4 86
4 87
4 88
4 90
4 91
4 95
4 99
5 0
5 6
5 7
5 11
5 13
5 16
5 17
5 24
5 25
5 30
5 35
5 37
5 44
5 47
5 48
5 50
5 52
5 53
5 59
5 63
5 64
5 77
5 80
5 86
5 87
5 91
5 93
5 95
5 97
5 98
5 99
6 1
6 5
6 6
6 10
6 12
6 17
6 30
6 31
6 37
6 42
6 43
6 44
6 54
6 55
6 58
6 59
6 60
6 61
6 65
6 68
6 71
6 73
6 74
6 86
6 88
6 89
6 90
6 92
6 93
6 96
6 100
7 2
7 6
7 7
7 16
7 17
7 18
7 21
7 24
7 27
7 33
7 34
7 39
7 47
7 49
7 52
7 53
7 55
7 57
7 61
7 62
7 71
7 72
7 73
7 76
7 78
7 83
7 91
7 93
7 94
7 99
7 100
8 0
8 3
8 7
8 12
8 13
8 14
8 20
8 23
8 30
8 32
8 33
8 35
8 38
8 39
8 40
8 43
8 44
8 46
8 47
8 53
8 55
8 62
8 73
8 75
8 80
8 84
8 87
8 88
8 89
8 91
8 92
8 99
9 0
9 9
9 10
9 13
9 15
9 21
9 26
9 35
9 37
9 40
9 41
9 53
9 54
9 59
9 61
9 65
9 68
9 74
9 75
9 82
9 85
9 91
9 93
9 95
9 98
9 99
10 4
10 9
10 11
10 18
10 20
10 22
10 24
10 26
10 28
10 36
10 38
10 45
10 46
10 48
10 52
10 53
10 55
10 58
10 65
10 66
10 71
10 73
10 74
10 79
10 86
10 87
10 90
10 94
10 95
10 96
10 100
11 2
11 3
11 8
11 11
11 13
11 14
11 23
11 24
11 25
11 30
11 39
11 45
11 49
11 51
11 52
11 54
11 78
11 81
11 82
11 85
11 86
11 89
11 90
11 94
12 1
12 2
12 3
12 10
12 13
12 18
12 19
12 26
12 29
12 32
12 34
12 42
12 45
12 51
12 52
12 53
12 56
12 57
12 60
12 62
12 66
12 68
12 69
12 78
12 79
12 81
12 84
12 86
12 89
12 92
12 98
13 10
13 13
13 23
13 24
13 28
13 29
13 30
13 33
13 37
13 38
13 42
13 45
13 48
13 51
13 52
13 67
13 70
13 73
13 74
13 75
13 82
13 87
13 88
13 89
13 96
13 97
13 99
14 0
14 3
14 4
14 6
14 10
14 16
14 18
14 25
14 26
14 33
14 41
14 50
14 60
14 72
14 73
14 76
14 84
14 85
14 86
14 90
14 92
14 93
14 94
14 96
14 99
15 0
15 2
15 9
15 12
15 13
15 17
15 24
15 26
15 33
15 37
15 38
15 45
15 47
15 51
15 56
15 62
15 63
15 66
15 69
15 72
15 77
15 79
15 81
15 82
15 87
15 90
15 91
15 92
15 93
16 1
16 2
16 5
16 7
16 8
16 10
16 12
16 16
16 19
16 20
16 22
16 23
16 25
16 27
16 29
16 31
16 33
16 40
16 43
16 44
16 45
16 48
16 51
16 53
16 55
16 58
16 63
16 67
16 68
16 77
16 78
16 82
16 84
16 86
16 88
16 89
16 92
16 96
17 7
17 8
17 11
17 13
17 26
17 30
17 31
17 32
17 33
17 34
17 36
17 39
17 47
17 49
17 57
17 58
17 62
17 64
17 65
17 66
17 70
17 77
17 80
17 81
17 82
17 83
17 85
17 90
17 92
17 99
17 100
18 0
18 3
18 4
18 9
18 11
18 17
18 23
18 24
18 25
18 28
18 31
18 32
18 45
18 46
18 47
18 49
18 50
18 51
18 55
18 60
18 61
18 68
18 69
18 70
18 78
18 79
18 86
18 87
18 89
18 97
18 98
18 99
19 0
19 6
19 7
19 8
19 10
19 11
19 14
19 15
19 26
19 29
19 33
19 35
19 38
19 42
19 46
19 47
19 53
19 60
19 62
19 68
19 71
19 84
19 90
19 91
19 94
19 95
19 100
20 5
20 6
20 7
20 8
20 9
20 10
20 11
20 12
20 14
20 15
20 31
20 32
20 33
20 38
20 39
20 47
20 51
20 59
20 61
20 68
20 84
20 90
20 96
20 97
20 99
20 100
21 0
21 4
21 6
21 9
21 10
21 13
21 19
21 21
21 24
21 33
21 36
21 40
21 41
21 46
21 47
21 50
21 52
21 56
21 58
21 60
21 62
21 78
21 81
21 83
21 84
21 88
21 89
21 95
21 98
22 10
22 11
22 15
22 18
22 20
22 24
22 25
22 28
22 37
22 45
22 46
22 62
22 63
22 67
22 73
22 74
22 84
22 88
22 91
22 93
22 94
22 96
23 7
23 11
23 13
23 17
23 22
23 24
23 26
23 27
23 28
23 30
23 32
23 33
23 34
23 35
23 40
23 41
23 42
23 43
23 48
23 49
23 50
23 51
23 52
23 60
23 61
23 63
23 64
23 65
23 67
23 72
23 80
23 83
23 87
23 88
23 90
23 96
24 0
24 1
24 2
24 10
24 14
24 15
24 18
24 20
24 23
24 27
24 30
24 34
24 35
24 37
24 38
24 40
24 41
24 42
24 43
24 44
24 45
24 46
24 49
24 51
24 53
24 55
24 58
24 59
24 63
24 66
24 67
24 71
24 72
24 77
24 84
24 85
24 88
24 90
24 95
25 0
25 3
25 7
25 19
25 23
25 26
25 27
25 28
25 29
25 30
25 34
25 46
25 48
25 49
25 60
25 70
25 76
25 79
25 80
25 84
25 86
25 92
25 93
26 1
26 3
26 8
26 13
26 14
26 17
26 21
26 29
26 31
26 38
26 40
26 45
26 50
26 55
26 56
26 58
26 59
26 61
26 62
26 66
26 72
26 74
26 79
26 82
26 85
26 91
26 97
26 98
27 2
27 3
27 4
27 5
27 8
27 9
27 13
27 20
27 21
27 23
27 25
27 26
27 31
27 36
27 37
27 39
27 42
27 43
27 50
27 51
27 65
27 66
27 70
27 77
27 79
27 81
27 83
27 85
27 91
28 0
28 10
28 14
28 16
28 26
28 29
28 30
28 41
28 48
28 52
28 54
28 57
28 60
28 63
28 64
28 65
28 67
28 68
28 72
28 73
28 74
28 76
28 93
28 98
28 99
29 4
29 14
29 16
29 17
29 19
29 20
29 25
29 29
29 33
29 35
29 39
29 40
29 41
29 46
29 48
29 54
29 55
29 59
29 66
29 72
29 74
29 80
29 88
29 90
29 91
29 93
29 95
29 96
29 98
29 100
30 0
30 5
30 12
30 15
30 18
30 19
30 20
30 23
30 24
30 30
30 31
30 33
30 35
30 39
30 41
30 48
30 50
30 56
30 57
30 58
30 59
30 63
30 65
30 70
30 73
30 74
30 79
30 81
30 82
30 85
30 87
30 94
31 4
31 7
31 10
31 13
31 16
31 19
31 25
31 26
31 28
31 29
31 34
31 37
31 38
31 39
31 41
31 45
31 49
31 51
31 58
31 64
31 65
31 67
31 68
31 72
31 73
31 77
31 84
31 86
31 92
31 98
32 4
32 7
32 12
32 14
32 17
32 23
32 29
32 32
32 33
32 44
32 46
32 47
32 51
32 53
32 54
32 65
32 66
32 74
32 80
32 81
32 83
32 85
32 93
32 94
33 1
33 7
33 12
33 13
33 17
33 18
33 21
33 22
33 24
33 25
33 28
33 33
33 46
33 49
33 50
33 54
33 61
33 63
33 66
33 72
33 81
33 83
33 93
33 95
33 97
33 98
33 100
34 2
34 4
34 18
34 19
34 25
34 30
34 35
34 37
34 50
34 56
34 61
34 62
34 65
34 68
34 70
34 79
34 86
34 88
34 93
34 94
34 95
34 96
34 97
34 98
34 99
34 100
35 0
35 3
35 6
35 8
35 10
35 11
35 17
35 18
35 23
35 25
35 27
35 29
35 31
35 32
35 34
35 40
35 42
35 46
35 50
35 52
35 54
35 55
35 56
35 57
35 60
35 66
35 67
35 70
35 71
35 81
35 85
35 87
35 88
35 90
35 91
35 92
35 93
35 94
35 95
35 97
36 0
36 4
36 9
36 10
36 11
36 16
36 17
36 21
36 23
36 25
36 29
36 31
36 33
36 36
36 37
36 38
36 45
36 47
36 49
36 50
36 54
36 55
36 59
36 61
36 65
36 71
36 75
36 81
36 83
36 86
37 2
37 3
37 6
37 8
37 9
37 12
37 16
37 19
37 23
37 25
37 28
37 29
37 33
37 34
37 35
37 37
37 38
37 40
37 43
37 45
37 46
37 49
37 50
37 51
37 53
37 55
37 56
37 58
37 60
37 61
37 62
37 66
37 67
37 71
37 73
37 75
37 80
37 85
37 86
37 87
37 93
37 94
37 96
37 98
37 99
38 2
38 3
38 8
38 12
38 17
38 19
38 26
38 27
38 32
38 36
38 40
38 41
38 42
38 46
38 47
38 48
38 51
38 55
38 56
38 63
38 64
38 68
38 70
38 71
38 75
38 78
38 80
38 81
38 83
38 84
38 88
38 90
38 95
39 3
39 7
39 8
39 11
39 13
39 17
39 20
39 21
39 23
39 33
39 38
39 43
39 46
39 48
39 52
39 54
39 57
39 58
39 62
39 64
39 68
39 69
39 71
39 72
39 79
39 81
39 88
39 97
39 99
39 100
40 0
40 3
40 8
40 14
40 16
40 18
40 19
40 27
40 29
40 40
40 45
40 47
40 49
40 53
40 60
40 64
40 65
40 66
40 67
40 80
40 81
40 82
40 86
40 88
40 90
40 92
40 94
40 96
40 98
41 1
41 2
41 3
41 6
41 18
41 22
41 26
41 33
41 36
41 37
41 38
41 42
41 45
41 48
41 52
41 57
41 64
41 71
41 76
41 77
41 82
41 89
41 91
41 94
41 97
41 98
41 99
42 6
42 9
42 10
42 16
42 17
42 19
42 34
42 39
42 40
42 48
42 50
42 52
42 53
42 57
42 58
42 62
42 64
42 71
42 72
42 79
42 80
42 83
42 85
42 87
42 90
42 91
42 92
42 94
42 97
42 98
42 99
43 2
43 12
43 13
43 16
43 18
43 20
43 21
43 23
43 26
43 28
43 29
43 32
43 36
43 40
43 41
43 50
43 56
43 60
43 61
43 64
43 66
43 71
43 72
43 79
43 90
43 91
43 93
44 6
44 9
44 12
44 28
44 29
44 30
44 31
44 33
44 34
44 36
44 38
44 40
44 42
44 44
44 60
44 62
44 63
44 65
44 67
44 71
44 72
44 79
44 82
44 84
44 85
44 99
45 0
45 2
45 4
45 13
45 16
45 22
45 24
45 25
45 27
45 35
45 38
45 40
45 42
45 51
45 52
45 55
45 56
45 58
45 59
45 63
45 66
45 68
45 69
45 71
45 72
45 73
45 77
45 81
45 83
45 91
46 3
46 6
46 10
46 15
46 16
46 22
46 24
46 32
46 38
46 40
46 50
46 51
46 55
46 57
46 60
46 62
46 68
46 69
46 74
46 85
46 88
46 91
46 94
46 99
47 4
47 11
47 15
47 21
47 25
47 31
47 33
47 35
47 38
47 39
47 40
47 41
47 44
47 45
47 54
47 58
47 62
47 66
47 68
47 70
47 73
47 75
47 77
47 79
47 84
47 86
47 92
47 93
47 97
48 1
48 3
48 7
48 9
48 14
48 15
48 19
48 20
48 23
48 26
48 27
48 28
48 30
48 31
48 34
48 41
48 46
48 47
48 50
48 53
48 64
48 66
48 71
48 72
48 79
48 81
48 82
48 83
48 84
48 85
48 87
48 94
48 97
48 99
49 6
49 8
49 9
49 10
49 13
49 16
49 20
49 24
49 26
49 29
49 31
49 33
49 36
49 37
49 38
49 45
49 52
49 53
49 54
49 55
49 56
49 61
49 62
49 65
49 71
49 75
49 80
49 81
49 82
49 84
49 86
49 89
49 93
49 96
50 0
50 10
50 13
50 16
50 17
50 19
50 20
50 25
50 31
50 33
50 36
50 42
50 47
50 58
50 61
50 64
50 65
50 69
50 70
50 74
50 77
50 80
50 81
50 83
50 87
50 89
50 92
50 93
50 97
50 99
51 0
51 3
51 6
51 12
51 13
51 14
51 16
51 20
51 24
51 27
51 29
51 30
51 33
51 43
51 44
51 49
51 50
51 52
51 56
51 61
51 64
51 65
51 66
51 74
51 76
51 82
51 92
51 95
51 96
51 98
52 3
52 4
52 5
52 10
52 11
52 20
52 25
52 28
52 29
52 33
52 36
52 38
52 45
52 47
52 50
52 53
52 66
52 67
52 75
52 79
52 81
52 83
52 87
52 92
52 97
52 98
52 99
53 1
53 8
53 9
53 11
53 14
53 24
53 25
53 29
53 31
53 32
53 38
53 39
53 40
53 41
53 44
53 52
53 60
53 61
53 62
53 63
53 66
53 71
53 81
53 83
53 85
53 87
53 93
53 95
53 96
53 97
53 99
54 0
54 2
54 4
54 10
54 14
54 17
54 20
54 21
54 25
54 28
54 34
54 36
54 37
54 40
54 41
54 45
54 47
54 59
54 61
54 64
54 75
54 77
54 78
54 82
54 83
54 85
54 87
54 89
54 90
54 91
54 92
54 95
54 99
55 1
55 6
55 13
55 20
55 22
55 23
55 27
55 34
55 36
55 40
55 48
55 49
55 50
55 52
55 56
55 63
55 64
55 68
55 71
55 74
55 79
55 80
55 87
55 92
56 4
56 5
56 6
56 12
56 13
56 16
56 19
56 25
56 27
56 28
56 33
56 35
56 38
56 41
56 46
56 48
56 49
56 54
56 56
56 65
56 68
56 75
56 77
56 78
56 79
56 81
56 82
56 84
56 94
56 99
56 100
57 4
57 6
57 8
57 13
57 18
57 24
57 28
57 30
57 34
57 36
57 37
57 38
57 40
57 46
57 51
57 58
57 62
57 64
57 68
57 71
57 72
57 80
57 85
57 86
57 87
57 88
57 91
57 99
58 2
58 10
58 14
58 18
58 19
58 24
58 25
58 29
58 35
58 38
58 41
58 42
58 43
58 44
58 45
58 46
58 56
58 59
58 60
58 65
58 70
58 73
58 79
58 81
58 89
58 95
58 96
58 97
58 100
59 6
59 9
59 10
59 11
59 14
59 16
59 19
59 22
59 29
59 42
59 48
59 50
59 52
59 58
59 61
59 65
59 69
59 72
59 76
59 77
59 83
59 88
59 92
59 95
60 0
60 2
60 11
60 13
60 15
60 16
60 17
60 20
60 22
60 23
60 25
60 31
60 34
60 35
60 37
60 43
60 45
60 46
60 47
60 54
60 57
60 58
60 62
60 72
60 73
60 75
60 76
60 78
60 79
60 80
60 82
60 86
60 89
60 90
60 93
60 94
60 95
61 0
61 1
61 2
61 4
61 7
61 8
61 10
61 12
61 13
61 16
61 19
61 21
61 22
61 23
61 25
61 27
61 33
61 37
61 39
61 40
61 43
61 46
61 52
61 62
61 64
61 65
61 69
61 74
61 75
61 80
61 81
61 87
61 88
61 89
61 90
61 98
62 1
62 3
62 5
62 8
62 10
62 11
62 12
62 16
62 20
62 23
62 29
62 30
62 33
62 34
62 36
62 41
62 42
62 44
62 46
62 47
62 51
62 60
62 63
62 73
62 74
62 75
62 78
62 80
62 82
62 83
62 85
62 90
62 98
62 100
63 2
63 3
63 6
63 8
63 9
63 17
63 20
63 21
63 22
63 24
63 32
63 34
63 35
63 40
63 41
63 42
63 48
63 52
63 53
63 55
63 56
63 58
63 59
63 60
63 64
63 65
63 67
63 72
63 80
63 85
63 88
63 89
63 93
63 98
64 1
64 7
64 11
64 13
64 15
64 16
64 18
64 20
64 21
64 22
64 26
64 27
64 34
64 35
64 42
64 43
64 47
64 49
64 50
64 56
64 63
64 67
64 69
64 77
64 80
64 81
64 83
64 89
64 90
64 93
64 96
64 97
64 98
64 100
65 0
65 1
65 3
65 6
65 7
65 10
65 12
65 18
65 19
65 22
65 24
65 27
65 29
65 32
65 35
65 39
65 42
65 43
65 45
65 53
65 57
65 59
65 63
65 64
65 69
65 70
65 73
65 79
65 85
65 88
65 89
65 90
65 97
66 1
66 4
66 8
66 9
66 15
66 19
66 26
66 27
66 28
66 31
66 35
66 36
66 37
66 38
66 41
66 45
66 46
66 48
66 49
66 51
66 55
66 56
66 57
66 60
66 66
66 69
66 71
66 75
66 76
66 82
66 83
66 84
66 89
66 95
66 96
66 100
67 0
67 1
67 2
67 3
67 4
67 15
67 17
67 18
67 23
67 24
67 30
67 32
67 35
67 42
67 46
67 47
67 56
67 70
67 77
67 82
67 83
67 90
67 92
67 93
67 95
67 97
68 1
68 8
68 9
68 12
68 13
68 14
68 23
68 29
68 34
68 38
68 39
68 40
68 42
68 45
68 48
68 50
68 58
68 59
68 60
68 61
68 66
68 67
68 68
68 70
68 73
68 79
68 82
68 88
68 90
68 92
68 95
68 96
68 98
68 100
69 1
69 5
69 11
69 12
69 13
69 14
69 16
69 21
69 22
69 23
69 29
69 31
69 33
69 37
69 39
69 41
69 43
69 46
69 48
69 49
69 50
69 53
69 56
69 59
69 60
69 62
69 63
69 66
69 71
69 72
69 73
69 76
69 79
69 83
69 86
69 87
69 92
69 97
69 99
69 100
70 3
70 12
70 13
70 14
70 15
70 18
70 21
70 23
70 26
70 29
70 33
70 37
70 46
70 47
70 50
70 52
70 53
70 59
70 63
70 67
70 71
70 73
70 74
70 77
70 78
70 80
70 85
70 89
70 91
70 97
70 100
71 0
71 7
71 8
71 11
71 18
71 24
71 29
71 38
71 51
71 52
71 57
71 59
71 62
71 63
71 66
71 68
71 75
71 79
71 85
71 91
71 92
71 94
71 97
72 1
72 2
72 11
72 14
72 22
72 23
72 24
72 26
72 29
72 32
72 36
72 37
72 41
72 42
72 43
72 49
72 50
72 56
72 59
72 60
72 62
72 69
72 70
72 72
72 83
72 84
72 86
72 88
72 90
72 91
73 5
73 7
73 10
73 11
73 12
73 16
73 19
73 21
73 25
73 26
73 27
73 37
73 42
73 46
73 49
73 56
73 65
73 67
73 69
73 73
73 79
73 86
73 88
73 89
73 92
73 95
73 97
73 99
73 100
74 1
74 3
74 4
74 6
74 8
74 9
74 14
74 18
74 22
74 24
74 25
74 26
74 27
74 37
74 39
74 45
74 51
74 56
74 57
74 58
74 59
74 62
74 63
74 71
74 76
74 77
74 79
74 83
74 89
74 92
74 94
75 0
75 1
75 9
75 18
75 19
75 22
75 24
75 27
75 30
75 32
75 33
75 34
75 39
75 41
75 44
75 47
75 48
75 63
75 67
75 70
75 74
75 76
75 78
75 85
75 90
75 99
76 1
76 3
76 6
76 7
76 8
76 12
76 15
76 20
76 21
76 22
76 29
76 30
76 31
76 32
76 36
76 37
76 41
76 43
76 44
76 55
76 60
76 63
76 64
76 66
76 69
76 74
76 80
76 81
76 83
76 85
76 88
76 94
77 2
77 5
77 8
77 9
77 19
77 23
77 29
77 30
77 31
77 35
77 37
77 40
77 42
77 46
77 49
77 50
77 54
77 55
77 56
77 57
77 58
77 62
77 64
77 65
77 75
77 76
77 77
77 78
77 80
77 82
77 84
77 95
77 96
77 98
77 99
78 0
78 4
78 15
78 16
78 17
78 21
78 22
78 25
78 30
78 38
78 40
78 41
78 44
78 49
78 51
78 53
78 55
78 56
78 58
78 59
78 60
78 65
78 67
78 69
78 70
78 76
78 85
78 86
78 91
78 92
78 98
79 1
79 4
79 15
79 16
79 17
79 22
79 32
79 34
79 35
79 39
79 41
79 46
79 51
79 52
79 53
79 59
79 62
79 63
79 65
79 67
79 69
79 73
79 79
79 80
79 81
79 83
79 90
79 91
79 93
79 96
79 98
80 0
80 4
80 6
80 7
80 23
80 24
80 32
80 38
80 39
80 43
80 50
80 51
80 52
80 53
80 55
80 58
80 62
80 63
80 70
80 72
80 73
80 78
80 85
80 86
80 87
80 88
80 93
80 98
80 99
80 100
81 5
81 8
81 10
81 11
81 13
81 14
81 17
81 19
81 21
81 23
81 27
81 31
81 33
81 34
81 37
81 41
81 42
81 45
81 46
81 54
81 55
81 59
81 61
81 76
81 77
81 82
81 83
81 85
81 86
81 89
81 90
81 93
81 98
81 100
82 4
82 6
82 17
82 18
82 22
82 23
82 24
82 35
82 36
82 38
82 40
82 41
82 47
82 48
82 53
82 60
82 63
82 64
82 68
82 69
82 75
82 76
82 78
82 79
82 83
82 85
82 86
82 87
82 96
82 97
83 1
83 6
83 10
83 11
83 14
83 16
83 18
83 20
83 21
83 23
83 27
83 30
83 35
83 42
83 50
83 52
83 55
83 66
83 69
83 71
83 72
83 75
83 76
83 77
83 86
83 87
83 88
83 96
84 2
84 5
84 6
84 7
84 11
84 17
84 24
84 26
84 28
84 35
84 40
84 46
84 57
84 62
84 63
84 64
84 65
84 66
84 69
84 81
84 82
84 83
84 90
84 91
84 92
84 97
84 98
85 0
85 2
85 7
85 8
85 17
85 21
85 27
85 28
85 30
85 31
85 34
85 38
85 40
85 42
85 47
85 49
85 50
85 53
85 55
85 57
85 58
85 59
85 60
85 64
85 66
85 72
85 73
85 77
85 79
85 88
85 89
85 95
86 1
86 3
86 11
86 19
86 20
86 26
86 33
86 35
86 36
86 38
86 41
86 42
86 51
86 55
86 62
86 64
86 70
86 72
86 74
86 76
86 77
86 80
86 85
86 86
86 88
86 95
86 96
86 97
86 99
87 2
87 6
87 7
87 15
87 17
87 19
87 24
87 27
87 39
87 44
87 45
87 47
87 59
87 63
87 72
87 78
87 83
87 84
87 89
87 94
87 99
87 100
88 0
88 2
88 3
88 7
88 8
88 9
88 19
88 22
88 26
88 30
88 31
88 33
88 41
88 42
88 48
88 49
88 52
88 57
88 62
88 63
88 66
88 69
88 79
88 89
88 92
88 98
89 0
89 1
89 6
89 7
89 10
89 14
89 16
89 17
89 22
89 24
89 26
89 29
89 31
89 37
89 42
89 45
89 48
89 49
89 53
89 58
89 65
89 66
89 67
89 68
89 70
89 74
89 80
89 82
89 85
89 86
89 95
89 96
89 97
89 100
90 1
90 2
90 3
90 5
90 6
90 10
90 17
90 20
90 27
90 31
90 35
90 40
90 41
90 45
90 46
90 47
90 48
90 54
90 57
90 58
90 65
90 75
90 77
90 78
90 82
90 85
90 89
90 92
90 96
90 100
91 6
91 8
91 10
91 14
91 15
91 19
91 20
91 23
91 26
91 29
91 32
91 35
91 36
91 38
91 42
91 44
91 45
91 47
91 49
91 52
91 53
91 59
91 60
91 64
91 66
91 69
91 81
91 82
91 88
91 89
91 90
91 97
92 2
92 5
92 10
92 11
92 13
92 17
92 20
92 23
92 25
92 29
92 31
92 37
92 40
92 41
92 43
92 46
92 57
92 58
92 59
92 61
92 66
92 67
92 78
92 85
92 90
92 99
92 100
93 0
93 2
93 3
93 6
93 16
93 24
93 26
93 31
93 38
93 41
93 44
93 45
93 47
93 48
93 55
93 56
93 58
93 65
93 70
93 71
93 72
93 78
93 80
93 85
93 86
93 89
93 90
93 93
93 94
93 95
93 99
94 1
94 2
94 7
94 8
94 9
94 12
94 15
94 22
94 26
94 30
94 33
94 38
94 42
94 46
94 50
94 51
94 53
94 57
94 58
94 62
94 64
94 67
94 70
94 76
94 77
94 79
94 80
94 81
94 83
94 85
94 86
94 87
94 89
94 90
94 94
94 96
94 100
95 2
95 5
95 6
95 9
95 10
95 13
95 14
95 16
95 25
95 32
95 36
95 41
95 42
95 44
95 47
95 50
95 53
95 55
95 60
95 62
95 64
95 67
95 71
95 75
95 78
95 79
95 81
95 83
95 86
95 90
95 91
95 93
95 97
95 98
96 0
96 1
96 2
96 10
96 17
96 20
96 24
96 30
96 41
96 48
96 49
96 53
96 57
96 60
96 61
96 63
96 65
96 68
96 73
96 75
96 77
96 81
96 82
96 83
96 84
96 87
96 92
96 94
96 95
96 97
97 0
97 5
97 7
97 9
97 10
97 11
97 15
97 22
97 25
97 26
97 29
97 30
97 36
97 37
97 39
97 41
97 43
97 47
97 48
97 52
97 55
97 57
97 62
97 66
97 70
97 72
97 75
97 76
97 81
97 82
97 87
97 88
97 90
97 93
97 98
97 99
98 0
98 1
98 5
98 6
98 9
98 12
98 14
98 16
98 20
98 26
98 28
98 31
98 33
98 35
98 36
98 37
98 40
98 43
98 49
98 51
98 53
98 54
98 57
98 60
98 69
98 70
98 78
98 79
98 81
98 83
98 89
98 92
98 94
98 98
98 100
99 2
99 6
99 9
99 11
99 13
99 16
99 18
99 25
99 28
99 30
99 31
99 33
99 36
99 38
99 44
99 47
99 52
99 56
99 59
99 60
99 62
99 63
99 67
99 69
99 70
99 72
99 74
99 75
99 77
99 88
99 89
99 91
99 96
100 1
100 3
100 4
100 6
100 9
100 12
100 15
100 24
100 25
100 26
100 29
100 30
100 33
100 35
100 36
100 37
100 39
100 41
100 46
100 47
100 50
100 52
100 60
100 72
100 76
100 77
100 78
100 82
100 90
100 94
100 95
100 97
100 98
