0 0
0 2
0 3
0 4
0 7
0 8
0 18
0 21
0 37
0 39
0 41
0 43
0 47
0 48
0 50
0 52
0 53
0 58
0 62
0 67
0 76
0 77
0 78
0 85
0 89
0 90
0 91
0 93
0 95
0 96
0 97
0 100
1 0
1 2
1 14
1 17
1 19
1 25
1 30
1 33
1 39
1 45
1 46
1 47
1 49
1 50
1 53
1 59
1 64
1 67
1 72
1 80
1 81
1 82
1 94
1 100
2 12
2 18
2 20
2 23
2 25
2 26
2 28
2 29
2 36
2 37
2 39
2 42
2 43
2 44
2 46
2 47
2 51
2 57
2 62
2 68
2 71
2 73
2 74
2 75
2 76
2 77
2 80
2 81
2 82
2 83
2 87
2 94
2 95
2 98
3 1
3 8
3 12
3 17
3 18
3 20
3 22
3 28
3 30
3 33
3 44
3 48
3 49
3 50
3 51
3 52
3 53
3 55
3 63
3 64
3 68
3 73
3 82
3 83
3 89
3 90
3 91
3 93
4 1
4 2
4 4
4 6
4 8
4 9
4 14
4 15
4 22
4 29
4 31
4 34
4 35
4 37
4 46
4 47
4 49
4 58
4 60
4 63
4 64
4 69
4 77
4 81
4 82
4 94
4 95
4 96
5 3
5 7
5 11
5 13
5 14
5 19
5 22
5 25
5 33
5 35
5 37
5 38
5 47
5 48
5 51
5 52
5 53
5 57
5 60
5 70
5 80
5 83
5 93
5 95
5 99
6 1
6 7
6 8
6 9
6 14
6 15
6 18
6 24
6 25
6 27
6 30
6 39
6 43
6 45
6 51
6 52
6 53
6 66
6 67
6 73
6 76
6 88
6 89
6 93
6 94
6 100
7 1
7 2
7 3
7 5
7 6
7 8
7 9
7 12
7 18
7 26
7 29
7 31
7 32
7 33
7 34
7 36
7 37
7 38
7 40
7 41
7 44
7 45
7 46
7 49
7 60
7 62
7 66
7 67
7 68
7 74
7 76
7 77
7 78
7 79
7 83
7 84
7 86
7 99
8 3
8 5
8 12
8 14
8 15
8 18
8 19
8 29
8 40
8 41
8 45
8 48
8 53
8 56
8 57
8 58
8 59
8 60
8 64
8 70
8 72
8 73
8 74
8 76
8 78
8 79
8 82
8 84
8 90
8 93
8 94
8 97
8 100
9 0
9 3
9 7
9 8
9 16
9 20
9 31
9 34
9 38
9 39
9 53
9 56
9 57
9 59
9 63
9 66
9 67
9 69
9 75
9 81
9 86
9 87
9 89
9 91
9 92
9 93
9 94
9 96
9 99
9 100
10 5
10 7
10 12
10 13
10 16
10 18
10 19
10 20
10 26
10 30
10 33
10 34
10 38
10 39
10 41
10 43
10 47
10 48
10 50
10 61
10 66
10 68
10 69
10 75
10 77
10 78
10 83
10 84
10 86
10 88
10 93
10 95
10 97
10 99
11 1
11 2
11 8
11 13
11 14
11 15
11 19
11 27
11 34
11 35
11 38
11 39
11 42
11 54
11 58
11 65
11 66
11 70
11 71
11 76
11 85
11 93
11 94
11 96
11 98
12 1
12 3
12 4
12 8
12 19
12 25
12 40
12 42
12 43
12 45
12 49
12 52
12 53
12 54
12 56
12 61
12 62
12 67
12 70
12 72
12 74
12 83
12 84
12 86
12 87
12 89
12 94
12 99
12 100
13 2
13 4
13 10
13 11
13 17
13 26
13 29
13 30
13 32
13 33
13 34
13 35
13 37
13 39
13 42
13 43
13 47
13 49
13 54
13 55
13 59
13 61
13 65
13 67
13 72
13 74
13 76
13 79
13 85
13 86
13 87
13 89
13 92
13 95
13 97
14 12
14 14
14 23
14 24
14 27
14 30
14 32
14 38
14 43
14 45
14 48
14 50
14 58
14 59
14 60
14 63
14 67
14 69
14 73
14 75
14 77
14 78
14 79
14 80
14 89
14 90
14 98
14 100
15 3
15 5
15 6
15 7
15 9
15 13
15 14
15 15
15 17
15 21
15 25
15 26
15 27
15 30
15 37
15 44
15 50
15 51
15 59
15 62
15 63
15 67
15 69
15 71
15 72
15 75
15 78
15 79
15 81
15 84
15 86
15 90
15 93
15 95
15 98
15 100
16 4
16 5
16 7
16 16
16 18
16 20
16 21
16 24
16 25
16 31
16 39
16 42
16 45
16 49
16 54
16 70
16 71
16 74
16 75
16 81
16 82
16 90
16 94
16 100
17 1
17 9
17 14
17 17
17 18
17 21
17 24
17 27
17 31
17 43
17 44
17 47
17 49
17 52
17 53
17 55
17 57
17 71
17 73
17 74
17 85
17 89
17 90
17 92
17 93
17 94
18 1
18 4
18 6
18 7
18 8
18 9
18 10
18 12
18 13
18 17
18 18
18 22
18 23
18 24
18 27
18 29
18 31
18 34
18 40
18 50
18 51
18 53
18 54
18 56
18 59
18 66
18 74
18 84
18 88
18 89
18 90
18 97
18 100
19 3
19 9
19 13
19 30
19 33
19 35
19 36
19 39
19 40
19 41
19 44
19 50
19 57
19 63
19 68
19 73
19 83
19 86
19 93
19 98
19 100
20 4
20 6
20 9
20 12
20 14
20 18
20 19
20 20
20 21
20 22
20 24
20 33
20 41
20 42
20 46
20 50
20 54
20 55
20 59
20 61
20 62
20 69
20 70
20 71
20 72
20 75
20 79
20 82
20 83
20 84
20 85
20 90
20 99
21 1
21 4
21 13
21 17
21 18
21 20
21 21
21 25
21 35
21 36
21 38
21 49
21 52
21 53
21 55
21 56
21 57
21 59
21 74
21 78
21 83
21 90
21 91
21 94
21 97
21 99
21 100
22 6
22 7
22 12
22 21
22 25
22 32
22 38
22 41
22 44
22 53
22 54
22 57
22 61
22 66
22 72
22 76
22 77
22 78
22 81
22 86
22 87
22 90
22 91
22 97
22 100
23 1
23 5
23 7
23 10
23 13
23 14
23 15
23 18
23 19
23 21
23 26
23 27
23 45
23 47
23 51
23 54
23 55
23 59
23 62
23 64
23 65
23 70
23 72
23 77
23 78
23 79
23 81
23 83
23 93
23 94
23 95
23 98
24 0
24 1
24 2
24 9
24 19
24 20
24 22
24 27
24 32
24 33
24 36
24 37
24 38
24 46
24 47
24 49
24 50
24 51
24 60
24 64
24 67
24 72
24 73
24 76
24 77
24 78
24 85
24 86
24 87
24 92
25 2
25 3
25 4
25 8
25 9
25 14
25 17
25 20
25 22
25 23
25 26
25 32
25 35
25 37
25 39
25 40
25 41
25 42
25 43
25 47
25 49
25 60
25 61
25 62
25 63
25 65
25 67
25 68
25 71
25 74
25 75
25 76
25 77
25 79
25 89
25 92
26 1
26 3
26 9
26 11
26 15
26 16
26 25
26 32
26 34
26 36
26 38
26 42
26 50
26 52
26 62
26 63
26 68
26 75
26 78
26 84
26 86
26 97
27 5
27 11
27 13
27 17
27 22
27 24
27 28
27 29
27 30
27 31
27 33
27 36
27 41
27 44
27 46
27 49
27 50
27 51
27 58
27 61
27 64
27 65
27 72
27 73
27 74
27 80
27 81
27 82
27 87
27 90
27 93
27 94
27 96
27 99
28 1
28 4
28 5
28 9
28 11
28 13
28 14
28 16
28 24
28 25
28 32
28 33
28 34
28 37
28 39
28 41
28 53
28 55
28 58
28 62
28 63
28 72
28 78
28 89
28 90
28 91
28 95
28 96
28 97
29 0
29 2
29 5
29 10
29 11
29 14
29 17
29 24
29 29
29 40
29 42
29 43
29 50
29 54
29 55
29 57
29 59
29 63
29 69
29 71
29 72
29 73
29 76
29 80
29 95
29 97
29 98
30 1
30 2
30 3
30 7
30 8
30 10
30 15
30 19
30 22
30 30
30 32
30 41
30 43
30 46
30 47
30 50
30 51
30 64
30 72
30 78
30 80
30 81
30 82
30 85
30 91
30 99
31 3
31 9
31 10
31 11
31 17
31 24
31 25
31 28
31 35
31 36
31 40
31 44
31 46
31 51
31 52
31 53
31 54
31 59
31 60
31 62
31 63
31 65
31 67
31 78
31 79
31 82
31 86
31 88
31 91
31 92
32 1
32 8
32 12
32 14
32 16
32 19
32 25
32 27
32 28
32 29
32 30
32 38
32 40
32 43
32 47
32 54
32 57
32 63
32 64
32 66
32 70
32 73
32 79
32 80
32 84
32 86
32 88
32 89
32 90
32 95
32 96
32 98
33 0
33 1
33 2
33 4
33 6
33 7
33 9
33 13
33 27
33 30
33 35
33 38
33 39
33 40
33 41
33 45
33 48
33 52
33 53
33 57
33 59
33 60
33 65
33 66
33 67
33 73
33 75
33 76
33 82
33 86
33 92
34 2
34 3
34 4
34 11
34 12
34 13
34 17
34 19
34 21
34 25
34 26
34 30
34 33
34 37
34 40
34 42
34 44
34 47
34 51
34 52
34 54
34 61
34 66
34 72
34 74
34 86
34 92
34 93
34 94
34 95
34 96
35 0
35 1
35 12
35 22
35 26
35 31
35 33
35 43
35 45
35 53
35 55
35 60
35 63
35 65
35 69
35 78
35 79
35 80
35 83
35 84
35 86
35 91
35 93
35 96
35 98
35 99
36 1
36 5
36 6
36 7
36 14
36 22
36 25
36 27
36 28
36 29
36 30
36 34
36 38
36 41
36 42
36 44
36 46
36 47
36 48
36 51
36 53
36 54
36 57
36 60
36 66
36 67
36 69
36 71
36 74
36 77
36 79
36 86
36 96
36 97
37 0
37 7
37 8
37 9
37 18
37 23
37 25
37 29
37 37
37 43
37 47
37 54
37 55
37 57
37 62
37 63
37 64
37 68
37 70
37 71
37 74
37 76
37 77
37 79
37 89
37 90
37 100
38 0
38 8
38 9
38 13
38 16
38 20
38 25
38 29
38 31
38 32
38 36
38 38
38 39
38 47
38 52
38 63
38 65
38 67
38 69
38 73
38 74
38 77
38 81
38 82
38 84
38 91
38 92
38 93
38 96
38 99
39 0
39 1
39 2
39 5
39 9
39 13
39 19
39 21
39 26
39 29
39 32
39 43
39 58
39 60
39 65
39 66
39 69
39 73
39 75
39 78
39 79
39 85
39 87
39 92
39 100
40 1
40 2
40 7
40 8
40 9
40 11
40 13
40 22
40 26
40 29
40 33
40 34
40 36
40 37
40 39
40 40
40 44
40 47
40 52
40 57
40 59
40 63
40 65
40 67
40 70
40 73
40 74
40 76
40 80
40 83
40 84
40 90
40 94
41 1
41 4
41 9
41 13
41 14
41 16
41 22
41 24
41 35
41 40
41 41
41 44
41 49
41 50
41 53
41 55
41 58
41 59
41 61
41 62
41 66
41 69
41 71
41 74
41 75
41 77
41 78
41 87
41 90
41 92
41 95
41 96
41 100
42 5
42 6
42 21
42 23
42 25
42 29
42 33
42 35
42 36
42 37
42 45
42 46
42 47
42 48
42 49
42 51
42 55
42 56
42 61
42 64
42 66
42 72
42 76
42 78
42 84
42 89
42 100
43 2
43 12
43 15
43 18
43 19
43 22
43 27
43 29
43 32
43 40
43 42
43 44
43 54
43 55
43 56
43 59
43 62
43 63
43 65
43 66
43 73
43 77
43 87
43 89
43 99
44 1
44 7
44 23
44 25
44 35
44 37
44 39
44 41
44 49
44 50
44 53
44 54
44 59
44 60
44 82
44 83
44 92
44 94
44 96
44 97
45 1
45 3
45 4
45 5
45 10
45 13
45 14
45 20
45 25
45 26
45 27
45 29
45 31
45 38
45 40
45 43
45 44
45 57
45 61
45 62
45 66
45 70
45 72
45 74
45 75
45 77
45 79
45 81
45 83
45 85
45 86
45 91
45 94
45 97
46 0
46 9
46 15
46 16
46 20
46 21
46 24
46 26
46 27
46 28
46 33
46 38
46 41
46 47
46 48
46 54
46 57
46 58
46 69
46 71
46 77
46 79
46 82
46 87
46 88
46 89
46 91
46 93
46 97
46 100
47 5
47 6
47 10
47 11
47 12
47 22
47 24
47 29
47 35
47 41
47 44
47 45
47 47
47 48
47 49
47 50
47 51
47 59
47 61
47 64
47 65
47 71
47 78
47 79
47 82
47 84
47 92
47 94
47 98
48 1
48 4
48 6
48 9
48 10
48 12
48 15
48 16
48 20
48 22
48 24
48 28
48 30
48 32
48 33
48 35
48 37
48 39
48 40
48 49
48 52
48 53
48 54
48 55
48 56
48 57
48 61
48 64
48 71
48 72
48 76
48 82
48 83
48 90
48 94
48 96
48 98
49 3
49 9
49 11
49 19
49 21
49 22
49 23
49 27
49 31
49 35
49 40
49 42
49 43
49 44
49 48
49 53
49 59
49 60
49 63
49 64
49 65
49 66
49 70
49 77
49 81
49 85
49 89
49 90
49 92
49 94
50 6
50 11
50 13
50 16
50 17
50 18
50 21
50 24
50 31
50 33
50 35
50 36
50 40
50 43
50 46
50 47
50 54
50 60
50 61
50 63
50 66
50 67
50 68
50 78
50 96
50 98
50 100
51 2
51 13
51 19
51 21
51 26
51 31
51 35
51 37
51 42
51 43
51 51
51 52
51 53
51 57
51 58
51 60
51 65
51 67
51 71
51 73
51 78
51 79
51 83
51 86
51 88
51 90
51 96
52 0
52 1
52 4
52 9
52 10
52 11
52 14
52 19
52 21
52 23
52 26
52 29
52 30
52 36
52 38
52 40
52 41
52 44
52 45
52 46
52 47
52 48
52 51
52 54
52 55
52 60
52 62
52 69
52 71
52 76
52 77
52 82
52 86
52 91
52 92
52 93
52 97
53 2
53 3
53 7
53 9
53 12
53 13
53 15
53 18
53 24
53 26
53 31
53 36
53 37
53 42
53 44
53 53
53 54
53 57
53 59
53 60
53 61
53 63
53 66
53 68
53 76
53 78
53 79
53 81
53 82
53 85
53 86
53 87
53 92
53 94
53 95
53 97
54 5
54 7
54 9
54 18
54 26
54 33
54 35
54 38
54 39
54 40
54 42
54 45
54 46
54 47
54 48
54 50
54 52
54 53
54 55
54 56
54 60
54 65
54 70
54 86
54 89
54 92
54 99
54 100
55 1
55 5
55 6
55 10
55 13
55 19
55 21
55 23
55 25
55 36
55 45
55 48
55 52
55 53
55 58
55 65
55 66
55 77
55 82
55 84
55 93
55 94
55 95
55 99
56 0
56 1
56 2
56 9
56 11
56 14
56 15
56 20
56 23
56 27
56 28
56 33
56 35
56 38
56 39
56 40
56 43
56 46
56 49
56 50
56 52
56 54
56 60
56 66
56 67
56 69
56 71
56 76
56 78
56 81
56 84
56 87
56 93
56 95
56 99
57 1
57 4
57 6
57 7
57 16
57 20
57 23
57 30
57 31
57 34
57 36
57 40
57 42
57 43
57 44
57 47
57 50
57 51
57 52
57 53
57 55
57 60
57 62
57 64
57 66
57 71
57 77
57 83
57 87
57 88
57 89
57 90
57 92
57 99
58 1
58 2
58 7
58 11
58 12
58 15
58 16
58 19
58 23
58 24
58 33
58 38
58 39
58 40
58 42
58 43
58 46
58 48
58 50
58 51
58 57
58 58
58 59
58 60
58 61
58 72
58 75
58 78
58 80
58 87
58 89
58 96
58 97
59 4
59 6
59 7
59 8
59 9
59 22
59 25
59 26
59 27
59 28
59 31
59 38
59 39
59 41
59 42
59 44
59 46
59 49
59 51
59 54
59 56
59 66
59 67
59 74
59 76
59 77
59 81
59 85
59 86
59 89
59 90
59 94
60 3
60 8
60 11
60 12
60 15
60 16
60 21
60 24
60 25
60 26
60 28
60 29
60 30
60 32
60 35
60 36
60 42
60 44
60 45
60 46
60 48
60 49
60 54
60 55
60 58
60 60
60 70
60 74
60 75
60 84
60 86
60 90
60 91
60 93
60 94
60 100
61 0
61 9
61 12
61 15
61 19
61 24
61 25
61 29
61 30
61 31
61 39
61 45
61 47
61 51
61 55
61 59
61 63
61 65
61 70
61 71
61 72
61 85
61 88
61 89
61 90
61 99
62 0
62 9
62 11
62 13
62 15
62 19
62 21
62 22
62 26
62 29
62 30
62 32
62 36
62 38
62 40
62 53
62 57
62 61
62 67
62 71
62 72
62 74
62 77
62 78
62 79
62 83
62 84
62 91
62 92
62 95
62 97
62 99
63 1
63 2
63 12
63 18
63 20
63 24
63 26
63 27
63 29
63 31
63 33
63 34
63 35
63 38
63 41
63 42
63 43
63 46
63 54
63 56
63 57
63 61
63 65
63 71
63 72
63 73
63 76
63 77
63 79
63 80
63 91
63 94
63 96
64 9
64 10
64 15
64 16
64 19
64 23
64 24
64 35
64 36
64 39
64 40
64 42
64 44
64 45
64 56
64 57
64 58
64 59
64 64
64 66
64 69
64 71
64 72
64 78
64 86
64 98
64 100
65 12
65 15
65 16
65 18
65 20
65 22
65 23
65 26
65 27
65 28
65 30
65 35
65 36
65 40
65 43
65 48
65 49
65 58
65 63
65 68
65 70
65 75
65 76
65 78
65 83
65 89
65 90
65 92
65 94
65 96
66 1
66 5
66 9
66 11
66 17
66 20
66 28
66 29
66 42
66 44
66 47
66 55
66 56
66 57
66 59
66 63
66 65
66 73
66 75
66 76
66 78
66 79
66 91
66 94
66 100
67 4
67 6
67 7
67 13
67 16
67 17
67 25
67 26
67 27
67 32
67 33
67 38
67 39
67 41
67 55
67 60
67 62
67 63
67 64
67 68
67 70
67 72
67 74
67 80
67 92
67 96
67 100
68 1
68 3
68 4
68 16
68 17
68 26
68 28
68 29
68 31
68 32
68 35
68 36
68 42
68 48
68 49
68 50
68 51
68 53
68 54
68 55
68 57
68 58
68 60
68 62
68 66
68 69
68 71
68 73
68 74
68 80
68 81
68 82
68 83
68 87
68 93
68 94
68 97
69 3
69 5
69 7
69 8
69 12
69 13
69 14
69 15
69 16
69 23
69 24
69 29
69 31
69 32
69 35
69 39
69 45
69 46
69 47
69 49
69 50
69 51
69 52
69 54
69 55
69 62
69 67
69 72
69 73
69 75
69 80
69 81
69 84
69 89
69 94
69 96
69 98
69 99
70 1
70 2
70 4
70 6
70 11
70 13
70 16
70 23
70 24
70 26
70 29
70 30
70 38
70 43
70 46
70 49
70 50
70 52
70 55
70 67
70 69
70 73
70 75
70 78
70 80
70 81
70 85
70 86
70 88
70 92
70 96
70 100
71 7
71 8
71 9
71 13
71 15
71 19
71 22
71 25
71 28
71 35
71 37
71 38
71 39
71 41
71 42
71 48
71 49
71 52
71 53
71 55
71 61
71 63
71 68
71 70
71 74
71 77
71 88
71 94
71 96
71 99
72 8
72 11
72 12
72 16
72 17
72 24
72 30
72 34
72 36
72 38
72 45
72 47
72 55
72 59
72 61
72 62
72 65
72 68
72 70
72 72
72 73
72 82
72 83
72 85
72 86
72 88
72 89
72 91
72 92
72 100
73 3
73 6
73 7
73 8
73 12
73 15
73 20
73 21
73 23
73 25
73 28
73 29
73 34
73 38
73 43
73 46
73 48
73 49
73 51
73 52
73 53
73 60
73 62
73 72
73 74
73 76
73 77
73 78
73 82
73 83
73 84
73 90
73 91
73 96
73 97
73 98
74 2
74 3
74 6
74 10
74 27
74 28
74 29
74 30
74 33
74 35
74 36
74 40
74 41
74 42
74 46
74 51
74 61
74 72
74 74
74 80
74 85
74 87
74 88
74 92
74 93
74 97
75 1
75 7
75 8
75 15
75 17
75 20
75 24
75 32
75 45
75 48
75 50
75 51
75 57
75 58
75 59
75 63
75 65
75 69
75 70
75 72
75 76
75 79
75 80
75 82
75 88
75 96
75 97
75 99
76 4
76 7
76 12
76 13
76 14
76 18
76 19
76 23
76 25
76 31
76 36
76 37
76 38
76 40
76 46
76 47
76 50
76 53
76 55
76 56
76 61
76 63
76 64
76 65
76 68
76 74
76 76
76 79
76 81
76 82
76 84
76 88
76 89
76 90
76 92
76 93
76 96
76 97
76 98
76 99
77 1
77 8
77 9
77 10
77 12
77 13
77 21
77 23
77 26
77 27
77 28
77 32
77 35
77 37
77 38
77 39
77 40
77 50
77 52
77 53
77 54
77 59
77 63
77 69
77 73
77 77
77 79
77 83
77 86
77 87
77 89
77 90
77 97
77 98
78 2
78 9
78 15
78 19
78 20
78 21
78 26
78 28
78 29
78 36
78 40
78 41
78 54
78 57
78 62
78 68
78 74
78 76
78 80
78 84
78 90
78 92
78 94
78 95
78 96
78 99
78 100
79 0
79 6
79 9
79 17
79 19
79 21
79 23
79 27
79 29
79 32
79 35
79 36
79 37
79 39
79 42
79 45
79 47
79 48
79 55
79 57
79 58
79 69
79 79
79 80
79 83
79 84
79 86
79 87
80 1
80 2
80 6
80 11
80 12
80 19
80 20
80 25
80 29
80 30
80 32
80 34
80 35
80 36
80 38
80 40
80 45
80 46
80 47
80 52
80 53
80 59
80 61
80 62
80 65
80 73
80 75
80 81
80 84
80 85
80 87
80 92
80 96
81 0
81 1
81 5
81 9
81 12
81 13
81 17
81 23
81 25
81 34
81 36
81 44
81 46
81 47
81 49
81 50
81 58
81 62
81 66
81 68
81 69
81 72
81 74
81 81
81 88
81 89
81 96
81 99
82 6
82 7
82 14
82 17
82 19
82 23
82 27
82 28
82 34
82 37
82 39
82 44
82 45
82 46
82 48
82 54
82 57
82 58
82 60
82 66
82 69
82 70
82 75
82 77
82 82
82 86
82 87
82 97
82 99
82 100
83 0
83 2
83 3
83 4
83 7
83 13
83 24
83 26
83 27
83 28
83 29
83 32
83 33
83 38
83 42
83 45
83 49
83 51
83 57
83 60
83 66
83 68
83 69
83 70
83 71
83 74
83 75
83 86
83 89
83 92
83 93
83 95
83 96
83 98
83 100
84 1
84 2
84 4
84 6
84 8
84 14
84 15
84 18
84 39
84 52
84 56
84 59
84 60
84 62
84 67
84 68
84 71
84 72
84 76
84 77
84 80
84 83
84 86
84 90
84 96
84 97
84 98
84 99
85 0
85 3
85 8
85 9
85 17
85 25
85 32
85 41
85 47
85 50
85 53
85 58
85 60
85 65
85 69
85 74
85 84
85 85
85 89
85 90
85 93
85 96
85 99
86 6
86 14
86 16
86 17
86 18
86 27
86 29
86 31
86 35
86 39
86 42
86 43
86 44
86 46
86 47
86 48
86 50
86 51
86 53
86 56
86 60
86 62
86 63
86 66
86 67
86 71
86 73
86 77
86 85
86 88
86 89
86 91
86 93
86 95
86 99
87 0
87 2
87 5
87 7
87 9
87 11
87 14
87 17
87 20
87 26
87 28
87 29
87 30
87 33
87 34
87 43
87 51
87 52
87 53
87 60
87 61
87 63
87 66
87 70
87 71
87 76
87 77
87 78
87 79
87 80
87 85
87 87
87 88
87 90
87 92
87 93
87 94
87 95
88 0
88 3
88 7
88 8
88 11
88 14
88 16
88 21
88 22
88 23
88 24
88 26
88 33
88 34
88 38
88 41
88 44
88 46
88 48
88 50
88 53
88 55
88 57
88 60
88 64
88 65
88 66
88 68
88 69
88 72
88 73
88 75
88 80
88 81
88 84
88 91
88 95
88 97
88 98
89 0
89 3
89 4
89 10
89 12
89 15
89 16
89 18
89 22
89 23
89 25
89 26
89 39
89 42
89 43
89 52
89 53
89 56
89 59
89 61
89 65
89 66
89 67
89 73
89 74
89 75
89 76
89 78
89 79
89 80
89 96
89 100
90 0
90 4
90 8
90 10
90 13
90 16
90 20
90 21
90 22
90 30
90 31
90 32
90 33
90 36
90 40
90 42
90 43
90 45
90 46
90 48
90 50
90 53
90 54
90 56
90 58
90 62
90 66
90 68
90 70
90 72
90 73
90 74
90 76
90 80
90 85
90 87
90 99
91 9
91 10
91 12
91 16
91 17
91 22
91 24
91 27
91 28
91 29
91 30
91 38
91 39
91 40
91 46
91 54
91 57
91 60
91 62
91 71
91 72
91 74
91 75
91 76
91 77
91 91
91 97
92 6
92 11
92 16
92 26
92 27
92 28
92 32
92 35
92 43
92 49
92 50
92 55
92 59
92 60
92 61
92 62
92 67
92 74
92 78
92 80
92 82
92 83
92 86
92 90
92 98
92 99
93 2
93 5
93 7
93 14
93 15
93 17
93 19
93 20
93 26
93 30
93 33
93 35
93 45
93 46
93 49
93 51
93 52
93 55
93 59
93 63
93 64
93 65
93 66
93 70
93 71
93 74
93 75
93 76
93 83
93 88
93 89
93 91
93 98
94 9
94 10
94 11
94 12
94 19
94 21
94 33
94 36
94 39
94 40
94 41
94 43
94 48
94 49
94 50
94 56
94 57
94 59
94 64
94 70
94 78
94 80
94 82
94 91
94 97
94 98
95 10
95 11
95 12
95 18
95 20
95 22
95 23
95 24
95 26
95 28
95 30
95 31
95 32
95 35
95 36
95 39
95 40
95 41
95 42
95 43
95 45
95 48
95 51
95 52
95 54
95 55
95 58
95 62
95 65
95 70
95 72
95 73
95 74
95 84
95 91
95 92
95 94
95 98
95 99
95 100
96 1
96 6
96 10
96 14
96 17
96 20
96 31
96 35
96 36
96 40
96 43
96 52
96 57
96 59
96 62
96 63
96 67
96 69
96 71
96 75
96 79
96 82
96 84
96 90
96 94
96 96
96 98
96 99
97 3
97 4
97 11
97 13
97 14
97 20
97 21
97 22
97 23
97 27
97 29
97 31
97 35
97 36
97 37
97 42
97 47
97 48
97 50
97 54
97 56
97 72
97 74
97 76
97 77
97 79
97 84
97 85
97 86
97 88
97 90
97 93
97 95
98 0
98 2
98 12
98 13
98 18
98 23
98 25
98 26
98 27
98 29
98 34
98 37
98 43
98 45
98 50
98 52
98 53
98 55
98 56
98 57
98 69
98 72
98 73
98 74
98 78
98 83
98 86
98 92
98 95
98 96
98 98
99 3
99 5
99 8
99 13
99 23
99 30
99 40
99 42
99 44
99 45
99 51
99 55
99 56
99 57
99 63
99 65
99 69
99 74
99 76
99 83
99 86
99 89
99 94
99 95
100 2
100 7
100 8
100 14
100 19
100 20
100 21
100 24
100 26
100 28
100 31
100 33
100 38
100 43
100 47
100 49
100 50
100 51
100 55
100 57
100 59
100 62
100 63
100 64
100 67
100 75
100 77
100 78
100 79
100 80
100 82
100 83
100 84
100 90
100 92
100 93
100 94
100 95
