0 3
0 4
0 6
0 8
0 20
0 22
0 25
0 27
0 28
0 29
0 30
0 31
0 35
0 36
0 37
0 38
0 41
0 42
0 47
0 48
0 50
0 54
0 57
0 58
0 59
0 60
0 61
0 62
0 63
0 68
0 73
0 75
0 76
0 78
0 79
0 81
0 82
0 84
0 87
0 89
0 92
0 93
0 94
1 6
1 8
1 10
1 11
1 12
1 13
1 17
1 21
1 22
1 23
1 28
1 30
1 43
1 47
1 61
1 62
1 65
1 66
1 67
1 68
1 81
1 82
1 83
1 88
1 93
1 94
1 95
1 99
2 5
2 7
2 10
2 14
2 16
2 24
2 31
2 34
2 36
2 38
2 39
2 48
2 50
2 53
2 57
2 61
2 71
2 72
2 73
2 74
2 78
2 79
2 83
2 88
2 92
2 97
3 0
3 1
3 6
3 9
3 12
3 13
3 15
3 16
3 24
3 25
3 28
3 30
3 38
3 39
3 40
3 44
3 46
3 50
3 52
3 57
3 58
3 59
3 60
3 61
3 63
3 66
3 67
3 68
3 69
3 76
3 80
3 81
3 82
3 83
3 88
3 89
3 90
3 94
3 95
3 97
3 99
4 4
4 5
4 14
4 19
4 21
4 24
4 26
4 28
4 34
4 37
4 42
4 44
4 48
4 52
4 53
4 54
4 60
4 63
4 65
4 67
4 70
4 77
4 82
4 84
4 85
4 86
4 89
4 90
4 97
5 0
5 2
5 3
5 4
5 5
5 7
5 9
5 10
5 12
5 18
5 19
5 21
5 25
5 27
5 28
5 30
5 31
5 34
5 35
5 39
5 41
5 45
5 54
5 56
5 57
5 58
5 60
5 62
5 63
5 65
5 73
5 75
5 76
5 78
5 83
5 90
5 93
5 94
5 97
5 98
6 0
6 5
6 7
6 9
6 15
6 20
6 21
6 23
6 24
6 25
6 31
6 34
6 35
6 40
6 44
6 46
6 50
6 52
6 54
6 55
6 57
6 66
6 71
6 73
6 74
6 89
6 94
6 96
6 97
7 0
7 3
7 9
7 12
7 14
7 16
7 17
7 18
7 21
7 25
7 26
7 27
7 29
7 30
7 38
7 39
7 40
7 41
7 43
7 44
7 45
7 46
7 50
7 53
7 54
7 55
7 64
7 66
7 71
7 72
7 78
7 79
7 82
7 87
7 91
7 94
7 100
8 8
8 9
8 15
8 20
8 23
8 25
8 28
8 35
8 37
8 50
8 53
8 58
8 61
8 62
8 66
8 67
8 69
8 73
8 77
8 81
8 82
8 85
8 86
8 92
8 96
9 3
9 5
9 9
9 10
9 11
9 12
9 16
9 17
9 19
9 20
9 21
9 22
9 25
9 27
9 28
9 29
9 30
9 32
9 33
9 36
9 37
9 38
9 45
9 46
9 50
9 54
9 57
9 62
9 64
9 67
9 69
9 72
9 73
9 74
9 78
9 82
9 91
9 92
9 93
9 97
10 2
10 8
10 9
10 11
10 12
10 16
10 17
10 18
10 20
10 26
10 27
10 28
10 29
10 31
10 34
10 36
10 40
10 47
10 52
10 57
10 60
10 67
10 68
10 71
10 73
10 77
10 83
10 84
10 86
10 87
10 90
10 91
10 92
10 98
10 100
11 4
11 5
11 8
11 10
11 11
11 15
11 20
11 31
11 37
11 42
11 44
11 49
11 56
11 61
11 68
11 74
11 75
11 80
11 81
11 85
11 88
11 90
11 96
12 4
12 5
12 11
12 13
12 14
12 20
12 22
12 28
12 29
12 34
12 35
12 38
12 39
12 40
12 47
12 54
12 55
12 56
12 62
12 63
12 64
12 66
12 68
12 69
12 70
12 74
12 76
12 89
12 90
12 98
12 99
13 0
13 9
13 12
13 20
13 25
13 28
13 33
13 44
13 50
13 53
13 60
13 61
13 64
13 70
13 73
13 77
13 84
13 87
13 93
13 94
13 95
13 99
14 4
14 5
14 14
14 21
14 25
14 29
14 35
14 39
14 45
14 48
14 50
14 52
14 53
14 64
14 65
14 69
14 73
14 79
14 82
14 83
14 84
14 86
14 91
14 92
14 96
15 0
15 1
15 5
15 13
15 14
15 17
15 20
15 22
15 24
15 26
15 31
15 32
15 33
15 37
15 39
15 40
15 41
15 44
15 47
15 56
15 60
15 63
15 66
15 67
15 69
15 70
15 71
15 77
15 79
15 83
15 84
15 87
15 92
15 94
15 95
15 99
16 2
16 3
16 5
16 10
16 13
16 14
16 16
16 19
16 24
16 26
16 27
16 28
16 29
16 34
16 35
16 36
16 37
16 44
16 52
16 56
16 58
16 63
16 65
16 68
16 72
16 75
16 76
16 77
16 78
16 80
16 81
16 84
16 95
16 98
17 6
17 14
17 15
17 16
17 30
17 32
17 46
17 50
17 58
17 60
17 62
17 63
17 68
17 70
17 71
17 74
17 75
17 77
17 78
17 85
17 88
17 91
17 93
17 96
17 98
18 2
18 5
18 6
18 8
18 10
18 15
18 21
18 25
18 27
18 29
18 34
18 37
18 45
18 46
18 49
18 52
18 60
18 61
18 64
18 72
18 73
18 74
18 80
18 84
18 85
18 89
18 93
18 95
18 96
18 97
19 2
19 6
19 13
19 15
19 22
19 29
19 34
19 36
19 42
19 45
19 48
19 51
19 54
19 57
19 58
19 61
19 63
19 68
19 70
19 72
19 81
19 85
19 88
19 92
19 95
19 99
20 1
20 7
20 11
20 14
20 15
20 29
20 30
20 39
20 43
20 51
20 52
20 54
20 61
20 65
20 66
20 69
20 73
20 79
20 81
20 88
20 90
20 94
20 95
21 1
21 6
21 7
21 11
21 12
21 14
21 37
21 41
21 45
21 46
21 51
21 57
21 58
21 61
21 65
21 67
21 70
21 72
21 73
21 78
21 84
21 87
21 90
21 91
21 94
21 97
21 99
21 100
22 1
22 6
22 7
22 9
22 12
22 13
22 15
22 16
22 24
22 27
22 29
22 31
22 35
22 36
22 38
22 39
22 40
22 50
22 51
22 55
22 56
22 57
22 58
22 59
22 61
22 62
22 70
22 72
22 73
22 74
22 75
22 77
22 78
22 79
22 81
22 83
22 92
22 96
22 97
22 99
23 7
23 10
23 14
23 27
23 32
23 39
23 43
23 44
23 47
23 48
23 50
23 55
23 57
23 60
23 62
23 64
23 68
23 73
23 77
23 79
23 88
23 91
23 94
23 100
24 0
24 4
24 7
24 8
24 11
24 15
24 16
24 18
24 19
24 23
24 24
24 25
24 26
24 30
24 31
24 32
24 33
24 35
24 41
24 44
24 48
24 50
24 55
24 56
24 57
24 67
24 68
24 70
24 74
24 75
24 81
24 82
24 84
24 87
24 89
24 95
24 99
24 100
25 7
25 9
25 15
25 16
25 19
25 22
25 23
25 32
25 33
25 40
25 41
25 42
25 43
25 48
25 49
25 52
25 55
25 57
25 58
25 63
25 71
25 75
25 76
25 77
25 80
25 81
25 84
25 87
25 89
25 90
25 92
25 97
25 98
25 99
26 3
26 4
26 8
26 10
26 14
26 19
26 25
26 26
26 39
26 40
26 41
26 48
26 50
26 53
26 54
26 60
26 62
26 65
26 67
26 69
26 73
26 76
26 82
26 83
26 87
26 89
26 90
26 96
26 99
27 1
27 5
27 7
27 13
27 14
27 17
27 21
27 23
27 26
27 27
27 28
27 29
27 32
27 33
27 36
27 37
27 39
27 40
27 45
27 48
27 51
27 53
27 55
27 58
27 60
27 65
27 66
27 71
27 73
27 75
27 79
27 82
27 86
27 90
27 93
27 97
28 1
28 2
28 3
28 7
28 12
28 17
28 18
28 26
28 30
28 35
28 41
28 45
28 46
28 50
28 51
28 53
28 56
28 57
28 58
28 60
28 64
28 66
28 67
28 68
28 70
28 71
28 73
28 74
28 75
28 82
28 83
28 85
28 91
28 92
28 94
28 97
28 98
28 100
29 4
29 7
29 10
29 15
29 18
29 26
29 31
29 42
29 43
29 46
29 47
29 51
29 54
29 56
29 57
29 61
29 63
29 65
29 70
29 72
29 75
29 89
29 90
29 92
29 93
29 99
30 0
30 1
30 10
30 15
30 19
30 20
30 24
30 29
30 31
30 32
30 35
30 37
30 38
30 40
30 41
30 44
30 45
30 47
30 49
30 52
30 55
30 58
30 60
30 62
30 63
30 66
30 68
30 69
30 70
30 77
30 78
30 80
30 81
30 85
30 87
30 88
30 90
30 92
30 94
30 95
30 98
30 99
31 7
31 8
31 30
31 31
31 38
31 39
31 44
31 57
31 60
31 62
31 64
31 70
31 71
31 79
31 89
31 94
31 96
32 2
32 8
32 9
32 10
32 14
32 16
32 19
32 22
32 23
32 27
32 31
32 32
32 36
32 39
32 43
32 47
32 50
32 51
32 57
32 59
32 61
32 62
32 63
32 76
32 78
32 81
32 84
32 87
32 95
32 97
32 100
33 2
33 6
33 17
33 18
33 20
33 21
33 23
33 24
33 27
33 31
33 32
33 39
33 41
33 42
33 43
33 44
33 46
33 48
33 51
33 52
33 55
33 57
33 59
33 62
33 66
33 69
33 70
33 76
33 77
33 82
33 86
33 95
33 96
33 99
33 100
34 7
34 11
34 12
34 13
34 14
34 17
34 20
34 21
34 27
34 33
34 35
34 39
34 41
34 43
34 45
34 46
34 49
34 50
34 51
34 56
34 58
34 60
34 65
34 67
34 75
34 76
34 77
34 79
34 80
34 81
34 86
34 87
34 88
34 90
34 91
34 92
35 4
35 5
35 6
35 7
35 10
35 11
35 13
35 16
35 17
35 18
35 19
35 20
35 22
35 24
35 26
35 29
35 30
35 32
35 37
35 39
35 41
35 43
35 44
35 47
35 48
35 51
35 53
35 55
35 57
35 62
35 68
35 69
35 72
35 73
35 76
35 94
35 95
35 96
35 98
36 1
36 2
36 10
36 21
36 24
36 25
36 26
36 27
36 28
36 33
36 34
36 35
36 37
36 39
36 45
36 61
36 64
36 65
36 71
36 74
36 76
36 81
36 85
36 87
36 90
36 92
36 100
37 0
37 7
37 12
37 13
37 14
37 17
37 19
37 20
37 25
37 35
37 36
37 41
37 42
37 46
37 49
37 51
37 54
37 58
37 61
37 64
37 69
37 81
37 83
37 89
37 93
37 95
37 96
37 100
38 4
38 5
38 10
38 11
38 14
38 16
38 19
38 22
38 26
38 27
38 28
38 32
38 37
38 38
38 40
38 43
38 45
38 51
38 54
38 58
38 68
38 69
38 74
38 75
38 77
38 78
38 79
38 81
38 85
38 87
38 91
38 94
38 96
38 98
38 99
39 4
39 11
39 13
39 14
39 16
39 17
39 18
39 19
39 20
39 21
39 24
39 28
39 37
39 38
39 43
39 48
39 49
39 50
39 54
39 58
39 63
39 66
39 68
39 71
39 72
39 74
39 75
39 78
39 84
39 87
39 88
39 93
40 6
40 21
40 22
40 23
40 26
40 36
40 38
40 39
40 41
40 45
40 51
40 54
40 57
40 65
40 70
40 77
40 78
40 79
40 84
40 85
40 90
40 96
40 97
40 100
41 0
41 1
41 3
41 30
41 31
41 33
41 35
41 38
41 39
41 40
41 47
41 48
41 51
41 52
41 56
41 59
41 62
41 64
41 67
41 70
41 71
41 73
41 74
41 80
41 83
41 84
41 87
41 90
41 92
41 96
42 7
42 16
42 19
42 22
42 23
42 33
42 36
42 38
42 40
42 41
42 43
42 45
42 48
42 52
42 53
42 61
42 63
42 66
42 70
42 82
42 88
42 89
42 90
42 92
42 97
43 1
43 2
43 3
43 4
43 5
43 13
43 16
43 22
43 25
43 31
43 33
43 40
43 41
43 48
43 51
43 61
43 67
43 77
43 90
43 94
43 96
43 97
43 99
44 1
44 2
44 3
44 14
44 16
44 17
44 20
44 25
44 26
44 31
44 33
44 34
44 36
44 41
44 43
44 44
44 45
44 55
44 61
44 66
44 72
44 81
44 83
44 88
44 90
44 91
44 95
44 96
44 99
45 3
45 7
45 8
45 12
45 20
45 21
45 24
45 26
45 35
45 36
45 42
45 47
45 49
45 50
45 52
45 55
45 64
45 65
45 67
45 70
45 71
45 72
45 73
45 79
45 91
45 96
46 1
46 6
46 8
46 9
46 12
46 15
46 17
46 19
46 24
46 25
46 28
46 30
46 31
46 39
46 44
46 45
46 46
46 48
46 50
46 61
46 63
46 66
46 68
46 72
46 76
46 80
46 82
46 89
46 90
46 91
46 93
46 94
46 95
47 0
47 5
47 9
47 13
47 22
47 23
47 28
47 29
47 34
47 36
47 39
47 41
47 46
47 54
47 56
47 58
47 68
47 69
47 75
47 77
47 81
47 88
47 89
47 97
48 0
48 9
48 11
48 13
48 15
48 16
48 24
48 26
48 34
48 36
48 37
48 40
48 41
48 44
48 47
48 61
48 63
48 71
48 78
48 79
48 80
48 83
48 86
48 87
48 89
48 90
48 93
48 94
48 95
48 99
49 1
49 5
49 8
49 10
49 14
49 20
49 22
49 25
49 27
49 33
49 34
49 35
49 39
49 43
49 44
49 52
49 56
49 60
49 64
49 70
49 72
49 79
49 80
49 81
49 82
49 91
49 95
49 96
49 99
50 1
50 2
50 4
50 13
50 18
50 19
50 31
50 32
50 34
50 36
50 40
50 45
50 46
50 54
50 55
50 60
50 61
50 63
50 65
50 70
50 72
50 75
50 76
50 78
50 83
50 87
50 89
50 92
50 93
50 96
50 99
51 6
51 10
51 18
51 29
51 33
51 39
51 44
51 49
51 50
51 52
51 54
51 55
51 56
51 61
51 65
51 66
51 70
51 74
51 82
51 84
51 89
51 91
51 93
51 97
51 98
51 99
51 100
52 1
52 2
52 5
52 9
52 10
52 12
52 14
52 20
52 24
52 26
52 36
52 38
52 40
52 42
52 43
52 44
52 49
52 54
52 58
52 59
52 60
52 64
52 65
52 70
52 72
52 73
52 74
52 75
52 76
52 77
52 78
52 79
52 80
52 81
52 82
52 84
52 90
52 91
52 95
52 96
52 99
53 0
53 1
53 2
53 5
53 8
53 9
53 10
53 12
53 14
53 21
53 22
53 26
53 28
53 32
53 35
53 36
53 37
53 39
53 40
53 41
53 47
53 48
53 49
53 54
53 60
53 66
53 78
53 81
53 83
53 84
53 87
53 88
53 96
54 1
54 5
54 12
54 17
54 23
54 26
54 27
54 29
54 31
54 33
54 34
54 38
54 46
54 55
54 57
54 60
54 61
54 67
54 68
54 71
54 74
54 78
54 79
54 80
54 81
54 83
54 84
54 86
54 87
54 92
54 93
54 96
54 98
54 99
55 2
55 3
55 7
55 9
55 16
55 17
55 23
55 24
55 26
55 28
55 31
55 34
55 35
55 44
55 46
55 51
55 54
55 57
55 59
55 61
55 62
55 74
55 86
55 87
55 88
55 89
55 90
55 92
55 99
55 100
56 3
56 4
56 6
56 7
56 14
56 30
56 33
56 35
56 37
56 39
56 43
56 47
56 48
56 51
56 57
56 58
56 59
56 62
56 66
56 67
56 75
56 79
56 86
56 87
56 88
56 92
56 95
56 98
56 100
57 1
57 3
57 4
57 11
57 12
57 15
57 17
57 18
57 23
57 34
57 35
57 39
57 41
57 43
57 44
57 49
57 57
57 66
57 70
57 72
57 77
57 78
57 79
57 81
57 82
57 83
57 88
57 91
57 98
57 99
57 100
58 3
58 6
58 11
58 12
58 15
58 24
58 25
58 28
58 29
58 30
58 31
58 33
58 34
58 43
58 44
58 53
58 61
58 63
58 66
58 68
58 73
58 74
58 75
58 76
58 78
58 81
58 82
58 84
58 85
59 5
59 8
59 12
59 15
59 16
59 20
59 21
59 22
59 33
59 37
59 40
59 49
59 50
59 51
59 53
59 55
59 63
59 64
59 70
59 71
59 76
59 77
59 78
59 84
59 85
59 87
59 90
59 92
59 93
59 96
59 100
60 1
60 4
60 7
60 9
60 11
60 12
60 15
60 19
60 20
60 21
60 23
60 24
60 25
60 27
60 29
60 36
60 37
60 46
60 56
60 60
60 61
60 63
60 65
60 69
60 70
60 72
60 78
60 79
60 83
60 84
60 87
60 88
60 94
60 98
61 7
61 10
61 12
61 13
61 17
61 18
61 20
61 26
61 27
61 28
61 31
61 34
61 37
61 39
61 40
61 41
61 42
61 44
61 48
61 53
61 57
61 60
61 66
61 68
61 70
61 76
61 77
61 79
61 81
61 85
61 86
61 88
61 92
61 93
61 94
61 97
61 98
61 99
61 100
62 2
62 5
62 10
62 16
62 18
62 19
62 21
62 22
62 24
62 26
62 31
62 33
62 35
62 36
62 40
62 46
62 50
62 52
62 55
62 60
62 64
62 70
62 73
62 76
62 80
62 81
62 88
62 96
62 97
62 99
63 1
63 10
63 15
63 17
63 18
63 22
63 23
63 24
63 29
63 32
63 41
63 46
63 49
63 53
63 56
63 57
63 62
63 63
63 64
63 65
63 68
63 73
63 74
63 75
63 85
63 86
63 87
63 90
63 97
63 98
63 99
64 2
64 6
64 7
64 8
64 13
64 16
64 17
64 18
64 21
64 26
64 27
64 29
64 30
64 32
64 39
64 41
64 43
64 46
64 48
64 52
64 53
64 54
64 55
64 56
64 58
64 59
64 67
64 69
64 74
64 75
64 82
64 83
64 88
64 91
64 92
64 93
64 94
64 100
65 2
65 3
65 8
65 10
65 11
65 14
65 15
65 19
65 21
65 26
65 30
65 31
65 33
65 34
65 38
65 41
65 43
65 46
65 47
65 49
65 51
65 53
65 54
65 58
65 61
65 64
65 66
65 72
65 78
65 81
65 83
65 89
65 91
66 0
66 1
66 5
66 9
66 10
66 12
66 17
66 19
66 21
66 24
66 28
66 29
66 31
66 32
66 35
66 36
66 40
66 45
66 50
66 52
66 53
66 58
66 62
66 64
66 70
66 73
66 75
66 76
66 78
66 81
66 82
66 86
66 87
66 93
67 0
67 2
67 4
67 8
67 15
67 17
67 23
67 24
67 25
67 26
67 29
67 37
67 39
67 44
67 49
67 53
67 54
67 56
67 57
67 61
67 64
67 66
67 69
67 72
67 77
67 80
67 87
67 90
67 93
67 96
67 97
68 0
68 1
68 2
68 9
68 11
68 12
68 13
68 15
68 16
68 20
68 26
68 28
68 29
68 33
68 38
68 41
68 47
68 66
68 67
68 69
68 73
68 74
68 88
68 89
68 90
68 92
68 97
68 99
68 100
69 3
69 4
69 8
69 13
69 17
69 21
69 23
69 25
69 35
69 40
69 44
69 45
69 46
69 47
69 50
69 57
69 58
69 62
69 63
69 69
69 70
69 73
69 75
69 76
69 78
69 82
69 85
69 88
69 96
69 97
69 98
70 2
70 11
70 14
70 18
70 19
70 21
70 22
70 25
70 30
70 31
70 32
70 36
70 42
70 45
70 48
70 50
70 57
70 60
70 61
70 63
70 65
70 73
70 75
70 80
70 84
70 90
70 94
70 95
70 98
70 99
70 100
71 2
71 4
71 11
71 13
71 16
71 17
71 23
71 25
71 27
71 31
71 32
71 33
71 43
71 46
71 47
71 51
71 62
71 65
71 66
71 72
71 73
71 74
71 75
71 77
71 82
71 89
71 96
71 97
71 100
72 3
72 4
72 7
72 11
72 13
72 15
72 19
72 36
72 38
72 39
72 45
72 49
72 51
72 59
72 60
72 63
72 69
72 73
72 75
72 76
72 85
72 89
72 93
72 94
73 0
73 2
73 3
73 8
73 9
73 15
73 17
73 18
73 20
73 22
73 25
73 26
73 30
73 31
73 32
73 34
73 38
73 39
73 41
73 42
73 51
73 52
73 54
73 57
73 60
73 62
73 64
73 67
73 68
73 73
73 75
73 83
73 85
73 94
73 95
74 3
74 13
74 16
74 21
74 29
74 30
74 32
74 36
74 38
74 39
74 40
74 54
74 55
74 58
74 64
74 65
74 68
74 73
74 81
74 85
74 89
74 96
74 97
75 0
75 2
75 3
75 8
75 13
75 14
75 21
75 22
75 25
75 26
75 29
75 31
75 41
75 42
75 50
75 55
75 58
75 62
75 65
75 68
75 74
75 76
75 80
75 83
75 96
75 97
76 1
76 3
76 4
76 5
76 9
76 11
76 12
76 16
76 17
76 22
76 24
76 28
76 29
76 31
76 39
76 40
76 41
76 43
76 46
76 47
76 53
76 56
76 62
76 66
76 80
76 93
76 94
76 95
76 96
76 98
76 100
77 3
77 11
77 13
77 14
77 26
77 28
77 29
77 31
77 43
77 45
77 49
77 53
77 56
77 58
77 62
77 63
77 64
77 68
77 72
77 73
77 75
77 77
77 78
77 90
77 92
77 94
77 97
77 99
78 2
78 3
78 5
78 8
78 9
78 14
78 15
78 26
78 29
78 35
78 42
78 53
78 55
78 59
78 60
78 61
78 62
78 64
78 65
78 67
78 68
78 71
78 72
78 74
78 82
78 83
78 90
78 91
78 98
79 1
79 3
79 6
79 8
79 10
79 16
79 21
79 23
79 26
79 27
79 35
79 42
79 43
79 45
79 46
79 53
79 54
79 55
79 56
79 58
79 61
79 63
79 64
79 72
79 75
79 79
79 80
79 88
79 91
79 93
79 95
79 97
80 3
80 9
80 10
80 12
80 14
80 20
80 22
80 25
80 26
80 33
80 42
80 44
80 49
80 50
80 53
80 54
80 59
80 62
80 65
80 68
80 71
80 74
80 75
80 80
80 87
80 92
80 93
80 94
80 96
80 99
81 6
81 12
81 19
81 26
81 30
81 31
81 43
81 52
81 54
81 58
81 60
81 63
81 65
81 72
81 74
81 78
81 82
81 83
81 86
81 89
81 91
81 92
81 93
81 96
82 0
82 1
82 4
82 6
82 7
82 25
82 27
82 29
82 31
82 34
82 40
82 50
82 53
82 54
82 58
82 63
82 71
82 74
82 76
82 80
82 81
82 84
82 85
82 95
82 100
83 3
83 5
83 7
83 8
83 16
83 18
83 20
83 21
83 23
83 27
83 34
83 39
83 41
83 42
83 43
83 44
83 46
83 49
83 55
83 58
83 62
83 65
83 69
83 75
83 80
83 82
83 85
83 86
83 89
84 0
84 4
84 7
84 14
84 15
84 18
84 20
84 27
84 28
84 30
84 31
84 34
84 35
84 37
84 39
84 41
84 47
84 48
84 50
84 51
84 53
84 55
84 58
84 66
84 67
84 68
84 71
84 75
84 80
84 82
84 89
84 91
85 0
85 1
85 3
85 6
85 10
85 12
85 13
85 22
85 27
85 30
85 35
85 37
85 41
85 44
85 48
85 49
85 55
85 57
85 60
85 61
85 63
85 68
85 74
85 75
85 77
85 79
85 81
85 83
85 84
85 85
85 87
85 96
86 1
86 4
86 8
86 9
86 11
86 21
86 24
86 25
86 29
86 39
86 41
86 45
86 47
86 49
86 51
86 54
86 55
86 56
86 57
86 58
86 59
86 63
86 74
86 78
86 81
86 84
86 86
86 94
87 5
87 12
87 15
87 17
87 22
87 29
87 33
87 38
87 42
87 44
87 45
87 46
87 47
87 53
87 54
87 58
87 59
87 62
87 65
87 67
87 75
87 79
87 80
87 84
87 85
87 86
87 94
87 97
87 99
88 1
88 2
88 6
88 8
88 10
88 11
88 12
88 13
88 17
88 18
88 20
88 25
88 26
88 28
88 30
88 35
88 39
88 42
88 48
88 51
88 52
88 56
88 57
88 59
88 61
88 66
88 75
88 78
88 79
88 83
88 91
88 92
88 96
88 97
88 98
89 2
89 4
89 7
89 14
89 15
89 18
89 23
89 26
89 27
89 33
89 49
89 51
89 53
89 54
89 55
89 57
89 62
89 63
89 64
89 66
89 74
89 83
89 85
89 86
89 92
89 96
89 100
90 3
90 4
90 5
90 15
90 19
90 22
90 23
90 24
90 26
90 27
90 29
90 30
90 31
90 36
90 38
90 39
90 40
90 41
90 42
90 51
90 54
90 61
90 62
90 65
90 69
90 72
90 73
90 74
90 75
90 76
90 77
90 81
90 82
90 83
90 87
90 95
91 0
91 3
91 9
91 11
91 12
91 15
91 17
91 19
91 20
91 25
91 31
91 35
91 37
91 45
91 47
91 48
91 51
91 53
91 71
91 73
91 78
91 81
91 83
91 86
91 89
91 93
91 95
91 96
91 98
91 99
92 5
92 7
92 13
92 19
92 23
92 26
92 37
92 55
92 57
92 58
92 61
92 64
92 65
92 67
92 78
92 80
92 82
92 84
92 85
92 88
92 91
92 92
92 95
92 96
92 98
93 3
93 9
93 11
93 13
93 15
93 17
93 19
93 22
93 24
93 27
93 31
93 37
93 39
93 42
93 45
93 48
93 49
93 53
93 54
93 56
93 70
93 72
93 74
93 76
93 79
93 80
93 81
93 83
93 86
93 89
93 90
93 91
93 94
93 97
93 98
94 4
94 7
94 8
94 9
94 11
94 17
94 35
94 37
94 38
94 39
94 40
94 45
94 47
94 48
94 52
94 53
94 55
94 57
94 63
94 64
94 65
94 67
94 70
94 72
94 73
94 79
94 82
94 93
94 95
95 1
95 2
95 3
95 4
95 8
95 9
95 13
95 18
95 21
95 23
95 26
95 30
95 34
95 38
95 43
95 44
95 47
95 50
95 57
95 61
95 64
95 68
95 70
95 73
95 75
95 78
95 85
95 90
95 92
95 93
96 1
96 4
96 7
96 9
96 12
96 24
96 26
96 32
96 36
96 37
96 38
96 41
96 43
96 47
96 49
96 50
96 51
96 52
96 54
96 55
96 61
96 64
96 70
96 77
96 78
96 83
96 86
96 87
96 88
96 89
96 96
96 97
96 99
96 100
97 2
97 5
97 18
97 20
97 22
97 31
97 36
97 38
97 43
97 47
97 48
97 49
97 60
97 63
97 65
97 68
97 72
97 75
97 76
97 82
97 85
97 86
97 87
97 90
97 96
98 4
98 7
98 8
98 9
98 11
98 16
98 17
98 18
98 20
98 25
98 28
98 29
98 39
98 42
98 44
98 48
98 49
98 52
98 54
98 58
98 61
98 66
98 67
98 68
98 69
98 73
98 75
98 80
98 81
98 83
98 84
98 86
98 96
98 99
99 2
99 3
99 4
99 5
99 7
99 10
99 13
99 15
99 19
99 20
99 22
99 26
99 30
99 40
99 48
99 50
99 52
99 53
99 54
99 64
99 67
99 75
99 77
99 78
99 81
99 82
99 84
99 87
99 89
99 92
99 96
99 98
99 100
100 0
100 3
100 10
100 20
100 21
100 22
100 23
100 25
100 30
100 31
100 33
100 35
100 36
100 37
100 45
100 48
100 52
100 57
100 63
100 67
100 69
100 71
100 78
100 79
100 81
100 87
100 89
100 96
100 97
100 98
100 99
