0 1
0 3
0 6
0 12
0 19
0 20
0 23
0 24
0 29
0 30
0 34
0 35
0 39
0 41
0 47
0 48
0 51
0 54
0 57
0 58
0 64
0 71
0 75
0 76
0 77
0 84
0 86
0 89
0 90
0 93
1 0
1 1
1 2
1 17
1 26
1 31
1 33
1 35
1 36
1 37
1 39
1 43
1 51
1 52
1 54
1 56
1 58
1 60
1 61
1 62
1 68
1 71
1 74
1 78
1 84
1 85
1 87
1 95
1 96
2 1
2 6
2 7
2 8
2 9
2 10
2 11
2 13
2 17
2 20
2 23
2 24
2 28
2 29
2 35
2 38
2 39
2 40
2 42
2 46
2 51
2 54
2 60
2 61
2 63
2 66
2 68
2 77
2 81
2 82
2 89
2 92
3 1
3 2
3 3
3 4
3 17
3 23
3 36
3 37
3 41
3 45
3 53
3 60
3 64
3 68
3 71
3 72
3 73
3 74
3 76
3 77
3 83
3 87
3 94
3 98
4 3
4 4
4 6
4 8
4 19
4 20
4 24
4 28
4 33
4 35
4 38
4 39
4 49
4 51
4 52
4 53
4 60
4 68
4 69
4 72
4 75
4 77
4 82
4 84
4 88
4 89
4 91
4 93
4 95
4 96
4 98
5 0
5 2
5 4
5 7
5 8
5 22
5 23
5 25
5 27
5 37
5 38
5 39
5 45
5 46
5 49
5 50
5 51
5 54
5 59
5 61
5 62
5 65
5 67
5 69
5 75
5 76
5 77
5 80
5 81
5 84
5 85
5 98
6 7
6 8
6 10
6 15
6 18
6 21
6 23
6 24
6 26
6 30
6 32
6 36
6 40
6 42
6 47
6 49
6 57
6 58
6 61
6 63
6 66
6 67
6 69
6 71
6 76
6 80
6 96
7 4
7 5
7 8
7 15
7 25
7 29
7 34
7 36
7 46
7 47
7 48
7 51
7 52
7 53
7 56
7 58
7 59
7 61
7 62
7 63
7 66
7 72
7 74
7 75
7 79
7 80
7 84
7 86
7 87
7 93
7 94
7 96
8 0
8 1
8 3
8 4
8 9
8 12
8 16
8 19
8 20
8 23
8 25
8 26
8 29
8 33
8 36
8 38
8 39
8 40
8 42
8 43
8 49
8 50
8 53
8 56
8 57
8 58
8 59
8 62
8 63
8 70
8 74
8 78
8 81
8 84
8 85
8 90
8 91
8 92
8 93
8 94
8 95
8 97
9 0
9 4
9 7
9 16
9 17
9 22
9 25
9 32
9 34
9 40
9 44
9 45
9 47
9 51
9 52
9 57
9 58
9 67
9 68
9 70
9 78
9 83
9 86
9 92
9 97
10 0
10 3
10 8
10 11
10 13
10 29
10 31
10 32
10 35
10 44
10 49
10 51
10 52
10 61
10 62
10 66
10 70
10 71
10 76
10 78
10 81
10 82
10 85
10 87
10 91
10 93
10 95
10 97
11 1
11 2
11 3
11 8
11 11
11 15
11 17
11 19
11 20
11 29
11 31
11 39
11 43
11 49
11 51
11 54
11 59
11 60
11 62
11 63
11 64
11 67
11 68
11 71
11 78
11 90
11 91
11 99
12 2
12 7
12 12
12 16
12 18
12 19
12 25
12 27
12 30
12 34
12 36
12 39
12 45
12 54
12 55
12 58
12 67
12 68
12 69
12 70
12 78
12 80
12 90
12 91
12 98
13 0
13 4
13 7
13 9
13 10
13 12
13 13
13 14
13 15
13 20
13 31
13 32
13 37
13 40
13 42
13 45
13 47
13 49
13 52
13 54
13 60
13 61
13 62
13 65
13 67
13 68
13 70
13 76
13 80
13 84
13 88
13 91
13 95
14 13
14 18
14 21
14 26
14 28
14 29
14 30
14 31
14 33
14 38
14 39
14 44
14 50
14 51
14 55
14 56
14 61
14 64
14 74
14 76
14 80
14 81
14 85
14 90
14 93
14 95
14 96
14 97
14 100
15 6
15 16
15 17
15 18
15 21
15 28
15 31
15 33
15 36
15 37
15 38
15 40
15 50
15 51
15 52
15 58
15 61
15 65
15 67
15 71
15 72
15 73
15 81
15 85
15 92
15 94
15 97
15 98
15 100
16 3
16 5
16 9
16 18
16 19
16 22
16 26
16 29
16 33
16 43
16 46
16 48
16 53
16 57
16 58
16 62
16 64
16 65
16 69
16 71
16 72
16 78
16 86
16 88
16 99
17 1
17 13
17 17
17 18
17 20
17 26
17 36
17 38
17 40
17 42
17 43
17 45
17 50
17 62
17 63
17 72
17 76
17 77
17 79
17 80
17 84
17 85
17 87
17 89
17 95
17 98
17 99
18 0
18 1
18 4
18 6
18 11
18 16
18 20
18 25
18 29
18 33
18 34
18 37
18 42
18 44
18 45
18 46
18 47
18 50
18 55
18 58
18 61
18 63
18 64
18 65
18 66
18 78
18 81
18 86
18 89
18 90
18 98
18 100
19 0
19 7
19 8
19 10
19 15
19 16
19 17
19 19
19 20
19 27
19 30
19 34
19 38
19 39
19 48
19 51
19 60
19 66
19 70
19 78
19 84
19 87
19 90
19 91
19 94
19 95
20 1
20 3
20 13
20 15
20 17
20 22
20 24
20 26
20 32
20 34
20 36
20 39
20 42
20 43
20 47
20 52
20 53
20 55
20 56
20 59
20 60
20 65
20 66
20 70
20 74
20 75
20 76
20 78
20 79
20 84
20 94
20 96
20 99
20 100
21 0
21 1
21 4
21 5
21 7
21 8
21 13
21 19
21 20
21 25
21 29
21 31
21 32
21 35
21 38
21 39
21 40
21 41
21 45
21 47
21 52
21 55
21 59
21 60
21 66
21 68
21 74
21 75
21 78
21 80
21 81
21 84
21 90
21 91
21 92
21 98
21 99
22 0
22 6
22 9
22 10
22 12
22 15
22 16
22 17
22 18
22 21
22 23
22 25
22 28
22 31
22 32
22 34
22 38
22 45
22 47
22 51
22 52
22 53
22 54
22 55
22 59
22 62
22 66
22 69
22 72
22 75
22 77
22 78
22 84
22 86
22 87
22 88
22 94
23 1
23 4
23 6
23 8
23 10
23 27
23 28
23 36
23 41
23 47
23 48
23 54
23 55
23 61
23 70
23 73
23 81
23 89
23 91
23 93
23 94
23 95
24 5
24 16
24 19
24 20
24 26
24 27
24 32
24 34
24 36
24 43
24 44
24 46
24 49
24 53
24 60
24 62
24 66
24 72
24 74
24 77
24 80
24 81
24 82
24 83
24 84
24 86
24 87
24 92
24 98
24 99
24 100
25 0
25 3
25 6
25 7
25 12
25 23
25 29
25 34
25 38
25 43
25 45
25 47
25 56
25 59
25 61
25 64
25 75
25 78
25 84
25 87
25 88
25 89
25 90
26 2
26 4
26 5
26 7
26 22
26 24
26 26
26 34
26 35
26 41
26 45
26 46
26 51
26 54
26 55
26 61
26 62
26 65
26 67
26 73
26 80
26 81
26 82
26 84
26 89
26 90
26 93
26 94
27 4
27 8
27 16
27 19
27 20
27 30
27 33
27 38
27 40
27 45
27 48
27 51
27 53
27 55
27 58
27 65
27 72
27 74
27 76
27 77
27 82
27 83
27 85
27 91
27 92
27 100
28 13
28 14
28 20
28 23
28 25
28 29
28 30
28 31
28 36
28 37
28 38
28 44
28 48
28 54
28 64
28 68
28 71
28 73
28 76
28 78
28 80
28 83
28 90
28 92
28 93
28 94
28 97
28 99
29 2
29 8
29 10
29 13
29 14
29 15
29 16
29 17
29 19
29 22
29 27
29 28
29 32
29 33
29 35
29 42
29 43
29 48
29 50
29 51
29 52
29 55
29 58
29 61
29 64
29 65
29 70
29 75
29 84
29 86
29 88
29 94
30 8
30 10
30 22
30 23
30 24
30 25
30 27
30 29
30 34
30 36
30 48
30 51
30 52
30 53
30 54
30 56
30 57
30 59
30 62
30 63
30 69
30 72
30 73
30 78
30 86
30 87
30 91
30 95
31 1
31 2
31 5
31 9
31 12
31 15
31 16
31 17
31 19
31 23
31 26
31 29
31 35
31 42
31 45
31 46
31 51
31 52
31 57
31 59
31 61
31 62
31 67
31 71
31 75
31 79
31 85
31 87
31 88
31 92
31 94
31 96
31 97
31 98
32 1
32 12
32 13
32 19
32 20
32 21
32 23
32 25
32 26
32 29
32 30
32 34
32 36
32 40
32 41
32 44
32 45
32 49
32 50
32 52
32 56
32 57
32 58
32 67
32 68
32 70
32 71
32 75
32 76
32 82
32 83
32 84
32 88
32 93
32 99
33 9
33 10
33 15
33 18
33 19
33 20
33 42
33 48
33 53
33 60
33 65
33 66
33 67
33 68
33 78
33 80
33 81
33 89
33 99
33 100
34 3
34 4
34 5
34 8
34 19
34 29
34 31
34 34
34 37
34 39
34 40
34 42
34 43
34 47
34 49
34 56
34 57
34 58
34 59
34 60
34 64
34 65
34 70
34 74
34 80
34 81
34 87
34 89
34 90
34 92
34 97
35 1
35 3
35 5
35 9
35 11
35 15
35 23
35 25
35 42
35 45
35 46
35 50
35 51
35 53
35 54
35 57
35 61
35 64
35 68
35 72
35 73
35 78
35 81
35 84
35 85
35 89
35 91
35 95
35 98
35 100
36 3
36 4
36 7
36 8
36 11
36 12
36 24
36 32
36 35
36 44
36 48
36 51
36 53
36 60
36 62
36 72
36 74
36 75
36 77
36 79
36 84
36 94
36 97
36 98
37 7
37 12
37 16
37 18
37 19
37 20
37 21
37 22
37 23
37 25
37 26
37 36
37 37
37 39
37 44
37 45
37 48
37 52
37 67
37 69
37 73
37 75
37 76
37 78
37 79
37 80
37 82
37 87
37 92
37 94
37 96
37 97
37 98
37 100
38 6
38 7
38 8
38 13
38 14
38 18
38 19
38 21
38 22
38 28
38 32
38 38
38 42
38 47
38 50
38 51
38 52
38 56
38 57
38 59
38 63
38 67
38 71
38 73
38 74
38 80
38 84
38 89
38 92
38 93
38 94
38 95
38 99
38 100
39 0
39 9
39 10
39 12
39 13
39 14
39 17
39 20
39 22
39 23
39 25
39 36
39 38
39 39
39 40
39 41
39 49
39 51
39 54
39 55
39 59
39 65
39 66
39 67
39 68
39 77
39 78
39 79
39 82
39 83
39 88
39 89
39 91
39 95
39 96
39 98
40 0
40 5
40 8
40 9
40 11
40 17
40 20
40 24
40 27
40 28
40 29
40 30
40 35
40 41
40 42
40 43
40 45
40 46
40 48
40 49
40 51
40 55
40 59
40 63
40 64
40 72
40 73
40 76
40 85
40 88
40 96
40 97
40 98
40 99
41 1
41 5
41 9
41 16
41 17
41 22
41 23
41 24
41 27
41 29
41 30
41 31
41 34
41 35
41 37
41 39
41 45
41 48
41 51
41 55
41 61
41 64
41 68
41 72
41 77
41 80
41 81
41 83
41 85
41 87
41 92
41 95
41 96
41 99
42 4
42 7
42 23
42 25
42 27
42 31
42 32
42 41
42 48
42 49
42 55
42 58
42 60
42 66
42 78
42 79
42 84
42 85
42 86
42 89
42 90
42 97
42 98
43 5
43 7
43 14
43 16
43 18
43 21
43 22
43 25
43 32
43 37
43 46
43 47
43 50
43 54
43 57
43 58
43 60
43 65
43 69
43 71
43 75
43 87
43 88
43 92
43 94
43 95
43 96
43 97
43 99
43 100
44 3
44 7
44 8
44 15
44 17
44 31
44 40
44 42
44 43
44 45
44 46
44 51
44 52
44 54
44 56
44 62
44 63
44 67
44 71
44 77
44 78
44 83
44 89
44 90
44 91
44 94
44 95
44 98
45 0
45 3
45 7
45 10
45 14
45 15
45 17
45 18
45 21
45 22
45 23
45 25
45 33
45 39
45 41
45 44
45 48
45 50
45 53
45 56
45 59
45 60
45 61
45 62
45 65
45 72
45 74
45 79
45 83
45 84
45 90
45 91
45 92
45 93
46 1
46 4
46 14
46 17
46 19
46 25
46 29
46 34
46 40
46 42
46 48
46 49
46 50
46 51
46 54
46 73
46 74
46 75
46 80
46 81
46 82
46 86
46 92
46 97
47 6
47 10
47 13
47 15
47 16
47 19
47 23
47 26
47 27
47 28
47 30
47 31
47 33
47 34
47 36
47 39
47 42
47 47
47 49
47 53
47 55
47 58
47 68
47 69
47 71
47 73
47 78
47 85
47 87
47 88
47 96
47 99
47 100
48 4
48 8
48 15
48 18
48 21
48 22
48 23
48 24
48 25
48 27
48 28
48 31
48 32
48 43
48 48
48 49
48 51
48 56
48 60
48 65
48 67
48 72
48 73
48 76
48 79
48 83
48 93
48 94
48 98
48 100
49 2
49 4
49 5
49 8
49 11
49 12
49 19
49 24
49 25
49 35
49 40
49 41
49 43
49 44
49 45
49 56
49 60
49 63
49 64
49 66
49 67
49 75
49 83
49 84
49 85
49 86
49 88
49 94
49 96
50 5
50 8
50 9
50 12
50 14
50 15
50 16
50 18
50 19
50 21
50 31
50 33
50 43
50 53
50 56
50 64
50 69
50 71
50 72
50 75
50 82
50 84
50 89
50 93
50 94
50 95
50 100
51 0
51 7
51 13
51 18
51 27
51 28
51 30
51 33
51 34
51 37
51 45
51 47
51 72
51 78
51 79
51 80
51 84
51 85
51 98
52 9
52 10
52 12
52 15
52 16
52 18
52 20
52 22
52 28
52 30
52 43
52 46
52 49
52 54
52 55
52 68
52 69
52 70
52 74
52 76
52 77
52 79
52 80
52 82
52 83
52 84
52 88
52 89
52 93
52 97
52 100
53 0
53 2
53 11
53 13
53 16
53 17
53 18
53 22
53 26
53 36
53 40
53 41
53 43
53 48
53 52
53 55
53 82
53 84
53 85
53 88
53 91
53 100
54 1
54 5
54 6
54 11
54 15
54 17
54 20
54 24
54 27
54 28
54 31
54 38
54 43
54 52
54 54
54 56
54 61
54 62
54 64
54 70
54 76
54 78
54 79
54 80
54 89
54 91
54 98
54 99
54 100
55 2
55 3
55 5
55 11
55 16
55 20
55 22
55 24
55 26
55 27
55 32
55 33
55 34
55 35
55 37
55 41
55 43
55 47
55 48
55 56
55 60
55 61
55 63
55 65
55 70
55 73
55 78
55 80
55 81
55 82
55 85
55 86
55 87
55 88
55 90
55 93
55 94
55 96
55 97
55 99
55 100
56 0
56 1
56 2
56 4
56 7
56 11
56 15
56 16
56 19
56 23
56 27
56 33
56 36
56 38
56 47
56 57
56 59
56 63
56 67
56 73
56 74
56 80
56 82
56 83
56 84
56 85
56 88
56 90
56 92
56 98
57 0
57 1
57 5
57 8
57 10
57 11
57 15
57 18
57 20
57 21
57 24
57 27
57 29
57 33
57 44
57 47
57 51
57 54
57 62
57 63
57 65
57 72
57 74
57 76
57 78
57 80
57 85
57 86
57 88
57 93
57 98
58 0
58 7
58 14
58 16
58 18
58 24
58 27
58 31
58 40
58 43
58 46
58 51
58 57
58 60
58 61
58 67
58 70
58 71
58 74
58 78
58 80
58 84
58 85
58 86
58 88
58 93
58 95
58 97
58 98
59 5
59 10
59 18
59 20
59 21
59 26
59 28
59 30
59 31
59 37
59 40
59 41
59 44
59 48
59 50
59 51
59 55
59 61
59 62
59 65
59 71
59 73
59 81
59 84
59 88
59 91
59 92
59 95
59 98
60 3
60 8
60 9
60 14
60 16
60 17
60 20
60 23
60 36
60 37
60 38
60 40
60 41
60 43
60 46
60 49
60 55
60 56
60 58
60 64
60 65
60 67
60 71
60 76
60 80
60 81
60 82
60 83
60 87
60 90
60 97
60 99
61 3
61 12
61 13
61 14
61 18
61 21
61 22
61 35
61 36
61 40
61 44
61 46
61 47
61 49
61 52
61 60
61 66
61 70
61 77
61 80
61 81
61 82
61 83
61 84
61 86
61 88
61 89
61 90
61 92
61 93
61 95
61 96
61 97
62 6
62 13
62 15
62 22
62 23
62 27
62 29
62 32
62 33
62 36
62 37
62 47
62 51
62 55
62 56
62 59
62 61
62 63
62 66
62 69
62 71
62 72
62 73
62 81
62 82
62 86
62 90
62 96
63 0
63 4
63 6
63 7
63 8
63 9
63 11
63 13
63 15
63 20
63 23
63 24
63 25
63 26
63 27
63 29
63 35
63 36
63 38
63 43
63 45
63 52
63 53
63 57
63 59
63 60
63 63
63 64
63 65
63 67
63 75
63 82
63 83
63 86
63 87
63 92
63 98
64 3
64 11
64 12
64 14
64 15
64 21
64 22
64 25
64 27
64 28
64 31
64 32
64 38
64 45
64 49
64 50
64 54
64 57
64 59
64 67
64 78
64 81
64 82
64 85
64 90
64 91
64 93
64 95
64 96
65 0
65 5
65 10
65 12
65 16
65 17
65 23
65 24
65 32
65 33
65 34
65 41
65 44
65 46
65 47
65 48
65 57
65 59
65 60
65 65
65 73
65 75
65 90
65 95
66 0
66 1
66 4
66 6
66 7
66 8
66 9
66 10
66 11
66 12
66 16
66 23
66 25
66 27
66 32
66 35
66 37
66 39
66 40
66 43
66 44
66 45
66 53
66 56
66 57
66 58
66 60
66 62
66 65
66 67
66 69
66 70
66 71
66 84
66 87
66 88
66 95
66 97
66 100
67 1
67 3
67 9
67 10
67 11
67 16
67 19
67 30
67 36
67 37
67 38
67 39
67 42
67 46
67 55
67 57
67 62
67 65
67 66
67 68
67 71
67 72
67 73
67 74
67 76
67 77
67 80
67 81
67 82
67 85
67 88
68 1
68 3
68 8
68 9
68 11
68 15
68 18
68 20
68 22
68 23
68 24
68 25
68 26
68 28
68 29
68 35
68 38
68 39
68 42
68 49
68 50
68 52
68 55
68 56
68 62
68 63
68 65
68 68
68 86
68 91
68 98
68 100
69 0
69 1
69 2
69 3
69 4
69 5
69 8
69 14
69 18
69 19
69 29
69 36
69 37
69 39
69 40
69 52
69 56
69 57
69 58
69 61
69 63
69 64
69 67
69 70
69 75
69 79
69 82
69 88
69 98
70 4
70 5
70 13
70 17
70 18
70 24
70 26
70 27
70 29
70 30
70 31
70 40
70 49
70 51
70 54
70 59
70 60
70 64
70 71
70 76
70 81
70 82
70 86
70 87
70 91
70 92
70 95
71 1
71 4
71 8
71 11
71 13
71 22
71 24
71 30
71 32
71 34
71 36
71 38
71 41
71 46
71 56
71 57
71 58
71 60
71 62
71 67
71 76
71 95
71 97
72 2
72 6
72 12
72 13
72 15
72 16
72 19
72 21
72 23
72 24
72 27
72 28
72 29
72 39
72 40
72 41
72 44
72 51
72 54
72 55
72 59
72 60
72 62
72 66
72 67
72 68
72 74
72 77
72 84
72 87
72 89
72 90
72 94
73 4
73 6
73 10
73 12
73 15
73 18
73 23
73 27
73 34
73 37
73 43
73 45
73 47
73 48
73 56
73 67
73 71
73 72
73 73
73 81
73 82
73 83
73 94
73 97
74 4
74 5
74 8
74 14
74 16
74 20
74 22
74 24
74 28
74 32
74 33
74 36
74 39
74 40
74 41
74 48
74 50
74 53
74 55
74 56
74 58
74 61
74 65
74 67
74 68
74 69
74 72
74 74
74 79
74 82
74 84
74 93
74 94
74 97
74 99
74 100
75 0
75 3
75 7
75 8
75 9
75 21
75 24
75 25
75 28
75 32
75 33
75 36
75 39
75 40
75 42
75 43
75 45
75 46
75 48
75 49
75 51
75 52
75 54
75 56
75 60
75 63
75 65
75 72
75 81
75 83
75 84
75 93
75 97
75 99
75 100
76 0
76 3
76 13
76 19
76 23
76 30
76 32
76 33
76 34
76 35
76 43
76 57
76 58
76 59
76 60
76 63
76 69
76 72
76 74
76 80
76 81
76 83
76 84
76 86
76 92
76 99
76 100
77 0
77 6
77 7
77 11
77 13
77 16
77 19
77 21
77 28
77 29
77 35
77 45
77 50
77 55
77 56
77 57
77 63
77 66
77 76
77 77
77 78
77 81
77 83
77 84
77 89
77 94
77 95
77 96
78 3
78 4
78 7
78 8
78 13
78 19
78 22
78 24
78 28
78 33
78 42
78 47
78 49
78 61
78 66
78 68
78 69
78 72
78 74
78 76
78 77
78 78
78 83
78 84
78 85
78 90
78 92
78 94
78 95
79 7
79 9
79 12
79 15
79 17
79 18
79 22
79 24
79 25
79 32
79 37
79 44
79 47
79 61
79 62
79 71
79 73
79 75
79 78
79 80
79 90
79 91
79 94
79 97
79 98
80 4
80 7
80 9
80 14
80 24
80 26
80 30
80 31
80 34
80 36
80 42
80 46
80 52
80 64
80 65
80 72
80 76
80 77
80 83
80 85
80 86
80 89
80 93
80 94
80 96
80 97
80 98
81 0
81 1
81 7
81 8
81 10
81 11
81 14
81 15
81 18
81 20
81 21
81 26
81 30
81 33
81 34
81 35
81 42
81 43
81 46
81 49
81 50
81 54
81 61
81 65
81 67
81 75
81 78
81 83
81 90
81 93
81 98
81 99
82 8
82 12
82 14
82 16
82 18
82 19
82 25
82 28
82 29
82 30
82 31
82 34
82 38
82 39
82 45
82 49
82 50
82 51
82 59
82 60
82 62
82 64
82 67
82 70
82 75
82 77
82 79
82 81
82 83
82 84
82 89
82 90
82 93
82 95
83 2
83 14
83 31
83 38
83 40
83 42
83 43
83 47
83 48
83 53
83 54
83 55
83 56
83 59
83 64
83 66
83 67
83 70
83 77
83 82
83 85
83 90
83 91
83 92
83 97
83 99
83 100
84 1
84 4
84 10
84 13
84 14
84 16
84 25
84 27
84 31
84 38
84 40
84 45
84 48
84 49
84 50
84 52
84 53
84 61
84 62
84 65
84 69
84 70
84 72
84 76
84 79
84 80
84 82
84 92
84 93
84 95
84 96
85 3
85 4
85 6
85 7
85 10
85 13
85 16
85 20
85 24
85 25
85 28
85 35
85 37
85 41
85 42
85 46
85 47
85 48
85 52
85 64
85 66
85 76
85 78
85 84
85 94
85 100
86 10
86 12
86 13
86 17
86 21
86 22
86 27
86 29
86 31
86 36
86 37
86 39
86 42
86 43
86 47
86 50
86 51
86 53
86 54
86 58
86 59
86 60
86 63
86 68
86 72
86 73
86 76
86 77
86 79
86 80
86 86
86 89
86 94
86 96
86 100
87 1
87 4
87 7
87 12
87 16
87 18
87 26
87 27
87 29
87 33
87 36
87 37
87 38
87 50
87 60
87 67
87 68
87 72
87 73
87 74
87 77
87 78
87 79
87 84
87 85
87 86
87 87
87 91
87 95
88 6
88 9
88 11
88 13
88 14
88 18
88 22
88 26
88 27
88 33
88 36
88 40
88 41
88 46
88 47
88 48
88 49
88 54
88 57
88 58
88 61
88 65
88 70
88 80
88 81
88 88
88 90
88 93
89 3
89 5
89 6
89 7
89 8
89 9
89 16
89 21
89 24
89 26
89 27
89 28
89 29
89 30
89 34
89 37
89 39
89 41
89 42
89 44
89 46
89 56
89 57
89 60
89 61
89 66
89 68
89 69
89 73
89 74
89 76
89 83
89 86
89 92
89 93
89 99
90 0
90 1
90 8
90 10
90 17
90 21
90 22
90 24
90 25
90 30
90 33
90 34
90 38
90 40
90 43
90 49
90 55
90 59
90 61
90 69
90 71
90 73
90 78
90 81
90 82
90 88
90 89
90 96
90 97
91 2
91 6
91 10
91 11
91 20
91 23
91 30
91 35
91 36
91 39
91 42
91 47
91 61
91 64
91 65
91 70
91 74
91 75
91 77
91 84
91 96
92 5
92 11
92 13
92 17
92 19
92 29
92 30
92 31
92 34
92 35
92 38
92 41
92 50
92 54
92 57
92 60
92 64
92 65
92 66
92 86
92 88
92 89
92 93
93 3
93 12
93 17
93 22
93 24
93 25
93 30
93 34
93 36
93 41
93 43
93 44
93 45
93 47
93 50
93 54
93 56
93 61
93 65
93 69
93 71
93 76
93 81
93 84
93 87
93 88
93 89
93 94
93 95
93 97
94 1
94 2
94 5
94 6
94 10
94 12
94 14
94 15
94 18
94 22
94 31
94 32
94 37
94 39
94 46
94 48
94 50
94 52
94 53
94 55
94 56
94 64
94 67
94 68
94 70
94 72
94 74
94 75
94 76
94 77
94 78
94 83
94 85
94 88
94 96
94 99
95 4
95 14
95 15
95 17
95 18
95 23
95 32
95 33
95 37
95 38
95 40
95 44
95 45
95 53
95 57
95 58
95 60
95 65
95 69
95 73
95 74
95 76
95 82
95 83
95 86
95 89
95 99
96 1
96 2
96 3
96 6
96 15
96 16
96 18
96 19
96 24
96 31
96 40
96 44
96 47
96 51
96 55
96 59
96 69
96 71
96 73
96 75
96 78
96 79
96 81
96 82
96 84
96 87
96 88
96 89
96 100
97 0
97 1
97 2
97 12
97 13
97 16
97 18
97 19
97 20
97 21
97 22
97 25
97 26
97 28
97 29
97 31
97 32
97 34
97 35
97 38
97 48
97 51
97 52
97 53
97 55
97 56
97 66
97 67
97 70
97 76
97 88
97 91
97 92
97 94
97 98
97 99
98 0
98 2
98 6
98 8
98 10
98 13
98 21
98 33
98 35
98 36
98 38
98 41
98 43
98 44
98 48
98 52
98 53
98 56
98 57
98 73
98 76
98 79
98 81
98 82
98 83
98 87
98 88
98 90
98 91
98 93
98 94
98 95
98 97
99 0
99 1
99 3
99 4
99 5
99 11
99 12
99 14
99 15
99 20
99 23
99 25
99 28
99 29
99 38
99 40
99 41
99 43
99 47
99 48
99 49
99 51
99 53
99 55
99 56
99 61
99 63
99 69
99 72
99 75
99 78
99 80
99 81
99 82
99 87
99 92
99 93
99 94
99 96
99 100
100 0
100 3
100 7
100 12
100 18
100 19
100 29
100 30
100 35
100 40
100 41
100 53
100 55
100 56
100 61
100 74
100 75
100 77
100 80
100 81
100 95
100 97
100 98
