0 1
0 5
0 7
0 8
0 9
0 11
0 15
0 18
0 27
0 28
0 29
0 30
0 34
0 37
0 42
0 43
0 46
0 47
0 48
0 52
0 55
0 58
0 60
0 61
0 63
0 66
0 78
0 85
0 87
0 94
0 96
0 97
0 99
0 100
1 0
1 6
1 15
1 28
1 30
1 32
1 33
1 34
1 39
1 41
1 43
1 47
1 54
1 60
1 65
1 66
1 68
1 71
1 72
1 74
1 75
1 77
1 78
1 79
1 80
1 91
1 94
1 96
1 97
1 100
2 3
2 4
2 8
2 11
2 19
2 22
2 31
2 32
2 34
2 35
2 37
2 42
2 49
2 50
2 51
2 52
2 58
2 63
2 65
2 69
2 74
2 80
2 85
2 89
2 91
2 93
2 98
2 99
3 2
3 3
3 6
3 8
3 9
3 14
3 15
3 16
3 19
3 25
3 26
3 31
3 34
3 40
3 42
3 44
3 46
3 51
3 55
3 56
3 72
3 75
3 76
3 81
3 86
3 92
4 3
4 5
4 12
4 14
4 16
4 18
4 24
4 26
4 31
4 32
4 33
4 40
4 44
4 45
4 48
4 50
4 52
4 53
4 54
4 55
4 60
4 62
4 64
4 65
4 66
4 67
4 71
4 73
4 75
4 77
4 80
4 81
4 82
4 84
4 89
4 91
4 93
4 98
5 0
5 3
5 4
5 5
5 6
5 7
5 10
5 15
5 20
5 21
5 26
5 31
5 36
5 41
5 45
5 46
5 49
5 56
5 57
5 58
5 59
5 61
5 64
5 67
5 69
5 72
5 74
5 78
5 83
5 90
5 92
5 93
5 96
5 97
5 98
5 100
6 2
6 9
6 13
6 14
6 18
6 29
6 38
6 43
6 44
6 45
6 46
6 50
6 53
6 58
6 59
6 65
6 66
6 68
6 79
6 82
6 86
6 88
6 93
7 3
7 10
7 13
7 19
7 27
7 29
7 30
7 33
7 36
7 39
7 46
7 58
7 62
7 65
7 67
7 68
7 69
7 76
7 77
7 82
7 86
7 93
7 97
7 99
8 2
8 3
8 7
8 10
8 19
8 24
8 25
8 33
8 34
8 40
8 55
8 56
8 61
8 68
8 69
8 70
8 77
8 78
8 81
8 89
8 93
8 95
8 97
8 98
9 3
9 4
9 7
9 8
9 17
9 22
9 23
9 25
9 27
9 28
9 29
9 32
9 35
9 37
9 42
9 43
9 52
9 56
9 63
9 66
9 68
9 69
9 72
9 75
9 77
9 78
9 83
9 85
9 89
9 90
9 91
9 92
10 1
10 4
10 6
10 7
10 10
10 11
10 16
10 18
10 23
10 36
10 40
10 42
10 47
10 59
10 62
10 69
10 72
10 84
10 88
11 2
11 6
11 7
11 11
11 24
11 25
11 27
11 30
11 31
11 33
11 35
11 36
11 37
11 39
11 42
11 47
11 48
11 54
11 56
11 61
11 64
11 68
11 71
11 75
11 78
11 79
11 82
11 83
11 90
11 91
11 92
11 93
11 95
11 99
12 2
12 8
12 10
12 14
12 17
12 21
12 23
12 27
12 30
12 31
12 32
12 35
12 40
12 42
12 45
12 46
12 47
12 50
12 56
12 60
12 64
12 72
12 73
12 74
12 75
12 76
12 78
12 81
12 84
12 88
12 90
12 92
12 94
12 96
13 1
13 4
13 8
13 19
13 22
13 24
13 25
13 28
13 32
13 34
13 35
13 37
13 39
13 51
13 55
13 59
13 61
13 62
13 63
13 67
13 69
13 77
13 79
13 83
13 85
13 86
13 97
13 98
14 1
14 5
14 14
14 15
14 22
14 25
14 31
14 32
14 39
14 40
14 41
14 42
14 43
14 45
14 46
14 48
14 60
14 61
14 62
14 65
14 70
14 77
14 80
14 82
14 83
14 90
14 97
15 6
15 7
15 8
15 9
15 12
15 17
15 18
15 20
15 21
15 25
15 35
15 38
15 39
15 42
15 46
15 47
15 49
15 53
15 65
15 70
15 73
15 75
15 77
15 78
15 81
15 87
15 90
15 95
16 0
16 4
16 7
16 14
16 21
16 36
16 38
16 40
16 43
16 50
16 51
16 52
16 60
16 62
16 64
16 65
16 69
16 73
16 79
16 80
16 82
16 83
16 84
16 86
16 90
16 99
17 1
17 4
17 5
17 6
17 7
17 11
17 17
17 23
17 25
17 34
17 38
17 42
17 43
17 47
17 49
17 56
17 57
17 58
17 59
17 62
17 64
17 65
17 69
17 71
17 72
17 74
17 77
17 79
17 83
17 84
17 85
17 86
17 87
17 88
17 91
17 98
17 99
18 3
18 4
18 6
18 7
18 10
18 11
18 12
18 18
18 20
18 29
18 31
18 45
18 47
18 52
18 53
18 54
18 58
18 64
18 67
18 71
18 72
18 74
18 77
18 80
18 88
18 94
18 95
18 99
19 2
19 4
19 5
19 6
19 8
19 15
19 22
19 27
19 28
19 34
19 35
19 36
19 38
19 41
19 45
19 49
19 50
19 57
19 60
19 69
19 73
19 74
19 75
19 77
19 81
19 82
19 84
19 86
19 91
19 94
19 95
19 96
19 98
19 100
20 1
20 3
20 4
20 6
20 9
20 13
20 21
20 23
20 24
20 26
20 27
20 29
20 34
20 35
20 39
20 40
20 49
20 51
20 56
20 59
20 63
20 71
20 73
20 74
20 79
20 84
20 86
20 88
20 89
20 94
20 95
20 97
21 1
21 2
21 11
21 12
21 17
21 18
21 21
21 25
21 36
21 38
21 41
21 42
21 44
21 46
21 48
21 52
21 57
21 60
21 63
21 66
21 68
21 75
21 77
21 78
21 85
21 91
21 92
21 93
21 94
21 97
21 100
22 0
22 4
22 7
22 13
22 17
22 20
22 22
22 26
22 27
22 30
22 32
22 36
22 38
22 41
22 42
22 43
22 46
22 47
22 49
22 50
22 52
22 55
22 57
22 59
22 62
22 63
22 66
22 67
22 68
22 70
22 77
22 81
22 82
22 86
22 88
22 91
22 92
22 94
22 95
22 100
23 2
23 5
23 8
23 11
23 14
23 24
23 25
23 29
23 30
23 31
23 35
23 37
23 38
23 42
23 44
23 48
23 53
23 57
23 64
23 69
23 75
23 82
23 86
23 89
23 98
24 3
24 4
24 6
24 17
24 18
24 21
24 27
24 28
24 30
24 36
24 38
24 39
24 53
24 57
24 66
24 69
24 78
24 88
24 89
24 92
24 100
25 4
25 11
25 12
25 14
25 17
25 19
25 23
25 24
25 27
25 28
25 29
25 30
25 32
25 36
25 39
25 42
25 43
25 44
25 46
25 50
25 59
25 65
25 68
25 71
25 72
25 74
25 75
25 76
25 78
25 79
25 82
25 86
25 89
25 98
26 4
26 5
26 7
26 8
26 12
26 16
26 20
26 22
26 29
26 30
26 31
26 33
26 36
26 39
26 42
26 45
26 46
26 51
26 56
26 60
26 61
26 66
26 70
26 71
26 80
26 82
26 83
26 86
26 91
26 92
26 94
26 99
27 3
27 15
27 16
27 18
27 22
27 25
27 26
27 29
27 35
27 36
27 38
27 41
27 48
27 53
27 57
27 58
27 59
27 60
27 61
27 62
27 63
27 64
27 65
27 68
27 69
27 72
27 77
27 83
27 84
27 92
27 94
27 99
28 0
28 1
28 3
28 4
28 9
28 11
28 12
28 21
28 22
28 27
28 28
28 29
28 34
28 38
28 39
28 44
28 45
28 47
28 52
28 53
28 58
28 59
28 66
28 67
28 70
28 75
28 79
28 80
28 82
28 83
28 89
28 92
28 97
29 2
29 11
29 13
29 15
29 21
29 23
29 24
29 25
29 31
29 32
29 35
29 38
29 42
29 43
29 49
29 50
29 51
29 52
29 55
29 61
29 62
29 64
29 65
29 66
29 69
29 70
29 72
29 75
29 76
29 77
29 78
29 82
29 87
29 90
29 97
30 3
30 5
30 8
30 11
30 12
30 20
30 30
30 33
30 34
30 35
30 38
30 41
30 44
30 47
30 52
30 55
30 56
30 62
30 64
30 67
30 68
30 70
30 71
30 72
30 75
30 77
30 79
30 80
30 81
30 82
30 83
30 90
30 91
30 99
31 2
31 7
31 13
31 14
31 15
31 18
31 19
31 22
31 24
31 25
31 27
31 29
31 30
31 35
31 37
31 42
31 43
31 52
31 55
31 58
31 60
31 61
31 68
31 74
31 75
31 76
31 79
31 83
31 90
31 92
31 93
31 94
31 97
32 0
32 1
32 3
32 13
32 18
32 19
32 27
32 30
32 31
32 35
32 36
32 37
32 38
32 51
32 57
32 58
32 59
32 60
32 62
32 66
32 71
32 78
32 80
32 83
32 84
32 85
32 90
32 92
32 93
32 94
32 95
33 3
33 4
33 8
33 9
33 10
33 15
33 16
33 17
33 24
33 30
33 31
33 34
33 42
33 43
33 57
33 59
33 62
33 69
33 74
33 79
33 82
33 87
33 91
33 92
33 96
33 98
34 3
34 7
34 9
34 11
34 17
34 25
34 32
34 37
34 48
34 55
34 61
34 63
34 66
34 73
34 76
34 85
34 92
34 93
34 95
35 1
35 2
35 3
35 4
35 5
35 7
35 9
35 10
35 14
35 16
35 18
35 19
35 28
35 32
35 39
35 44
35 45
35 47
35 49
35 53
35 60
35 64
35 69
35 70
35 71
35 74
35 75
35 76
35 77
35 78
35 79
35 80
35 85
35 87
35 91
35 95
35 96
35 97
35 100
36 3
36 7
36 12
36 16
36 17
36 27
36 29
36 30
36 40
36 43
36 47
36 48
36 61
36 72
36 74
36 83
36 87
36 89
36 95
36 98
37 3
37 12
37 19
37 20
37 22
37 27
37 31
37 33
37 39
37 42
37 43
37 53
37 59
37 60
37 62
37 63
37 66
37 72
37 76
37 77
37 78
37 80
37 81
37 85
37 88
37 89
37 92
37 95
37 96
38 3
38 4
38 7
38 8
38 10
38 15
38 16
38 17
38 20
38 21
38 25
38 26
38 28
38 33
38 35
38 38
38 42
38 51
38 54
38 55
38 59
38 68
38 69
38 71
38 74
38 75
38 77
38 82
38 84
38 87
38 88
38 89
38 94
38 95
38 99
39 0
39 3
39 6
39 11
39 12
39 14
39 18
39 20
39 21
39 24
39 27
39 28
39 31
39 33
39 37
39 40
39 45
39 47
39 48
39 50
39 52
39 61
39 62
39 67
39 68
39 69
39 70
39 71
39 79
39 80
39 84
39 85
39 92
39 96
39 98
40 6
40 9
40 10
40 11
40 12
40 13
40 15
40 17
40 22
40 30
40 32
40 33
40 34
40 37
40 41
40 43
40 45
40 46
40 47
40 49
40 51
40 54
40 55
40 56
40 57
40 58
40 60
40 68
40 70
40 72
40 74
40 75
40 76
40 79
40 83
40 85
40 98
41 1
41 4
41 6
41 7
41 13
41 16
41 17
41 18
41 19
41 20
41 31
41 34
41 35
41 36
41 39
41 42
41 46
41 49
41 51
41 56
41 57
41 64
41 67
41 70
41 72
41 73
41 76
41 77
41 79
41 86
41 88
41 89
41 95
41 96
41 100
42 1
42 4
42 10
42 13
42 14
42 19
42 22
42 26
42 30
42 34
42 43
42 45
42 48
42 49
42 52
42 53
42 54
42 57
42 62
42 66
42 68
42 69
42 75
42 81
42 93
42 95
42 98
43 3
43 4
43 10
43 13
43 16
43 17
43 19
43 20
43 22
43 28
43 30
43 34
43 35
43 36
43 39
43 42
43 46
43 52
43 53
43 56
43 58
43 62
43 64
43 69
43 71
43 72
43 73
43 81
43 84
43 85
43 92
43 95
43 99
44 1
44 2
44 3
44 5
44 8
44 9
44 10
44 11
44 15
44 20
44 23
44 28
44 29
44 39
44 41
44 44
44 46
44 48
44 51
44 57
44 58
44 60
44 62
44 66
44 67
44 70
44 77
44 78
44 80
44 82
44 91
44 92
44 93
44 94
44 100
45 1
45 6
45 9
45 11
45 13
45 17
45 19
45 23
45 34
45 42
45 44
45 46
45 47
45 51
45 52
45 60
45 63
45 64
45 65
45 67
45 71
45 75
45 81
45 82
45 85
46 0
46 1
46 2
46 4
46 21
46 24
46 38
46 45
46 51
46 59
46 62
46 75
46 76
46 79
46 80
46 88
46 89
46 94
46 96
46 100
47 9
47 10
47 16
47 24
47 28
47 30
47 35
47 37
47 43
47 44
47 64
47 65
47 80
47 81
47 92
47 94
47 95
47 96
47 98
47 99
48 0
48 3
48 12
48 16
48 25
48 26
48 30
48 31
48 39
48 42
48 48
48 49
48 52
48 56
48 62
48 64
48 73
48 84
48 92
48 93
48 94
48 95
48 97
48 98
49 2
49 9
49 12
49 20
49 22
49 33
49 43
49 45
49 46
49 47
49 56
49 60
49 65
49 72
49 78
49 79
49 82
49 83
49 85
49 88
49 92
49 97
49 98
50 4
50 8
50 12
50 16
50 23
50 26
50 30
50 33
50 40
50 41
50 44
50 46
50 56
50 62
50 64
50 66
50 67
50 70
50 71
50 72
50 73
50 78
50 79
50 81
50 82
50 85
50 86
50 88
50 92
50 94
50 95
51 4
51 6
51 8
51 9
51 14
51 16
51 17
51 23
51 24
51 30
51 32
51 34
51 36
51 38
51 41
51 42
51 43
51 44
51 48
51 50
51 52
51 54
51 57
51 60
51 81
51 83
51 85
51 86
51 88
52 7
52 10
52 11
52 14
52 15
52 20
52 33
52 36
52 37
52 39
52 40
52 41
52 42
52 45
52 47
52 53
52 54
52 58
52 59
52 66
52 68
52 77
52 78
52 79
52 81
52 84
52 86
52 87
52 88
52 90
52 91
52 92
52 96
52 97
52 98
53 3
53 4
53 5
53 8
53 9
53 10
53 12
53 14
53 17
53 19
53 20
53 21
53 28
53 29
53 30
53 31
53 38
53 40
53 41
53 45
53 49
53 52
53 55
53 61
53 63
53 77
53 81
53 84
53 87
53 88
53 93
53 98
53 99
53 100
54 1
54 2
54 3
54 26
54 27
54 29
54 32
54 35
54 39
54 41
54 45
54 49
54 51
54 52
54 53
54 55
54 56
54 61
54 62
54 65
54 70
54 73
54 74
54 76
54 77
54 78
54 84
54 85
54 86
54 91
54 93
54 96
54 97
54 98
54 99
55 0
55 2
55 17
55 18
55 25
55 27
55 31
55 35
55 38
55 39
55 40
55 42
55 48
55 50
55 51
55 52
55 57
55 62
55 66
55 67
55 71
55 77
55 87
55 88
55 89
55 94
55 99
56 0
56 6
56 10
56 12
56 14
56 18
56 21
56 23
56 24
56 26
56 28
56 30
56 33
56 34
56 35
56 36
56 38
56 39
56 40
56 44
56 48
56 49
56 50
56 58
56 60
56 63
56 64
56 69
56 70
56 71
56 73
56 81
56 84
56 85
56 86
56 88
56 89
56 96
56 97
57 1
57 9
57 12
57 13
57 15
57 19
57 20
57 22
57 26
57 27
57 29
57 30
57 31
57 40
57 41
57 42
57 48
57 52
57 53
57 56
57 60
57 62
57 65
57 68
57 70
57 79
57 81
57 85
57 86
57 89
57 93
57 95
57 100
58 7
58 17
58 19
58 20
58 22
58 24
58 25
58 26
58 27
58 39
58 43
58 45
58 46
58 49
58 50
58 51
58 56
58 57
58 58
58 61
58 63
58 64
58 65
58 68
58 71
58 74
58 79
58 81
58 84
58 85
58 86
58 91
58 94
58 95
58 96
58 97
58 99
58 100
59 0
59 1
59 4
59 15
59 23
59 28
59 29
59 30
59 31
59 33
59 38
59 43
59 48
59 52
59 53
59 54
59 55
59 56
59 57
59 58
59 59
59 60
59 63
59 66
59 84
59 85
59 88
59 89
59 92
59 100
60 0
60 1
60 3
60 6
60 11
60 24
60 25
60 31
60 34
60 37
60 41
60 42
60 43
60 45
60 46
60 49
60 52
60 58
60 62
60 65
60 67
60 68
60 69
60 73
60 75
60 77
60 80
60 83
60 84
60 85
60 87
60 88
60 93
60 95
60 96
61 0
61 1
61 4
61 9
61 12
61 15
61 16
61 21
61 23
61 24
61 26
61 27
61 28
61 32
61 36
61 43
61 46
61 52
61 59
61 64
61 68
61 69
61 70
61 72
61 75
61 77
61 79
61 84
61 92
61 99
62 0
62 1
62 3
62 4
62 5
62 12
62 16
62 21
62 23
62 25
62 26
62 30
62 33
62 37
62 39
62 40
62 47
62 48
62 55
62 56
62 63
62 66
62 73
62 76
62 77
62 78
62 88
62 90
62 95
62 97
62 98
63 1
63 2
63 8
63 12
63 13
63 14
63 19
63 25
63 39
63 40
63 48
63 50
63 53
63 56
63 60
63 64
63 65
63 66
63 67
63 77
63 78
63 81
63 83
63 85
63 88
63 90
63 91
63 93
63 96
63 97
64 1
64 2
64 5
64 8
64 10
64 28
64 29
64 37
64 39
64 48
64 50
64 55
64 57
64 61
64 62
64 65
64 66
64 70
64 71
64 74
64 75
64 76
64 77
64 81
64 83
64 84
64 85
64 86
64 90
64 92
64 94
64 95
64 98
64 99
65 0
65 4
65 10
65 11
65 12
65 13
65 15
65 23
65 26
65 29
65 30
65 33
65 36
65 37
65 41
65 43
65 44
65 48
65 50
65 51
65 54
65 56
65 65
65 68
65 72
65 76
65 78
65 84
65 86
65 89
65 92
65 94
65 99
66 1
66 2
66 3
66 9
66 12
66 14
66 15
66 22
66 23
66 28
66 29
66 31
66 34
66 36
66 37
66 39
66 40
66 42
66 50
66 54
66 57
66 59
66 62
66 63
66 65
66 67
66 68
66 69
66 74
66 79
66 82
66 84
66 92
66 94
66 95
67 3
67 5
67 6
67 7
67 8
67 9
67 11
67 12
67 18
67 22
67 24
67 30
67 31
67 37
67 41
67 47
67 50
67 51
67 57
67 58
67 61
67 66
67 70
67 77
67 80
67 81
67 88
67 93
67 98
67 99
68 2
68 6
68 12
68 16
68 20
68 26
68 29
68 31
68 34
68 40
68 41
68 43
68 44
68 45
68 46
68 51
68 54
68 55
68 68
68 70
68 71
68 72
68 73
68 74
68 75
68 78
68 84
68 89
68 91
68 94
68 99
68 100
69 4
69 6
69 8
69 14
69 17
69 20
69 24
69 25
69 26
69 28
69 33
69 34
69 45
69 53
69 57
69 62
69 65
69 66
69 67
69 68
69 72
69 73
69 79
69 80
69 81
69 90
69 97
69 99
70 2
70 3
70 5
70 7
70 9
70 15
70 18
70 24
70 30
70 33
70 35
70 36
70 42
70 43
70 46
70 49
70 51
70 54
70 58
70 60
70 67
70 70
70 72
70 82
70 86
70 91
71 4
71 5
71 8
71 10
71 18
71 23
71 27
71 28
71 31
71 32
71 41
71 44
71 48
71 49
71 56
71 61
71 62
71 67
71 72
71 76
71 78
71 84
71 85
71 93
71 94
71 95
71 99
72 2
72 5
72 7
72 8
72 10
72 16
72 17
72 35
72 40
72 43
72 45
72 47
72 51
72 54
72 55
72 56
72 57
72 58
72 60
72 61
72 62
72 63
72 65
72 66
72 71
72 74
72 77
72 78
72 84
72 89
72 97
72 99
73 1
73 2
73 3
73 9
73 13
73 15
73 16
73 18
73 19
73 23
73 24
73 30
73 34
73 37
73 42
73 45
73 49
73 50
73 52
73 53
73 59
73 64
73 70
73 75
73 78
73 82
73 85
73 87
73 88
73 92
73 96
74 1
74 5
74 7
74 8
74 9
74 15
74 16
74 20
74 21
74 22
74 24
74 26
74 29
74 32
74 33
74 36
74 38
74 40
74 45
74 49
74 53
74 55
74 58
74 65
74 67
74 69
74 72
74 73
74 75
74 88
74 92
74 93
74 98
74 99
74 100
75 0
75 8
75 15
75 17
75 21
75 23
75 24
75 25
75 31
75 35
75 38
75 42
75 44
75 49
75 57
75 64
75 67
75 70
75 76
75 77
75 78
75 80
75 93
75 94
75 98
76 1
76 19
76 21
76 23
76 24
76 29
76 41
76 43
76 44
76 46
76 48
76 54
76 55
76 56
76 62
76 65
76 66
76 71
76 73
76 80
76 83
76 87
76 90
76 94
76 97
76 98
76 99
77 2
77 22
77 31
77 32
77 33
77 34
77 41
77 42
77 46
77 47
77 57
77 68
77 71
77 75
77 78
77 79
77 94
77 95
77 99
78 2
78 6
78 7
78 8
78 9
78 12
78 13
78 14
78 16
78 18
78 20
78 25
78 30
78 32
78 37
78 44
78 45
78 46
78 48
78 50
78 53
78 60
78 64
78 66
78 67
78 70
78 73
78 74
78 77
78 79
78 80
78 83
78 90
78 93
78 94
78 97
78 99
78 100
79 4
79 6
79 7
79 13
79 15
79 23
79 27
79 30
79 35
79 36
79 47
79 50
79 51
79 52
79 54
79 58
79 59
79 64
79 65
79 66
79 67
79 68
79 70
79 76
79 77
79 80
79 87
79 88
79 93
79 94
79 96
79 99
79 100
80 7
80 9
80 14
80 15
80 19
80 20
80 21
80 23
80 28
80 29
80 31
80 33
80 35
80 36
80 41
80 45
80 53
80 56
80 62
80 69
80 77
80 79
80 95
80 99
80 100
81 8
81 11
81 16
81 17
81 20
81 21
81 26
81 29
81 31
81 33
81 37
81 40
81 46
81 47
81 53
81 54
81 59
81 64
81 66
81 67
81 69
81 72
81 75
81 77
81 78
81 84
81 87
81 91
81 92
81 93
82 0
82 4
82 5
82 9
82 13
82 15
82 17
82 19
82 20
82 23
82 27
82 28
82 31
82 34
82 37
82 38
82 43
82 45
82 49
82 53
82 57
82 58
82 73
82 76
82 77
82 84
82 86
82 87
82 96
82 97
83 0
83 5
83 8
83 13
83 17
83 18
83 19
83 21
83 23
83 29
83 31
83 34
83 42
83 47
83 48
83 49
83 50
83 51
83 52
83 62
83 73
83 75
83 82
83 84
83 85
83 88
83 98
83 99
84 4
84 5
84 14
84 20
84 21
84 22
84 29
84 30
84 41
84 43
84 45
84 46
84 50
84 51
84 53
84 59
84 62
84 64
84 72
84 76
84 77
84 80
84 81
84 83
84 88
84 89
84 90
84 91
84 92
84 94
85 1
85 6
85 15
85 16
85 18
85 19
85 24
85 27
85 30
85 33
85 41
85 43
85 46
85 47
85 49
85 51
85 57
85 61
85 62
85 64
85 66
85 67
85 68
85 70
85 72
85 75
85 76
85 79
85 80
85 84
85 85
85 88
85 93
85 96
85 97
85 100
86 2
86 6
86 14
86 16
86 17
86 21
86 24
86 26
86 29
86 31
86 33
86 35
86 40
86 41
86 50
86 53
86 55
86 56
86 57
86 60
86 69
86 71
86 74
86 78
86 79
86 86
86 94
87 0
87 1
87 2
87 3
87 5
87 12
87 15
87 18
87 20
87 29
87 30
87 34
87 35
87 36
87 38
87 39
87 40
87 50
87 52
87 55
87 56
87 59
87 65
87 67
87 71
87 73
87 78
87 81
87 83
87 84
87 87
87 89
87 92
87 97
87 98
87 99
88 0
88 2
88 4
88 7
88 10
88 14
88 15
88 21
88 23
88 24
88 29
88 31
88 35
88 48
88 49
88 51
88 53
88 61
88 63
88 65
88 67
88 68
88 70
88 72
88 76
88 77
88 85
88 88
88 90
88 91
88 94
88 97
89 1
89 6
89 10
89 12
89 17
89 20
89 23
89 28
89 40
89 46
89 52
89 55
89 56
89 58
89 65
89 66
89 68
89 71
89 76
89 82
89 86
89 90
89 93
89 98
90 0
90 1
90 2
90 4
90 6
90 7
90 10
90 20
90 21
90 25
90 27
90 31
90 32
90 33
90 40
90 42
90 44
90 48
90 51
90 55
90 58
90 62
90 63
90 67
90 68
90 73
90 74
90 77
90 80
90 81
90 84
90 85
90 87
90 88
90 91
90 96
90 97
90 98
91 4
91 6
91 7
91 9
91 12
91 14
91 15
91 17
91 21
91 23
91 26
91 30
91 33
91 38
91 40
91 51
91 52
91 54
91 55
91 56
91 58
91 67
91 68
91 77
91 83
91 84
91 87
91 88
91 92
91 95
91 100
92 4
92 6
92 10
92 13
92 21
92 22
92 25
92 26
92 27
92 32
92 34
92 35
92 36
92 43
92 45
92 47
92 49
92 50
92 53
92 59
92 60
92 68
92 70
92 71
92 72
92 73
92 75
92 77
92 78
92 81
92 86
92 87
92 89
92 94
92 96
92 97
92 100
93 0
93 2
93 4
93 8
93 13
93 14
93 19
93 26
93 29
93 30
93 34
93 36
93 41
93 44
93 47
93 49
93 50
93 51
93 53
93 55
93 61
93 63
93 65
93 69
93 72
93 73
93 75
93 77
93 78
93 80
93 82
93 83
93 87
93 88
93 89
93 90
93 92
93 97
93 98
94 1
94 5
94 10
94 12
94 20
94 23
94 24
94 32
94 33
94 36
94 40
94 42
94 43
94 44
94 46
94 48
94 50
94 51
94 54
94 59
94 65
94 66
94 68
94 76
94 77
94 81
94 87
94 90
94 93
95 6
95 15
95 20
95 24
95 25
95 26
95 28
95 42
95 45
95 48
95 49
95 53
95 56
95 60
95 63
95 64
95 66
95 67
95 75
95 76
95 77
95 78
95 81
95 83
95 85
95 90
95 92
95 94
95 96
95 98
96 1
96 2
96 3
96 9
96 31
96 32
96 34
96 39
96 45
96 48
96 53
96 56
96 57
96 58
96 60
96 62
96 64
96 66
96 69
96 73
96 76
96 77
96 83
96 85
96 88
96 93
97 0
97 2
97 8
97 11
97 12
97 13
97 19
97 27
97 29
97 31
97 34
97 36
97 38
97 41
97 45
97 47
97 48
97 54
97 55
97 57
97 69
97 70
97 71
97 72
97 73
97 74
97 80
97 88
97 89
97 94
97 98
97 99
98 1
98 2
98 7
98 8
98 14
98 17
98 23
98 24
98 26
98 35
98 38
98 41
98 43
98 49
98 59
98 60
98 63
98 66
98 69
98 74
98 75
98 81
98 82
98 83
98 85
98 87
98 90
98 92
98 93
98 94
98 96
99 0
99 14
99 22
99 25
99 27
99 31
99 32
99 33
99 34
99 37
99 38
99 46
99 55
99 73
99 75
99 82
99 84
99 85
99 92
100 0
100 1
100 2
100 4
100 6
100 9
100 19
100 21
100 26
100 27
100 28
100 40
100 42
100 44
100 46
100 47
100 48
100 49
100 54
100 58
100 59
100 61
100 63
100 66
100 69
100 73
100 77
100 79
100 81
100 82
100 83
100 91
100 93
100 94
100 97
