0 3
0 5
0 9
0 17
0 18
0 20
0 27
0 46
0 47
0 49
0 53
0 54
0 57
0 58
0 59
0 60
0 64
0 71
0 72
0 73
0 74
0 81
0 84
0 86
0 90
0 91
0 94
0 96
0 100
1 5
1 14
1 15
1 16
1 17
1 19
1 21
1 23
1 29
1 30
1 37
1 42
1 45
1 47
1 50
1 52
1 56
1 57
1 60
1 65
1 66
1 68
1 76
1 81
1 82
1 86
1 88
1 92
1 94
1 96
2 0
2 6
2 9
2 11
2 15
2 20
2 21
2 23
2 24
2 31
2 32
2 38
2 43
2 44
2 50
2 55
2 57
2 58
2 59
2 68
2 71
2 81
2 85
2 90
2 92
2 98
2 100
3 0
3 4
3 5
3 7
3 12
3 14
3 17
3 30
3 31
3 34
3 37
3 39
3 44
3 50
3 52
3 57
3 58
3 60
3 68
3 72
3 74
3 80
3 82
3 83
3 86
3 89
3 90
3 97
3 100
4 1
4 4
4 6
4 7
4 8
4 9
4 11
4 14
4 15
4 16
4 17
4 18
4 21
4 22
4 24
4 26
4 27
4 28
4 32
4 33
4 35
4 43
4 45
4 49
4 53
4 55
4 59
4 68
4 75
4 78
4 80
4 84
4 88
4 95
4 99
5 3
5 9
5 10
5 15
5 20
5 24
5 29
5 30
5 31
5 35
5 36
5 39
5 44
5 45
5 50
5 53
5 54
5 62
5 63
5 64
5 65
5 68
5 69
5 70
5 71
5 79
5 80
5 83
5 86
5 87
5 89
5 96
5 97
6 0
6 5
6 9
6 11
6 12
6 23
6 28
6 29
6 36
6 39
6 40
6 51
6 55
6 61
6 65
6 67
6 68
6 75
6 80
6 82
6 87
6 94
6 99
7 5
7 7
7 8
7 11
7 14
7 16
7 17
7 18
7 23
7 25
7 27
7 40
7 42
7 51
7 53
7 54
7 56
7 59
7 67
7 77
7 78
7 82
7 83
7 84
7 86
7 87
7 89
7 93
7 94
7 100
8 1
8 3
8 8
8 9
8 18
8 19
8 21
8 27
8 28
8 29
8 30
8 31
8 32
8 36
8 37
8 42
8 46
8 47
8 48
8 50
8 57
8 59
8 60
8 62
8 66
8 67
8 74
8 76
8 77
8 82
8 84
8 85
8 86
8 87
8 90
8 95
9 2
9 6
9 7
9 8
9 9
9 11
9 16
9 20
9 29
9 30
9 33
9 34
9 37
9 38
9 39
9 41
9 42
9 47
9 48
9 50
9 52
9 53
9 57
9 74
9 75
9 77
9 82
9 84
9 85
9 86
9 87
9 88
9 89
9 90
9 91
9 92
9 96
9 97
9 100
10 5
10 7
10 8
10 9
10 10
10 11
10 17
10 19
10 20
10 26
10 28
10 29
10 31
10 33
10 35
10 36
10 37
10 38
10 47
10 50
10 51
10 52
10 54
10 60
10 64
10 65
10 69
10 70
10 72
10 76
10 77
10 81
10 88
10 92
10 96
10 98
10 100
11 1
11 4
11 9
11 11
11 12
11 13
11 16
11 19
11 22
11 25
11 26
11 31
11 36
11 38
11 40
11 47
11 48
11 54
11 55
11 59
11 60
11 62
11 65
11 68
11 70
11 71
11 85
11 87
11 88
11 93
11 94
11 96
12 8
12 17
12 18
12 19
12 24
12 25
12 30
12 34
12 35
12 38
12 39
12 43
12 48
12 49
12 53
12 54
12 55
12 56
12 58
12 62
12 67
12 68
12 72
12 74
12 76
12 78
12 81
12 84
12 85
12 90
12 91
12 92
12 94
12 96
13 2
13 3
13 4
13 9
13 13
13 14
13 17
13 21
13 22
13 27
13 28
13 32
13 33
13 36
13 40
13 41
13 42
13 43
13 44
13 46
13 50
13 51
13 52
13 53
13 54
13 55
13 57
13 60
13 62
13 63
13 68
13 70
13 73
13 74
13 83
13 84
13 86
13 92
13 98
14 0
14 1
14 2
14 5
14 7
14 11
14 12
14 13
14 16
14 19
14 21
14 22
14 33
14 36
14 38
14 44
14 56
14 58
14 65
14 66
14 69
14 73
14 85
14 86
14 90
14 100
15 0
15 1
15 3
15 4
15 9
15 11
15 14
15 26
15 32
15 33
15 37
15 38
15 39
15 41
15 42
15 44
15 47
15 49
15 53
15 55
15 56
15 61
15 67
15 69
15 70
15 72
15 78
15 80
15 84
15 88
15 93
15 94
15 96
15 99
16 0
16 1
16 2
16 4
16 5
16 6
16 7
16 10
16 11
16 16
16 17
16 22
16 25
16 26
16 32
16 35
16 36
16 39
16 41
16 43
16 45
16 46
16 52
16 54
16 56
16 58
16 59
16 68
16 69
16 74
16 76
16 78
16 80
16 85
16 90
16 92
16 98
16 99
17 1
17 4
17 5
17 7
17 9
17 13
17 19
17 22
17 24
17 25
17 28
17 29
17 34
17 37
17 38
17 39
17 41
17 42
17 44
17 47
17 48
17 51
17 56
17 62
17 65
17 69
17 70
17 78
17 80
17 83
17 85
17 91
17 93
17 96
17 100
18 0
18 10
18 13
18 14
18 24
18 27
18 29
18 33
18 37
18 41
18 43
18 45
18 52
18 53
18 54
18 56
18 57
18 62
18 71
18 79
18 82
18 89
18 90
18 91
18 92
18 94
18 95
18 97
18 99
18 100
19 0
19 2
19 4
19 10
19 14
19 15
19 19
19 22
19 23
19 34
19 38
19 39
19 44
19 45
19 47
19 48
19 50
19 58
19 59
19 60
19 68
19 70
19 77
19 79
19 80
19 81
19 83
19 84
19 86
19 87
19 88
19 89
19 90
19 92
19 99
20 2
20 3
20 7
20 8
20 12
20 22
20 28
20 30
20 32
20 38
20 41
20 42
20 54
20 56
20 62
20 63
20 64
20 72
20 73
20 74
20 76
20 80
20 82
20 90
20 91
20 95
20 97
20 100
21 0
21 1
21 11
21 20
21 24
21 25
21 27
21 28
21 35
21 40
21 41
21 43
21 45
21 46
21 47
21 48
21 49
21 54
21 61
21 68
21 80
21 83
21 85
21 86
21 87
21 88
21 92
21 94
21 97
21 100
22 7
22 8
22 12
22 14
22 15
22 17
22 19
22 20
22 22
22 30
22 31
22 32
22 34
22 35
22 42
22 53
22 55
22 56
22 59
22 60
22 63
22 66
22 73
22 77
22 82
22 84
22 91
22 93
22 95
22 96
22 97
23 6
23 10
23 15
23 16
23 18
23 19
23 21
23 22
23 24
23 33
23 36
23 45
23 46
23 47
23 49
23 51
23 52
23 54
23 58
23 59
23 62
23 64
23 66
23 69
23 77
23 78
23 79
23 80
23 88
23 92
23 94
23 97
23 98
23 99
23 100
24 0
24 1
24 2
24 5
24 6
24 11
24 20
24 21
24 22
24 24
24 36
24 46
24 49
24 50
24 51
24 52
24 57
24 59
24 62
24 63
24 66
24 68
24 72
24 74
24 76
24 92
24 95
24 99
25 0
25 1
25 7
25 8
25 10
25 15
25 16
25 18
25 22
25 23
25 26
25 27
25 28
25 30
25 34
25 35
25 36
25 38
25 43
25 53
25 60
25 64
25 65
25 68
25 72
25 74
25 77
25 80
25 82
25 85
25 87
25 88
25 89
25 90
25 92
25 99
25 100
26 6
26 8
26 10
26 12
26 21
26 23
26 26
26 29
26 30
26 32
26 35
26 42
26 43
26 47
26 54
26 58
26 59
26 65
26 66
26 70
26 72
26 77
26 84
26 87
26 88
26 90
26 93
26 94
26 98
27 2
27 4
27 7
27 12
27 13
27 17
27 21
27 23
27 26
27 27
27 32
27 33
27 36
27 37
27 41
27 44
27 51
27 53
27 57
27 61
27 64
27 67
27 69
27 73
27 75
27 76
27 79
27 80
27 84
27 87
27 90
27 93
27 98
27 99
28 0
28 2
28 3
28 4
28 8
28 20
28 23
28 25
28 29
28 37
28 49
28 55
28 56
28 58
28 59
28 61
28 62
28 66
28 69
28 72
28 73
28 84
28 86
28 89
28 95
28 96
28 99
29 0
29 3
29 8
29 10
29 16
29 19
29 23
29 24
29 28
29 34
29 36
29 37
29 38
29 41
29 42
29 46
29 52
29 57
29 64
29 66
29 67
29 73
29 74
29 76
29 77
29 83
29 89
29 92
29 96
29 98
30 7
30 8
30 10
30 12
30 15
30 20
30 21
30 26
30 36
30 37
30 38
30 39
30 41
30 47
30 51
30 55
30 57
30 61
30 62
30 63
30 73
30 79
30 83
30 88
30 89
30 92
30 93
30 95
30 97
31 3
31 5
31 7
31 9
31 10
31 11
31 13
31 15
31 19
31 22
31 25
31 31
31 35
31 40
31 41
31 42
31 45
31 48
31 50
31 51
31 53
31 57
31 58
31 61
31 62
31 64
31 68
31 69
31 71
31 75
31 78
31 84
31 85
31 89
31 97
32 3
32 5
32 9
32 16
32 17
32 18
32 22
32 25
32 27
32 28
32 29
32 30
32 33
32 40
32 46
32 48
32 49
32 54
32 57
32 62
32 67
32 69
32 70
32 71
32 73
32 74
32 76
32 81
32 84
32 86
32 88
32 91
33 0
33 1
33 2
33 4
33 12
33 13
33 14
33 15
33 16
33 17
33 23
33 25
33 27
33 28
33 29
33 31
33 33
33 38
33 40
33 43
33 44
33 46
33 47
33 50
33 52
33 63
33 65
33 70
33 75
33 82
33 84
33 85
33 87
33 88
33 91
34 1
34 6
34 7
34 8
34 13
34 15
34 18
34 24
34 30
34 31
34 32
34 33
34 39
34 40
34 45
34 46
34 47
34 48
34 53
34 57
34 59
34 61
34 67
34 71
34 72
34 73
34 74
34 76
34 78
34 80
34 81
34 83
34 84
34 86
34 91
34 93
34 95
34 99
35 6
35 7
35 8
35 11
35 13
35 19
35 23
35 24
35 31
35 34
35 35
35 40
35 46
35 47
35 49
35 52
35 53
35 54
35 59
35 67
35 69
35 70
35 71
35 75
35 77
35 82
35 83
35 84
35 85
35 88
35 92
35 98
36 7
36 17
36 18
36 28
36 29
36 33
36 38
36 39
36 40
36 42
36 43
36 46
36 48
36 52
36 53
36 55
36 57
36 59
36 64
36 72
36 73
36 86
36 91
36 97
36 99
37 10
37 21
37 22
37 24
37 31
37 36
37 37
37 44
37 45
37 48
37 52
37 55
37 65
37 66
37 68
37 70
37 71
37 74
37 75
37 78
37 90
37 97
37 100
38 0
38 1
38 2
38 3
38 4
38 5
38 8
38 11
38 12
38 13
38 14
38 17
38 18
38 19
38 22
38 26
38 27
38 29
38 31
38 33
38 34
38 40
38 43
38 45
38 46
38 47
38 51
38 52
38 53
38 62
38 69
38 74
38 75
38 77
38 83
38 84
38 89
38 93
38 94
38 95
38 96
38 97
39 3
39 4
39 10
39 12
39 18
39 20
39 22
39 26
39 36
39 38
39 39
39 45
39 46
39 48
39 49
39 51
39 53
39 55
39 56
39 59
39 60
39 63
39 69
39 70
39 75
39 77
39 78
39 79
39 84
39 87
39 88
39 89
39 90
39 92
39 94
39 100
40 3
40 5
40 6
40 19
40 25
40 26
40 28
40 32
40 34
40 36
40 37
40 38
40 40
40 43
40 47
40 51
40 52
40 54
40 64
40 68
40 71
40 74
40 82
40 88
40 90
40 93
40 94
40 95
40 98
41 0
41 7
41 11
41 16
41 24
41 25
41 33
41 37
41 38
41 39
41 49
41 50
41 56
41 57
41 61
41 64
41 65
41 69
41 74
41 75
41 77
41 80
41 81
41 88
41 90
41 91
41 93
41 100
42 0
42 1
42 2
42 6
42 7
42 9
42 10
42 15
42 20
42 28
42 36
42 38
42 40
42 41
42 43
42 45
42 49
42 51
42 54
42 59
42 60
42 63
42 66
42 68
42 70
42 71
42 73
42 75
42 76
42 77
42 86
42 92
42 93
42 94
43 0
43 1
43 2
43 3
43 6
43 8
43 11
43 12
43 16
43 17
43 22
43 23
43 24
43 29
43 31
43 32
43 33
43 43
43 44
43 52
43 60
43 72
43 75
43 76
43 78
43 80
43 83
43 92
43 93
43 94
43 95
43 96
44 0
44 3
44 4
44 5
44 8
44 13
44 14
44 15
44 16
44 22
44 24
44 25
44 27
44 28
44 29
44 33
44 37
44 40
44 41
44 45
44 50
44 51
44 53
44 54
44 55
44 56
44 57
44 58
44 61
44 64
44 65
44 66
44 69
44 72
44 74
44 77
44 78
44 81
44 84
44 85
44 86
44 87
44 90
44 93
44 94
44 98
45 7
45 8
45 13
45 14
45 16
45 24
45 26
45 32
45 33
45 38
45 46
45 48
45 49
45 52
45 53
45 55
45 60
45 61
45 65
45 66
45 71
45 76
45 80
45 84
45 88
45 89
45 93
45 96
45 97
46 1
46 8
46 10
46 11
46 14
46 22
46 24
46 29
46 32
46 40
46 42
46 44
46 45
46 47
46 48
46 51
46 52
46 56
46 60
46 67
46 69
46 70
46 72
46 77
46 79
46 80
46 85
46 86
46 88
46 92
46 93
46 99
46 100
47 1
47 9
47 19
47 21
47 28
47 29
47 33
47 38
47 39
47 40
47 46
47 49
47 50
47 53
47 65
47 71
47 72
47 75
47 76
47 84
47 89
47 90
47 92
48 2
48 6
48 12
48 15
48 18
48 19
48 22
48 29
48 32
48 34
48 44
48 48
48 50
48 51
48 56
48 59
48 78
48 81
48 82
48 83
48 84
48 91
48 93
48 94
48 96
49 0
49 1
49 2
49 13
49 14
49 15
49 23
49 25
49 29
49 31
49 32
49 34
49 37
49 38
49 41
49 46
49 47
49 48
49 51
49 54
49 61
49 63
49 66
49 70
49 72
49 77
49 79
49 81
49 90
49 95
49 97
49 99
49 100
50 1
50 2
50 3
50 13
50 14
50 17
50 26
50 28
50 29
50 30
50 31
50 33
50 34
50 39
50 45
50 47
50 52
50 53
50 55
50 59
50 60
50 67
50 68
50 69
50 72
50 77
50 80
50 82
50 84
50 87
50 90
50 91
50 93
50 94
50 95
50 97
50 98
50 99
51 0
51 1
51 2
51 5
51 11
51 14
51 17
51 22
51 23
51 26
51 27
51 28
51 29
51 34
51 35
51 44
51 48
51 49
51 52
51 55
51 60
51 61
51 62
51 66
51 73
51 74
51 84
51 86
51 88
51 89
51 93
51 94
51 95
51 98
51 99
52 0
52 1
52 4
52 5
52 6
52 10
52 17
52 18
52 21
52 25
52 29
52 30
52 34
52 35
52 39
52 44
52 47
52 48
52 52
52 53
52 54
52 57
52 58
52 59
52 61
52 64
52 67
52 69
52 71
52 73
52 74
52 75
52 77
52 78
52 81
52 83
52 87
52 95
53 0
53 5
53 12
53 13
53 17
53 21
53 28
53 32
53 36
53 45
53 47
53 52
53 54
53 65
53 70
53 73
53 79
53 88
53 90
53 93
53 95
53 97
53 98
53 100
54 6
54 7
54 14
54 15
54 16
54 19
54 23
54 25
54 27
54 35
54 44
54 49
54 50
54 54
54 55
54 56
54 57
54 58
54 62
54 67
54 70
54 73
54 74
54 75
54 76
54 77
54 78
54 80
54 82
54 84
54 88
54 90
54 94
54 96
54 97
54 98
55 1
55 3
55 6
55 7
55 8
55 11
55 22
55 24
55 25
55 31
55 35
55 49
55 50
55 52
55 55
55 59
55 60
55 63
55 66
55 67
55 72
55 75
55 76
55 77
55 80
55 81
55 84
55 86
55 91
55 94
55 96
55 98
55 100
56 0
56 1
56 2
56 13
56 20
56 24
56 25
56 26
56 27
56 29
56 30
56 32
56 33
56 36
56 37
56 38
56 50
56 51
56 52
56 54
56 57
56 60
56 67
56 77
56 78
56 79
56 85
56 86
56 87
56 89
56 90
56 94
56 96
57 0
57 3
57 4
57 6
57 17
57 21
57 22
57 27
57 28
57 33
57 36
57 49
57 50
57 52
57 63
57 64
57 86
57 91
57 95
57 97
58 0
58 1
58 4
58 8
58 9
58 23
58 24
58 25
58 31
58 32
58 35
58 43
58 46
58 49
58 60
58 63
58 68
58 70
58 74
58 83
58 94
59 1
59 3
59 6
59 9
59 10
59 11
59 12
59 16
59 18
59 26
59 33
59 34
59 35
59 37
59 38
59 41
59 44
59 45
59 47
59 51
59 63
59 66
59 68
59 71
59 75
59 77
59 78
59 80
59 82
59 85
59 87
59 89
59 90
59 95
59 99
60 1
60 3
60 6
60 8
60 9
60 10
60 18
60 26
60 27
60 28
60 30
60 32
60 36
60 37
60 38
60 41
60 45
60 46
60 47
60 50
60 56
60 57
60 59
60 62
60 65
60 74
60 76
60 78
60 81
60 82
60 83
60 88
60 91
60 93
60 94
60 98
60 99
61 2
61 3
61 6
61 10
61 12
61 13
61 17
61 22
61 23
61 24
61 37
61 41
61 46
61 49
61 50
61 52
61 58
61 62
61 64
61 68
61 69
61 71
61 73
61 79
61 80
61 82
61 84
61 85
61 86
61 87
61 94
61 96
61 97
62 1
62 4
62 6
62 8
62 10
62 19
62 20
62 22
62 26
62 28
62 29
62 34
62 42
62 43
62 47
62 50
62 52
62 56
62 58
62 63
62 64
62 65
62 66
62 67
62 72
62 74
62 76
62 78
62 86
62 88
62 89
62 90
62 92
62 94
63 0
63 1
63 2
63 3
63 11
63 12
63 16
63 27
63 33
63 37
63 40
63 46
63 49
63 53
63 66
63 69
63 70
63 77
63 79
63 80
63 83
63 84
63 88
63 92
63 95
63 96
63 100
64 0
64 2
64 6
64 8
64 12
64 14
64 15
64 16
64 20
64 22
64 28
64 37
64 41
64 42
64 49
64 51
64 52
64 59
64 62
64 66
64 67
64 68
64 77
64 78
64 80
64 81
64 83
64 84
64 88
64 89
64 91
64 96
64 98
65 12
65 13
65 14
65 20
65 22
65 25
65 26
65 28
65 35
65 38
65 39
65 40
65 41
65 42
65 44
65 47
65 49
65 50
65 51
65 56
65 60
65 62
65 65
65 69
65 73
65 74
65 77
65 86
65 88
65 92
65 94
66 1
66 3
66 5
66 6
66 8
66 10
66 24
66 25
66 26
66 27
66 30
66 32
66 37
66 39
66 43
66 51
66 55
66 56
66 62
66 69
66 72
66 73
66 80
66 81
66 84
66 85
66 86
66 89
66 90
66 95
66 96
66 100
67 4
67 11
67 14
67 17
67 21
67 26
67 32
67 33
67 35
67 38
67 43
67 44
67 46
67 47
67 48
67 49
67 55
67 56
67 57
67 58
67 61
67 64
67 66
67 70
67 75
67 77
67 78
67 83
67 93
68 2
68 3
68 7
68 20
68 21
68 22
68 26
68 27
68 28
68 38
68 40
68 41
68 44
68 52
68 54
68 55
68 58
68 66
68 67
68 68
68 71
68 74
68 78
68 81
68 82
68 83
68 84
68 85
68 87
68 89
68 92
68 94
68 98
68 99
68 100
69 2
69 11
69 12
69 16
69 17
69 18
69 20
69 21
69 25
69 27
69 30
69 31
69 34
69 35
69 42
69 43
69 44
69 45
69 47
69 48
69 49
69 56
69 65
69 66
69 68
69 69
69 73
69 77
69 82
69 83
69 89
69 90
69 93
69 97
69 100
70 0
70 10
70 11
70 13
70 15
70 16
70 18
70 19
70 26
70 27
70 31
70 33
70 35
70 38
70 52
70 53
70 60
70 65
70 75
70 76
70 80
70 84
70 90
70 95
70 96
71 2
71 3
71 4
71 8
71 15
71 16
71 19
71 21
71 25
71 27
71 28
71 29
71 33
71 42
71 49
71 57
71 58
71 66
71 67
71 69
71 70
71 80
71 81
71 83
71 87
71 90
71 92
71 94
71 97
71 100
72 13
72 16
72 17
72 20
72 26
72 30
72 36
72 42
72 44
72 50
72 56
72 62
72 64
72 69
72 79
72 98
72 100
73 4
73 5
73 10
73 11
73 12
73 14
73 15
73 19
73 21
73 24
73 26
73 33
73 35
73 38
73 41
73 44
73 46
73 52
73 56
73 57
73 59
73 60
73 69
73 71
73 73
73 74
73 77
73 82
73 87
73 92
73 93
73 100
74 0
74 6
74 7
74 8
74 11
74 13
74 14
74 21
74 22
74 24
74 29
74 30
74 32
74 33
74 35
74 38
74 39
74 40
74 45
74 46
74 48
74 50
74 51
74 52
74 59
74 62
74 63
74 64
74 70
74 75
74 85
74 89
74 96
74 99
75 2
75 3
75 8
75 16
75 19
75 21
75 23
75 25
75 27
75 28
75 41
75 44
75 45
75 46
75 57
75 64
75 65
75 70
75 73
75 91
75 95
75 96
76 0
76 2
76 3
76 6
76 13
76 14
76 16
76 20
76 25
76 30
76 31
76 36
76 39
76 43
76 46
76 48
76 57
76 58
76 59
76 62
76 70
76 77
76 78
76 80
76 86
76 89
76 99
77 0
77 5
77 13
77 18
77 19
77 20
77 22
77 23
77 25
77 30
77 31
77 32
77 33
77 36
77 38
77 39
77 47
77 48
77 52
77 55
77 60
77 61
77 72
77 73
77 79
77 80
77 93
77 96
77 97
77 98
77 99
78 5
78 7
78 15
78 18
78 22
78 23
78 24
78 25
78 27
78 30
78 32
78 42
78 45
78 48
78 49
78 53
78 54
78 55
78 58
78 61
78 62
78 68
78 69
78 72
78 73
78 78
78 80
78 81
78 83
78 91
78 93
78 94
78 95
79 1
79 3
79 4
79 9
79 11
79 14
79 15
79 19
79 20
79 31
79 36
79 39
79 43
79 44
79 46
79 47
79 49
79 65
79 71
79 75
79 78
79 80
79 82
79 85
79 87
79 95
79 97
80 2
80 3
80 4
80 5
80 8
80 17
80 18
80 19
80 21
80 24
80 25
80 32
80 35
80 43
80 45
80 49
80 50
80 58
80 72
80 73
80 76
80 79
80 82
80 84
80 85
80 95
80 98
80 99
80 100
81 0
81 6
81 7
81 13
81 16
81 18
81 22
81 23
81 27
81 28
81 29
81 31
81 33
81 40
81 42
81 43
81 45
81 60
81 64
81 68
81 69
81 71
81 73
81 78
81 79
81 80
81 82
81 89
81 96
81 98
81 99
82 0
82 4
82 6
82 8
82 12
82 17
82 19
82 26
82 28
82 31
82 32
82 33
82 40
82 42
82 43
82 44
82 45
82 46
82 47
82 48
82 50
82 55
82 57
82 58
82 60
82 61
82 62
82 66
82 67
82 68
82 69
82 71
82 77
82 83
82 88
82 92
82 93
82 94
83 0
83 6
83 9
83 17
83 18
83 23
83 24
83 26
83 27
83 28
83 30
83 31
83 32
83 33
83 36
83 38
83 41
83 42
83 45
83 46
83 47
83 50
83 52
83 64
83 69
83 72
83 74
83 77
83 86
83 88
83 91
83 97
83 99
84 6
84 12
84 14
84 16
84 18
84 20
84 24
84 25
84 27
84 31
84 32
84 35
84 37
84 42
84 44
84 45
84 48
84 49
84 57
84 58
84 59
84 61
84 64
84 65
84 68
84 71
84 73
84 76
84 77
84 84
84 87
84 92
84 93
84 96
84 97
84 98
85 8
85 13
85 19
85 25
85 26
85 29
85 33
85 43
85 45
85 46
85 48
85 50
85 53
85 54
85 56
85 63
85 65
85 68
85 73
85 75
85 77
85 78
85 83
85 86
85 95
85 100
86 3
86 4
86 7
86 14
86 15
86 19
86 22
86 27
86 30
86 31
86 32
86 34
86 37
86 41
86 44
86 47
86 48
86 49
86 50
86 53
86 54
86 56
86 57
86 63
86 65
86 67
86 69
86 72
86 78
86 85
86 87
86 92
86 94
86 97
87 0
87 2
87 8
87 10
87 11
87 14
87 23
87 26
87 28
87 31
87 34
87 35
87 46
87 53
87 56
87 60
87 61
87 67
87 72
87 73
87 82
87 85
87 90
87 95
87 97
87 99
88 0
88 1
88 3
88 4
88 6
88 9
88 17
88 22
88 27
88 30
88 37
88 38
88 39
88 40
88 42
88 44
88 47
88 48
88 50
88 58
88 67
88 68
88 69
88 70
88 71
88 76
88 79
88 82
88 84
88 91
88 93
88 95
88 98
89 0
89 6
89 18
89 22
89 24
89 27
89 34
89 35
89 36
89 39
89 43
89 44
89 48
89 49
89 53
89 62
89 67
89 68
89 70
89 71
89 81
89 91
89 95
89 100
90 2
90 9
90 10
90 11
90 16
90 18
90 21
90 24
90 26
90 27
90 29
90 31
90 35
90 36
90 39
90 44
90 45
90 48
90 55
90 63
90 64
90 65
90 66
90 68
90 69
90 70
90 71
90 76
90 78
90 79
90 88
90 90
90 97
91 8
91 10
91 13
91 18
91 19
91 20
91 22
91 28
91 32
91 33
91 39
91 40
91 43
91 49
91 51
91 61
91 63
91 65
91 67
91 69
91 70
91 73
91 76
91 80
91 86
91 87
91 90
91 91
91 94
92 1
92 3
92 4
92 6
92 9
92 15
92 16
92 20
92 22
92 29
92 30
92 33
92 40
92 42
92 47
92 50
92 55
92 64
92 65
92 75
92 83
92 84
92 89
92 94
93 2
93 6
93 13
93 18
93 35
93 39
93 42
93 43
93 44
93 47
93 50
93 53
93 57
93 58
93 64
93 66
93 78
93 82
93 84
93 85
93 88
93 89
93 90
93 91
93 94
94 4
94 5
94 9
94 12
94 13
94 17
94 18
94 19
94 22
94 26
94 30
94 33
94 35
94 38
94 43
94 46
94 47
94 49
94 52
94 53
94 54
94 58
94 69
94 70
94 72
94 78
94 79
94 80
94 82
94 88
94 91
94 93
94 96
95 6
95 10
95 15
95 16
95 17
95 30
95 36
95 44
95 45
95 48
95 49
95 51
95 52
95 56
95 58
95 59
95 61
95 64
95 79
95 83
95 84
95 85
95 86
95 87
95 94
95 95
95 96
95 97
95 98
95 99
96 1
96 3
96 4
96 5
96 7
96 8
96 9
96 10
96 16
96 19
96 27
96 28
96 31
96 32
96 39
96 40
96 44
96 45
96 55
96 66
96 74
96 77
96 80
96 83
96 85
96 86
96 99
97 1
97 6
97 7
97 20
97 23
97 31
97 32
97 34
97 54
97 56
97 61
97 62
97 63
97 64
97 65
97 67
97 68
97 69
97 72
97 76
97 77
97 83
97 84
97 85
97 86
97 90
98 1
98 4
98 7
98 15
98 21
98 22
98 25
98 26
98 28
98 38
98 47
98 49
98 52
98 57
98 58
98 59
98 61
98 62
98 70
98 71
98 84
98 87
98 92
98 94
98 95
98 98
99 0
99 1
99 2
99 5
99 6
99 7
99 11
99 22
99 24
99 25
99 30
99 35
99 37
99 38
99 43
99 47
99 48
99 50
99 57
99 62
99 64
99 70
99 74
99 81
99 88
99 93
99 94
99 96
99 100
100 4
100 7
100 11
100 12
100 16
100 20
100 21
100 29
100 31
100 38
100 39
100 44
100 49
100 54
100 58
100 64
100 71
100 77
100 98
100 100
