0 1
0 2
0 8
0 11
0 17
0 18
0 21
0 24
0 37
0 38
0 47
0 49
0 51
0 54
0 56
0 58
0 60
0 61
0 68
0 70
0 71
0 72
0 78
0 80
0 83
0 91
0 93
0 94
0 96
0 99
1 2
1 6
1 9
1 10
1 11
1 14
1 15
1 16
1 22
1 23
1 24
1 25
1 28
1 29
1 30
1 38
1 42
1 43
1 48
1 57
1 58
1 62
1 64
1 69
1 70
1 75
1 77
1 79
1 81
1 84
1 87
1 89
1 90
1 92
1 93
1 95
1 99
1 100
2 3
2 8
2 11
2 17
2 18
2 19
2 20
2 21
2 22
2 24
2 26
2 27
2 31
2 32
2 33
2 34
2 35
2 44
2 46
2 47
2 48
2 50
2 54
2 64
2 69
2 71
2 73
2 75
2 77
2 84
2 88
2 89
2 90
2 93
3 5
3 6
3 10
3 22
3 23
3 28
3 32
3 34
3 41
3 43
3 44
3 45
3 46
3 47
3 50
3 52
3 53
3 58
3 67
3 71
3 72
3 73
3 74
3 75
3 82
3 83
3 88
3 89
3 92
3 97
3 98
3 100
4 3
4 4
4 5
4 9
4 12
4 13
4 15
4 17
4 29
4 31
4 34
4 37
4 43
4 45
4 48
4 50
4 51
4 54
4 55
4 56
4 57
4 58
4 59
4 61
4 64
4 65
4 74
4 78
4 79
4 83
4 86
4 90
4 91
4 96
4 100
5 0
5 1
5 2
5 3
5 5
5 7
5 8
5 9
5 10
5 14
5 24
5 25
5 28
5 30
5 35
5 36
5 37
5 38
5 39
5 43
5 44
5 45
5 53
5 66
5 77
5 79
5 83
5 84
5 87
5 90
5 92
5 98
6 0
6 2
6 4
6 8
6 15
6 17
6 23
6 28
6 32
6 33
6 34
6 37
6 41
6 49
6 56
6 59
6 61
6 65
6 68
6 69
6 70
6 73
6 82
6 84
6 85
6 88
6 91
6 95
6 97
7 4
7 13
7 17
7 24
7 27
7 33
7 34
7 35
7 38
7 46
7 52
7 56
7 62
7 66
7 73
7 75
7 77
7 84
7 85
7 96
7 97
7 100
8 1
8 2
8 4
8 6
8 10
8 16
8 27
8 28
8 31
8 32
8 34
8 35
8 37
8 41
8 51
8 52
8 59
8 60
8 65
8 69
8 70
8 71
8 80
8 88
8 89
8 96
8 99
9 2
9 3
9 5
9 9
9 10
9 11
9 18
9 19
9 24
9 34
9 35
9 39
9 40
9 43
9 44
9 50
9 52
9 56
9 59
9 60
9 68
9 70
9 71
9 75
9 81
9 86
9 88
9 90
9 91
9 95
10 2
10 5
10 12
10 16
10 20
10 23
10 24
10 38
10 49
10 52
10 53
10 54
10 55
10 58
10 63
10 68
10 74
10 75
10 84
10 88
10 90
10 92
10 95
11 1
11 5
11 9
11 10
11 12
11 14
11 17
11 19
11 25
11 28
11 30
11 33
11 35
11 36
11 39
11 44
11 46
11 47
11 49
11 58
11 59
11 66
11 67
11 72
11 78
11 81
11 83
11 84
11 85
11 87
11 89
11 91
11 92
11 94
11 95
11 97
12 6
12 10
12 14
12 17
12 20
12 22
12 24
12 25
12 30
12 34
12 35
12 36
12 37
12 41
12 43
12 44
12 47
12 48
12 50
12 56
12 59
12 62
12 65
12 69
12 74
12 78
12 80
12 81
12 89
12 93
12 96
12 99
12 100
13 1
13 7
13 15
13 17
13 18
13 23
13 25
13 28
13 33
13 40
13 41
13 48
13 52
13 54
13 56
13 62
13 66
13 67
13 71
13 73
13 74
13 82
13 84
13 88
13 90
13 91
13 96
14 6
14 13
14 27
14 34
14 35
14 37
14 48
14 51
14 53
14 54
14 57
14 58
14 65
14 69
14 75
14 79
14 82
14 84
14 86
14 87
14 88
14 96
14 97
14 100
15 6
15 8
15 10
15 13
15 17
15 25
15 26
15 32
15 35
15 37
15 38
15 41
15 44
15 47
15 53
15 59
15 66
15 68
15 70
15 75
15 81
15 82
15 83
15 86
15 87
15 88
15 99
16 7
16 12
16 21
16 23
16 28
16 29
16 30
16 32
16 33
16 34
16 40
16 41
16 43
16 48
16 49
16 50
16 65
16 70
16 72
16 74
16 76
16 78
16 80
16 87
16 90
16 94
16 99
16 100
17 7
17 11
17 13
17 14
17 18
17 19
17 24
17 25
17 29
17 30
17 31
17 34
17 39
17 42
17 43
17 55
17 56
17 60
17 61
17 63
17 65
17 81
17 89
17 91
17 93
17 100
18 5
18 8
18 13
18 15
18 20
18 21
18 35
18 38
18 39
18 48
18 50
18 63
18 69
18 70
18 74
18 75
18 79
18 86
18 93
19 6
19 13
19 15
19 27
19 28
19 29
19 32
19 33
19 34
19 35
19 36
19 41
19 45
19 47
19 54
19 57
19 61
19 67
19 69
19 80
19 81
19 86
19 88
19 100
20 2
20 11
20 12
20 17
20 25
20 28
20 29
20 31
20 33
20 34
20 37
20 41
20 42
20 44
20 46
20 47
20 50
20 51
20 53
20 54
20 69
20 70
20 71
20 77
20 78
20 82
20 84
20 85
20 89
20 91
20 98
20 99
21 0
21 3
21 9
21 13
21 14
21 22
21 23
21 26
21 27
21 28
21 31
21 33
21 39
21 41
21 47
21 57
21 58
21 59
21 62
21 65
21 77
21 78
21 87
21 91
21 93
21 96
21 97
22 0
22 1
22 5
22 10
22 18
22 20
22 22
22 26
22 29
22 32
22 33
22 35
22 41
22 43
22 44
22 49
22 57
22 61
22 62
22 64
22 68
22 72
22 76
22 78
22 79
22 80
22 83
22 85
22 87
22 89
22 90
22 91
22 92
22 96
23 3
23 6
23 9
23 12
23 14
23 22
23 23
23 25
23 31
23 45
23 47
23 53
23 54
23 58
23 59
23 69
23 74
23 76
23 77
23 78
23 79
23 80
23 84
23 91
23 96
24 1
24 2
24 3
24 6
24 9
24 13
24 15
24 16
24 21
24 24
24 25
24 26
24 27
24 32
24 35
24 42
24 52
24 53
24 60
24 71
24 72
24 80
24 85
24 89
24 97
24 98
24 99
25 1
25 17
25 22
25 23
25 29
25 30
25 31
25 35
25 36
25 43
25 48
25 49
25 54
25 58
25 61
25 62
25 65
25 68
25 69
25 73
25 79
25 81
25 82
25 86
25 87
25 88
25 96
25 97
25 98
26 0
26 1
26 2
26 3
26 4
26 7
26 9
26 11
26 14
26 15
26 18
26 24
26 25
26 29
26 30
26 33
26 35
26 49
26 56
26 58
26 59
26 65
26 73
26 76
26 80
26 85
26 94
26 99
26 100
27 6
27 8
27 13
27 15
27 16
27 18
27 22
27 23
27 26
27 30
27 33
27 36
27 39
27 45
27 46
27 47
27 48
27 49
27 53
27 60
27 62
27 63
27 68
27 69
27 78
27 80
27 89
27 98
27 100
28 0
28 3
28 4
28 11
28 19
28 21
28 22
28 26
28 31
28 34
28 35
28 40
28 47
28 51
28 56
28 60
28 63
28 66
28 69
28 70
28 72
28 77
28 78
28 83
28 89
28 91
28 95
28 97
28 99
29 1
29 3
29 6
29 7
29 16
29 19
29 28
29 29
29 30
29 31
29 35
29 41
29 44
29 45
29 48
29 54
29 65
29 67
29 69
29 72
29 76
29 85
29 87
29 89
29 90
29 93
29 94
29 99
30 0
30 5
30 8
30 11
30 17
30 18
30 20
30 21
30 22
30 24
30 26
30 32
30 36
30 38
30 44
30 47
30 50
30 53
30 58
30 59
30 61
30 65
30 68
30 69
30 70
30 73
30 76
30 88
30 93
31 0
31 2
31 3
31 6
31 7
31 10
31 11
31 14
31 22
31 23
31 24
31 25
31 26
31 28
31 31
31 39
31 47
31 49
31 57
31 59
31 61
31 63
31 64
31 66
31 72
31 79
31 84
31 87
31 90
31 94
31 97
31 100
32 1
32 3
32 10
32 12
32 13
32 23
32 25
32 28
32 30
32 31
32 32
32 34
32 37
32 38
32 40
32 41
32 43
32 47
32 55
32 56
32 57
32 62
32 67
32 68
32 69
32 70
32 75
32 82
32 84
32 86
32 89
32 90
32 93
32 96
33 1
33 2
33 8
33 14
33 15
33 18
33 21
33 23
33 24
33 26
33 36
33 43
33 47
33 49
33 52
33 53
33 63
33 66
33 67
33 71
33 84
33 88
33 89
33 92
33 93
33 100
34 1
34 2
34 11
34 12
34 13
34 14
34 16
34 17
34 20
34 22
34 24
34 29
34 30
34 33
34 36
34 37
34 42
34 44
34 49
34 52
34 54
34 58
34 59
34 60
34 62
34 66
34 68
34 73
34 75
34 76
34 77
34 83
34 86
34 89
34 92
34 94
34 95
35 2
35 3
35 4
35 5
35 6
35 7
35 9
35 16
35 25
35 26
35 27
35 39
35 41
35 44
35 50
35 51
35 54
35 59
35 63
35 67
35 71
35 72
35 74
35 75
35 76
35 88
35 90
35 93
35 97
35 99
35 100
36 5
36 10
36 13
36 14
36 16
36 17
36 21
36 23
36 24
36 27
36 28
36 35
36 38
36 42
36 43
36 48
36 49
36 53
36 56
36 59
36 60
36 61
36 63
36 66
36 67
36 69
36 82
36 85
36 94
36 96
37 2
37 4
37 15
37 16
37 19
37 20
37 21
37 22
37 24
37 27
37 28
37 30
37 35
37 38
37 42
37 43
37 48
37 50
37 53
37 55
37 57
37 60
37 61
37 62
37 64
37 67
37 68
37 69
37 70
37 77
37 84
37 91
37 92
37 93
37 100
38 2
38 3
38 4
38 8
38 15
38 21
38 23
38 33
38 38
38 39
38 48
38 54
38 58
38 62
38 63
38 67
38 69
38 70
38 74
38 75
38 81
38 82
38 91
38 92
38 93
38 100
39 2
39 13
39 20
39 23
39 25
39 27
39 29
39 32
39 33
39 35
39 37
39 39
39 40
39 42
39 44
39 49
39 50
39 61
39 65
39 69
39 72
39 76
39 82
39 86
39 89
39 91
39 97
40 0
40 8
40 17
40 20
40 23
40 30
40 38
40 49
40 52
40 53
40 57
40 64
40 67
40 69
40 71
40 72
40 75
40 77
40 78
40 82
40 83
40 84
40 85
40 86
40 87
40 90
40 91
40 98
40 100
41 0
41 3
41 10
41 11
41 21
41 23
41 24
41 25
41 26
41 30
41 34
41 36
41 37
41 42
41 44
41 47
41 55
41 57
41 63
41 65
41 66
41 67
41 69
41 70
41 71
41 78
41 81
41 82
41 86
41 93
41 97
41 100
42 1
42 4
42 9
42 10
42 12
42 13
42 14
42 18
42 30
42 34
42 37
42 39
42 41
42 44
42 45
42 46
42 48
42 49
42 50
42 54
42 59
42 63
42 64
42 66
42 67
42 69
42 72
42 76
42 88
42 91
42 95
42 98
43 3
43 5
43 7
43 9
43 16
43 18
43 22
43 25
43 26
43 27
43 31
43 36
43 37
43 38
43 40
43 41
43 46
43 49
43 50
43 51
43 52
43 55
43 59
43 60
43 66
43 67
43 72
43 75
43 76
43 80
43 81
43 84
43 86
43 87
43 90
43 92
43 93
43 94
43 97
44 1
44 2
44 3
44 5
44 8
44 10
44 19
44 22
44 26
44 29
44 31
44 32
44 33
44 40
44 41
44 44
44 50
44 51
44 53
44 55
44 66
44 68
44 71
44 76
44 81
44 91
44 92
44 95
44 97
44 98
45 0
45 1
45 3
45 14
45 17
45 20
45 28
45 29
45 33
45 35
45 39
45 40
45 46
45 50
45 55
45 64
45 72
45 74
45 75
45 76
45 79
45 80
45 82
45 86
45 87
45 93
46 14
46 15
46 16
46 20
46 22
46 26
46 31
46 32
46 33
46 36
46 37
46 38
46 39
46 40
46 43
46 45
46 46
46 48
46 49
46 51
46 53
46 65
46 67
46 69
46 78
46 80
46 83
46 85
46 87
46 88
46 100
47 7
47 18
47 19
47 22
47 26
47 28
47 32
47 36
47 39
47 41
47 42
47 46
47 49
47 55
47 62
47 64
47 68
47 69
47 71
47 73
47 78
47 82
47 83
47 84
47 85
47 89
47 91
48 0
48 1
48 5
48 7
48 8
48 14
48 17
48 20
48 21
48 22
48 24
48 26
48 40
48 43
48 44
48 45
48 52
48 56
48 57
48 58
48 60
48 61
48 62
48 66
48 77
48 82
48 83
48 84
48 89
49 2
49 3
49 5
49 6
49 9
49 12
49 13
49 19
49 25
49 26
49 42
49 44
49 47
49 53
49 55
49 56
49 57
49 61
49 66
49 67
49 73
49 83
49 89
49 96
50 4
50 5
50 11
50 12
50 17
50 20
50 23
50 28
50 35
50 36
50 37
50 43
50 56
50 57
50 60
50 61
50 65
50 66
50 67
50 68
50 71
50 75
50 79
50 81
50 86
50 88
50 93
50 97
50 99
51 6
51 7
51 21
51 22
51 25
51 27
51 33
51 35
51 37
51 39
51 42
51 44
51 51
51 56
51 57
51 58
51 59
51 60
51 61
51 62
51 66
51 68
51 70
51 71
51 72
51 73
51 89
51 93
51 99
52 0
52 3
52 5
52 17
52 26
52 27
52 28
52 29
52 35
52 40
52 44
52 51
52 60
52 63
52 65
52 67
52 68
52 73
52 74
52 78
52 82
52 83
52 84
52 85
52 90
52 97
53 0
53 1
53 4
53 5
53 7
53 9
53 11
53 12
53 13
53 16
53 23
53 24
53 25
53 26
53 27
53 28
53 30
53 31
53 34
53 35
53 38
53 42
53 49
53 52
53 53
53 55
53 57
53 58
53 61
53 64
53 65
53 70
53 87
53 90
53 92
53 97
53 100
54 2
54 4
54 10
54 13
54 15
54 16
54 25
54 28
54 30
54 31
54 38
54 52
54 53
54 62
54 63
54 64
54 66
54 67
54 69
54 73
54 75
54 83
54 84
54 85
54 86
54 94
54 98
54 100
55 0
55 4
55 5
55 6
55 7
55 9
55 11
55 16
55 20
55 23
55 26
55 27
55 32
55 43
55 56
55 58
55 60
55 61
55 64
55 66
55 69
55 70
55 71
55 77
55 79
55 84
55 88
55 90
55 92
55 96
55 99
56 0
56 4
56 6
56 9
56 17
56 19
56 21
56 27
56 28
56 29
56 31
56 37
56 38
56 41
56 42
56 45
56 46
56 50
56 54
56 56
56 58
56 60
56 69
56 76
56 83
56 84
56 87
56 93
56 99
57 1
57 3
57 7
57 10
57 13
57 14
57 15
57 21
57 25
57 29
57 43
57 45
57 47
57 52
57 56
57 65
57 67
57 68
57 71
57 72
57 75
57 77
57 78
57 79
57 81
57 84
57 85
57 86
57 88
57 97
58 2
58 3
58 5
58 8
58 14
58 16
58 21
58 32
58 34
58 35
58 37
58 42
58 43
58 44
58 48
58 52
58 53
58 55
58 58
58 66
58 68
58 72
58 75
58 81
58 86
58 88
58 91
58 93
58 97
58 98
59 0
59 1
59 11
59 12
59 14
59 17
59 20
59 23
59 26
59 34
59 35
59 49
59 52
59 55
59 56
59 57
59 61
59 62
59 65
59 66
59 67
59 70
59 71
59 72
59 75
59 81
59 84
59 85
59 89
60 2
60 7
60 10
60 13
60 17
60 19
60 25
60 27
60 29
60 30
60 32
60 35
60 39
60 46
60 48
60 49
60 50
60 51
60 54
60 56
60 57
60 62
60 63
60 64
60 68
60 71
60 72
60 74
60 78
60 84
60 85
60 87
60 88
60 97
60 98
61 1
61 3
61 12
61 13
61 20
61 21
61 23
61 28
61 29
61 34
61 42
61 47
61 50
61 51
61 56
61 64
61 77
61 78
61 82
61 83
61 84
61 88
61 93
61 96
61 97
61 98
62 6
62 7
62 8
62 10
62 11
62 12
62 13
62 14
62 15
62 19
62 21
62 22
62 24
62 26
62 27
62 28
62 29
62 34
62 41
62 42
62 45
62 46
62 47
62 48
62 51
62 54
62 56
62 58
62 59
62 61
62 62
62 64
62 67
62 73
62 76
62 77
62 81
62 82
62 84
62 89
62 90
62 99
63 2
63 4
63 7
63 15
63 17
63 18
63 20
63 21
63 27
63 28
63 29
63 30
63 34
63 35
63 40
63 43
63 45
63 47
63 49
63 51
63 52
63 55
63 58
63 59
63 63
63 66
63 71
63 74
63 80
63 81
63 82
63 93
63 98
64 1
64 4
64 6
64 13
64 19
64 23
64 31
64 39
64 42
64 43
64 44
64 46
64 47
64 48
64 56
64 58
64 59
64 61
64 62
64 65
64 68
64 75
64 76
64 77
64 88
64 90
64 91
64 93
64 94
64 95
65 4
65 6
65 8
65 9
65 10
65 14
65 19
65 20
65 24
65 26
65 31
65 33
65 34
65 35
65 39
65 42
65 44
65 52
65 60
65 62
65 65
65 66
65 72
65 73
65 77
65 78
65 82
65 83
65 84
65 85
65 90
65 92
65 93
65 94
65 95
65 97
65 98
65 99
66 4
66 10
66 11
66 12
66 14
66 16
66 17
66 18
66 20
66 25
66 28
66 30
66 37
66 38
66 42
66 43
66 45
66 46
66 47
66 58
66 62
66 64
66 71
66 73
66 76
66 82
66 84
66 87
66 89
66 90
66 93
66 96
66 97
66 99
66 100
67 5
67 9
67 12
67 13
67 19
67 21
67 22
67 30
67 32
67 37
67 43
67 50
67 66
67 67
67 70
67 71
67 72
67 75
67 81
67 86
67 95
67 97
67 98
67 99
68 0
68 3
68 5
68 8
68 10
68 13
68 19
68 29
68 32
68 43
68 57
68 60
68 65
68 67
68 72
68 75
68 76
68 79
68 82
68 89
68 91
68 93
68 100
69 0
69 2
69 4
69 8
69 16
69 19
69 23
69 26
69 27
69 28
69 31
69 36
69 40
69 44
69 47
69 48
69 56
69 57
69 63
69 69
69 71
69 73
69 84
69 86
69 89
69 91
69 93
69 95
69 96
70 4
70 12
70 16
70 26
70 28
70 31
70 32
70 38
70 41
70 44
70 46
70 47
70 48
70 49
70 53
70 58
70 59
70 62
70 64
70 65
70 66
70 68
70 71
70 75
70 85
70 96
70 99
71 1
71 2
71 3
71 4
71 5
71 10
71 12
71 13
71 14
71 16
71 17
71 20
71 24
71 31
71 39
71 41
71 49
71 50
71 51
71 54
71 55
71 57
71 58
71 59
71 62
71 66
71 69
71 70
71 78
71 80
71 85
71 86
71 89
71 91
71 96
71 97
71 98
71 100
72 5
72 8
72 13
72 19
72 20
72 22
72 23
72 25
72 34
72 36
72 37
72 38
72 47
72 50
72 53
72 56
72 57
72 61
72 62
72 66
72 72
72 78
72 82
72 86
72 89
72 97
73 0
73 2
73 4
73 5
73 6
73 17
73 21
73 22
73 23
73 32
73 36
73 47
73 50
73 52
73 57
73 58
73 60
73 63
73 64
73 70
73 71
73 76
73 77
73 87
73 89
73 94
73 97
73 99
73 100
74 1
74 3
74 5
74 7
74 8
74 14
74 16
74 18
74 20
74 21
74 24
74 27
74 30
74 33
74 34
74 42
74 44
74 46
74 50
74 52
74 53
74 55
74 56
74 58
74 61
74 68
74 69
74 70
74 74
74 77
74 80
74 84
74 89
74 94
74 97
75 4
75 6
75 13
75 20
75 24
75 25
75 30
75 37
75 41
75 42
75 43
75 46
75 47
75 53
75 66
75 67
75 68
75 73
75 78
75 90
75 91
75 94
75 98
76 0
76 2
76 6
76 7
76 23
76 27
76 31
76 32
76 38
76 44
76 46
76 48
76 49
76 51
76 61
76 71
76 75
76 78
76 80
76 83
76 84
76 91
76 93
76 95
77 1
77 6
77 8
77 9
77 10
77 11
77 14
77 15
77 28
77 29
77 36
77 41
77 48
77 50
77 53
77 59
77 61
77 66
77 67
77 68
77 69
77 71
77 73
77 76
77 79
77 86
77 89
77 92
77 93
77 94
77 98
77 99
78 1
78 4
78 5
78 7
78 13
78 14
78 19
78 20
78 23
78 24
78 26
78 29
78 38
78 41
78 43
78 45
78 46
78 48
78 56
78 57
78 60
78 61
78 63
78 69
78 76
78 77
78 78
78 79
78 84
78 85
78 92
78 93
78 95
78 98
78 100
79 0
79 2
79 4
79 5
79 6
79 8
79 31
79 38
79 40
79 44
79 47
79 49
79 50
79 53
79 63
79 65
79 66
79 68
79 72
79 83
79 86
79 88
79 90
79 91
79 93
79 94
79 95
79 99
79 100
80 5
80 8
80 9
80 14
80 22
80 23
80 24
80 27
80 37
80 38
80 39
80 43
80 45
80 56
80 65
80 66
80 67
80 68
80 69
80 70
80 71
80 75
80 76
80 82
80 83
80 85
80 89
80 90
80 98
80 100
81 0
81 4
81 6
81 8
81 11
81 12
81 18
81 19
81 21
81 22
81 23
81 24
81 26
81 29
81 31
81 35
81 41
81 43
81 55
81 61
81 70
81 84
81 85
81 87
81 88
81 92
81 100
82 5
82 21
82 23
82 26
82 28
82 31
82 32
82 34
82 38
82 41
82 47
82 49
82 56
82 60
82 61
82 65
82 67
82 70
82 77
82 81
82 88
82 89
82 91
82 93
82 98
83 5
83 9
83 18
83 22
83 23
83 25
83 26
83 27
83 33
83 36
83 42
83 45
83 51
83 52
83 58
83 61
83 66
83 68
83 69
83 72
83 74
83 76
83 80
83 82
83 84
83 85
83 88
83 90
83 92
83 93
83 95
83 97
83 98
84 3
84 9
84 12
84 15
84 17
84 22
84 23
84 24
84 26
84 28
84 30
84 36
84 37
84 38
84 43
84 44
84 45
84 48
84 56
84 64
84 65
84 66
84 73
84 77
84 79
84 91
85 3
85 5
85 14
85 18
85 19
85 20
85 23
85 26
85 41
85 43
85 46
85 49
85 60
85 61
85 66
85 73
85 76
85 79
85 80
85 81
85 86
85 93
85 95
85 96
85 99
86 8
86 10
86 14
86 15
86 18
86 19
86 25
86 27
86 30
86 36
86 39
86 42
86 43
86 49
86 53
86 54
86 57
86 58
86 60
86 62
86 63
86 66
86 67
86 68
86 71
86 74
86 75
86 78
86 83
86 89
86 92
86 94
86 95
86 98
87 0
87 1
87 9
87 11
87 12
87 19
87 20
87 21
87 22
87 23
87 25
87 27
87 30
87 33
87 35
87 37
87 39
87 44
87 47
87 49
87 52
87 54
87 55
87 57
87 58
87 62
87 63
87 65
87 72
87 85
87 86
87 92
87 99
87 100
88 3
88 8
88 10
88 11
88 13
88 20
88 23
88 26
88 31
88 32
88 35
88 37
88 39
88 42
88 44
88 46
88 48
88 53
88 62
88 68
88 70
88 75
88 85
88 96
89 1
89 5
89 8
89 16
89 20
89 23
89 24
89 25
89 26
89 31
89 36
89 46
89 48
89 49
89 52
89 53
89 56
89 59
89 68
89 69
89 76
89 77
89 80
89 86
89 95
89 97
89 98
90 3
90 7
90 10
90 24
90 25
90 31
90 34
90 37
90 39
90 42
90 44
90 47
90 51
90 60
90 61
90 62
90 63
90 67
90 71
90 75
90 76
90 84
90 87
90 88
90 89
90 90
90 93
90 95
90 97
91 0
91 3
91 6
91 10
91 13
91 19
91 22
91 26
91 28
91 30
91 32
91 37
91 38
91 43
91 44
91 45
91 47
91 51
91 56
91 57
91 60
91 61
91 62
91 66
91 70
91 75
91 84
91 85
91 86
91 87
91 89
91 91
91 94
91 95
91 97
92 0
92 2
92 8
92 20
92 28
92 30
92 33
92 39
92 50
92 51
92 52
92 57
92 58
92 62
92 67
92 69
92 77
92 78
92 80
92 82
92 91
93 2
93 5
93 16
93 22
93 23
93 26
93 27
93 32
93 34
93 38
93 42
93 48
93 50
93 58
93 59
93 61
93 62
93 65
93 66
93 69
93 70
93 71
93 77
93 79
93 86
93 87
93 89
93 90
93 92
93 97
93 98
93 99
93 100
94 0
94 7
94 10
94 12
94 16
94 20
94 22
94 24
94 28
94 30
94 40
94 43
94 47
94 51
94 55
94 58
94 59
94 60
94 61
94 63
94 68
94 69
94 73
94 75
94 81
94 84
94 85
94 94
94 95
95 0
95 2
95 3
95 4
95 5
95 8
95 11
95 14
95 16
95 22
95 23
95 27
95 29
95 31
95 33
95 35
95 36
95 37
95 47
95 51
95 52
95 53
95 55
95 59
95 61
95 62
95 66
95 68
95 72
95 74
95 80
95 81
95 86
95 91
95 92
95 94
95 98
96 0
96 2
96 3
96 5
96 7
96 8
96 9
96 10
96 14
96 15
96 20
96 21
96 25
96 30
96 31
96 37
96 39
96 42
96 46
96 52
96 56
96 64
96 68
96 69
96 70
96 74
96 77
96 83
96 87
96 88
96 90
96 97
96 98
97 0
97 6
97 7
97 8
97 10
97 11
97 20
97 23
97 28
97 31
97 32
97 37
97 42
97 43
97 49
97 53
97 57
97 60
97 72
97 77
97 80
97 81
97 83
97 85
97 88
97 90
97 93
98 0
98 10
98 11
98 16
98 19
98 23
98 28
98 33
98 34
98 37
98 39
98 42
98 45
98 51
98 54
98 56
98 58
98 67
98 69
98 72
98 73
98 74
98 79
98 82
98 84
98 86
98 89
98 96
99 1
99 2
99 6
99 8
99 9
99 10
99 13
99 18
99 22
99 23
99 24
99 29
99 38
99 40
99 44
99 46
99 47
99 48
99 53
99 55
99 56
99 57
99 58
99 60
99 61
99 65
99 73
99 76
99 77
99 83
99 85
99 88
99 90
99 91
99 92
99 94
99 96
99 99
99 100
100 0
100 1
100 2
100 3
100 6
100 8
100 9
100 15
100 17
100 26
100 28
100 29
100 35
100 39
100 42
100 45
100 46
100 54
100 61
100 64
100 65
100 68
100 72
100 75
100 77
100 78
100 79
100 81
100 84
100 89
100 98
