0 3
0 11
0 17
0 23
0 24
0 29
0 30
0 32
0 33
0 36
0 42
0 43
0 46
0 51
0 55
0 60
0 61
0 64
0 65
0 69
0 71
0 72
0 78
0 79
0 81
0 87
0 89
0 90
0 93
0 98
1 4
1 6
1 10
1 11
1 16
1 17
1 19
1 20
1 23
1 24
1 25
1 27
1 31
1 36
1 38
1 39
1 41
1 44
1 50
1 51
1 53
1 58
1 60
1 64
1 72
1 74
1 75
1 77
1 78
1 79
1 81
1 89
1 90
1 91
1 94
1 95
1 97
2 2
2 3
2 5
2 6
2 11
2 16
2 17
2 19
2 23
2 25
2 29
2 32
2 34
2 36
2 37
2 38
2 44
2 45
2 49
2 58
2 59
2 71
2 74
2 80
2 82
2 84
2 85
2 86
2 96
2 97
2 100
3 5
3 7
3 11
3 12
3 13
3 24
3 29
3 30
3 33
3 36
3 45
3 46
3 47
3 49
3 52
3 53
3 57
3 64
3 65
3 66
3 68
3 74
3 75
3 80
3 81
3 84
3 85
3 87
3 90
3 92
3 93
3 94
3 97
3 99
4 1
4 3
4 5
4 7
4 8
4 11
4 12
4 13
4 19
4 27
4 36
4 43
4 48
4 50
4 52
4 54
4 57
4 65
4 67
4 70
4 75
4 77
4 78
4 79
4 81
4 83
4 86
4 88
4 89
4 90
4 96
5 4
5 6
5 7
5 9
5 14
5 16
5 20
5 26
5 31
5 32
5 35
5 39
5 41
5 56
5 58
5 59
5 61
5 62
5 64
5 65
5 75
5 76
5 85
5 86
5 90
5 95
5 96
6 0
6 1
6 3
6 5
6 6
6 10
6 11
6 14
6 20
6 22
6 24
6 25
6 35
6 36
6 37
6 38
6 41
6 44
6 45
6 49
6 52
6 55
6 58
6 59
6 61
6 62
6 77
6 78
6 79
6 81
6 84
6 86
6 89
6 92
6 93
6 96
7 0
7 3
7 4
7 11
7 13
7 14
7 15
7 16
7 19
7 20
7 21
7 25
7 26
7 29
7 40
7 46
7 54
7 59
7 61
7 72
7 75
7 78
7 79
7 86
7 90
7 93
7 95
7 100
8 0
8 1
8 14
8 16
8 17
8 18
8 20
8 23
8 24
8 27
8 30
8 37
8 38
8 42
8 45
8 48
8 52
8 53
8 55
8 59
8 63
8 64
8 67
8 71
8 73
8 75
8 79
8 83
8 84
8 87
8 92
8 95
8 97
9 0
9 6
9 15
9 16
9 17
9 20
9 23
9 26
9 33
9 34
9 35
9 36
9 37
9 41
9 42
9 48
9 50
9 53
9 56
9 60
9 62
9 64
9 69
9 70
9 74
9 75
9 80
9 82
9 84
9 86
9 89
9 92
9 98
10 0
10 3
10 5
10 10
10 12
10 13
10 16
10 23
10 24
10 25
10 26
10 27
10 29
10 30
10 42
10 44
10 47
10 51
10 54
10 59
10 61
10 62
10 65
10 67
10 68
10 71
10 78
10 81
10 90
10 98
11 1
11 3
11 4
11 11
11 14
11 19
11 24
11 44
11 51
11 54
11 55
11 57
11 61
11 68
11 71
11 80
11 81
11 83
11 85
11 88
11 92
12 2
12 5
12 10
12 14
12 15
12 20
12 29
12 32
12 33
12 40
12 41
12 46
12 47
12 67
12 69
12 72
12 77
12 80
12 82
12 83
12 97
13 0
13 1
13 3
13 6
13 10
13 15
13 17
13 20
13 21
13 27
13 28
13 29
13 30
13 36
13 39
13 42
13 43
13 45
13 50
13 51
13 55
13 56
13 57
13 58
13 60
13 61
13 62
13 63
13 64
13 75
13 76
13 79
13 92
13 99
14 5
14 10
14 13
14 17
14 28
14 30
14 39
14 42
14 44
14 50
14 51
14 52
14 54
14 59
14 60
14 68
14 70
14 77
14 78
14 81
14 90
14 93
14 95
14 98
15 6
15 7
15 15
15 17
15 18
15 19
15 21
15 25
15 31
15 32
15 33
15 34
15 37
15 43
15 46
15 50
15 52
15 57
15 58
15 60
15 66
15 71
15 73
15 83
15 86
15 87
15 96
15 97
15 99
15 100
16 3
16 8
16 11
16 24
16 27
16 29
16 31
16 42
16 46
16 50
16 52
16 63
16 64
16 65
16 66
16 67
16 69
16 70
16 72
16 78
16 81
16 82
16 85
16 89
16 90
16 91
16 96
16 100
17 0
17 1
17 6
17 8
17 12
17 18
17 19
17 20
17 26
17 28
17 31
17 35
17 40
17 44
17 60
17 64
17 67
17 71
17 74
17 75
17 82
17 87
17 88
17 89
17 91
17 92
17 93
17 94
18 0
18 4
18 6
18 7
18 17
18 20
18 22
18 23
18 24
18 25
18 27
18 32
18 37
18 42
18 44
18 49
18 50
18 51
18 61
18 65
18 66
18 70
18 71
18 73
18 74
18 75
18 80
18 89
18 92
18 93
19 7
19 11
19 14
19 15
19 18
19 22
19 27
19 30
19 33
19 34
19 39
19 47
19 48
19 53
19 58
19 62
19 65
19 67
19 70
19 75
19 77
19 78
19 80
19 83
19 89
19 93
19 95
19 97
20 0
20 1
20 5
20 8
20 17
20 19
20 20
20 21
20 26
20 28
20 30
20 31
20 40
20 43
20 44
20 45
20 46
20 47
20 50
20 54
20 57
20 64
20 66
20 69
20 70
20 72
20 74
20 76
20 77
20 80
20 85
20 87
20 88
20 90
20 92
20 100
21 0
21 2
21 8
21 12
21 13
21 20
21 22
21 24
21 36
21 39
21 44
21 47
21 48
21 51
21 55
21 57
21 62
21 63
21 64
21 70
21 71
21 74
21 75
21 76
21 77
21 80
21 86
21 89
21 91
21 98
21 99
21 100
22 0
22 3
22 6
22 9
22 10
22 11
22 14
22 15
22 18
22 22
22 28
22 32
22 36
22 38
22 42
22 43
22 45
22 48
22 52
22 63
22 67
22 72
22 74
22 75
22 76
22 77
22 78
22 80
22 82
22 83
22 89
22 94
22 98
22 99
23 5
23 8
23 13
23 14
23 16
23 17
23 27
23 30
23 42
23 43
23 45
23 48
23 57
23 62
23 65
23 66
23 79
23 81
23 84
23 86
23 87
23 88
23 90
23 93
23 96
23 97
24 8
24 11
24 12
24 13
24 14
24 21
24 24
24 29
24 32
24 33
24 34
24 38
24 39
24 40
24 41
24 49
24 53
24 56
24 57
24 58
24 59
24 61
24 69
24 70
24 72
24 73
24 77
24 78
24 82
24 83
24 85
24 87
24 89
24 91
24 92
24 93
24 94
24 98
25 2
25 4
25 9
25 13
25 14
25 16
25 26
25 27
25 28
25 34
25 36
25 38
25 48
25 49
25 50
25 51
25 52
25 54
25 55
25 58
25 61
25 62
25 65
25 66
25 67
25 68
25 70
25 79
25 84
25 85
25 86
25 89
25 91
25 93
25 95
25 100
26 1
26 4
26 7
26 10
26 11
26 16
26 19
26 21
26 22
26 26
26 29
26 40
26 52
26 56
26 61
26 63
26 67
26 70
26 71
26 75
26 77
26 80
26 82
26 86
26 91
26 93
26 96
26 97
26 99
26 100
27 1
27 3
27 9
27 18
27 22
27 23
27 25
27 27
27 29
27 33
27 34
27 35
27 45
27 48
27 52
27 54
27 56
27 58
27 59
27 64
27 65
27 67
27 73
27 75
27 76
27 78
27 80
27 84
27 87
27 88
27 99
28 4
28 5
28 9
28 13
28 14
28 15
28 16
28 19
28 26
28 30
28 35
28 38
28 40
28 49
28 50
28 54
28 57
28 58
28 59
28 60
28 64
28 65
28 66
28 67
28 69
28 70
28 71
28 79
28 94
28 97
28 100
29 3
29 4
29 5
29 8
29 9
29 10
29 12
29 14
29 21
29 24
29 36
29 37
29 40
29 41
29 45
29 46
29 49
29 51
29 54
29 59
29 61
29 65
29 70
29 82
29 87
29 88
29 89
29 91
29 94
29 95
29 100
30 2
30 3
30 6
30 8
30 13
30 14
30 15
30 20
30 23
30 27
30 30
30 38
30 43
30 49
30 51
30 53
30 54
30 55
30 57
30 61
30 63
30 67
30 69
30 71
30 72
30 78
30 81
30 83
30 85
30 86
30 87
30 92
30 93
30 95
30 99
31 6
31 8
31 11
31 13
31 17
31 18
31 24
31 27
31 32
31 37
31 38
31 41
31 46
31 52
31 55
31 58
31 67
31 74
31 78
31 84
31 85
31 87
31 88
31 93
31 95
31 96
31 97
32 1
32 10
32 12
32 15
32 25
32 31
32 36
32 37
32 41
32 44
32 52
32 56
32 58
32 63
32 65
32 66
32 67
32 72
32 75
32 77
32 80
32 83
32 84
32 86
32 94
32 95
32 96
33 0
33 5
33 11
33 12
33 14
33 15
33 16
33 17
33 22
33 23
33 24
33 25
33 27
33 31
33 32
33 33
33 35
33 37
33 46
33 51
33 55
33 57
33 61
33 64
33 66
33 68
33 81
33 83
33 86
33 87
33 88
33 92
33 93
33 97
34 1
34 4
34 6
34 15
34 17
34 18
34 25
34 26
34 29
34 34
34 36
34 37
34 38
34 39
34 42
34 46
34 47
34 49
34 50
34 53
34 64
34 67
34 68
34 71
34 74
34 77
34 78
34 80
34 83
34 84
34 92
34 94
35 7
35 11
35 19
35 22
35 26
35 27
35 28
35 30
35 41
35 43
35 50
35 54
35 55
35 57
35 65
35 72
35 77
35 79
35 80
35 87
35 97
35 98
36 0
36 2
36 4
36 5
36 9
36 11
36 12
36 15
36 20
36 21
36 24
36 26
36 29
36 31
36 36
36 40
36 41
36 45
36 46
36 49
36 52
36 53
36 54
36 57
36 59
36 64
36 65
36 66
36 67
36 69
36 72
36 73
36 79
36 84
36 85
36 88
36 92
36 93
36 94
36 95
36 96
36 97
36 100
37 11
37 14
37 15
37 21
37 24
37 25
37 26
37 29
37 31
37 32
37 39
37 45
37 47
37 48
37 51
37 52
37 57
37 71
37 76
37 84
37 85
37 90
37 92
37 93
37 96
37 98
37 99
38 2
38 3
38 10
38 11
38 13
38 14
38 16
38 23
38 24
38 30
38 34
38 35
38 48
38 51
38 61
38 62
38 63
38 66
38 69
38 70
38 78
38 85
38 87
39 5
39 9
39 14
39 18
39 20
39 21
39 23
39 25
39 26
39 29
39 31
39 40
39 43
39 44
39 48
39 49
39 50
39 52
39 54
39 56
39 59
39 63
39 64
39 67
39 68
39 74
39 75
39 82
39 83
39 90
39 95
39 96
39 100
40 5
40 8
40 9
40 11
40 18
40 19
40 20
40 24
40 32
40 38
40 41
40 46
40 49
40 50
40 53
40 54
40 57
40 59
40 60
40 66
40 67
40 69
40 70
40 73
40 75
40 76
40 77
40 80
40 82
40 84
40 90
40 92
40 94
41 2
41 4
41 13
41 17
41 24
41 28
41 29
41 30
41 33
41 37
41 38
41 42
41 46
41 47
41 49
41 50
41 55
41 58
41 59
41 63
41 64
41 71
41 74
41 75
41 83
41 88
41 89
41 90
41 94
42 6
42 9
42 10
42 12
42 20
42 21
42 22
42 27
42 28
42 32
42 33
42 34
42 39
42 45
42 48
42 52
42 60
42 61
42 62
42 64
42 71
42 73
42 74
42 75
42 77
42 79
42 81
42 86
42 87
42 89
42 90
42 92
42 94
42 95
42 96
42 100
43 1
43 4
43 7
43 12
43 16
43 17
43 21
43 24
43 26
43 28
43 30
43 31
43 36
43 39
43 40
43 41
43 45
43 50
43 52
43 54
43 55
43 68
43 69
43 70
43 74
43 80
43 85
43 87
43 90
43 96
43 97
43 99
43 100
44 0
44 1
44 4
44 6
44 9
44 20
44 23
44 26
44 29
44 35
44 40
44 41
44 45
44 50
44 51
44 56
44 59
44 63
44 65
44 67
44 73
44 75
44 76
44 77
44 86
44 92
44 93
44 94
44 96
44 97
44 99
44 100
45 1
45 4
45 5
45 6
45 11
45 32
45 35
45 37
45 41
45 49
45 53
45 54
45 56
45 57
45 60
45 61
45 62
45 69
45 75
45 77
45 78
45 80
45 87
45 89
45 90
45 92
45 96
45 97
46 1
46 6
46 9
46 14
46 17
46 19
46 27
46 29
46 32
46 41
46 46
46 47
46 48
46 53
46 58
46 60
46 62
46 68
46 70
46 72
46 75
46 76
46 77
46 78
46 81
46 82
46 83
46 85
46 87
46 89
46 95
47 0
47 9
47 14
47 16
47 19
47 24
47 27
47 28
47 43
47 48
47 59
47 60
47 64
47 65
47 67
47 68
47 69
47 70
47 76
47 79
47 95
47 96
47 97
47 98
47 100
48 1
48 2
48 3
48 10
48 13
48 21
48 22
48 25
48 27
48 32
48 41
48 43
48 44
48 50
48 53
48 56
48 57
48 70
48 72
48 73
48 74
48 76
48 77
48 83
48 85
48 86
48 87
48 90
48 94
48 95
48 96
48 98
48 100
49 3
49 7
49 11
49 14
49 17
49 24
49 27
49 29
49 30
49 31
49 33
49 37
49 43
49 47
49 48
49 50
49 51
49 63
49 64
49 72
49 73
49 75
49 76
49 79
49 83
49 90
49 96
49 100
50 1
50 4
50 7
50 11
50 18
50 28
50 30
50 42
50 49
50 50
50 54
50 56
50 60
50 61
50 63
50 67
50 68
50 73
50 79
50 82
50 83
50 85
50 89
50 91
50 93
50 94
50 95
50 96
50 98
51 1
51 2
51 5
51 7
51 10
51 12
51 14
51 17
51 18
51 24
51 31
51 33
51 39
51 42
51 45
51 48
51 50
51 55
51 59
51 63
51 64
51 68
51 70
51 78
51 82
51 83
51 85
51 89
51 91
51 95
51 97
51 99
51 100
52 4
52 6
52 7
52 9
52 12
52 15
52 23
52 30
52 34
52 40
52 41
52 46
52 47
52 51
52 57
52 59
52 60
52 61
52 62
52 63
52 64
52 66
52 75
52 85
52 88
52 90
52 91
52 93
53 2
53 3
53 4
53 5
53 7
53 11
53 14
53 15
53 17
53 28
53 30
53 33
53 36
53 43
53 44
53 45
53 53
53 54
53 58
53 61
53 69
53 70
53 73
53 78
53 82
53 83
53 91
53 95
53 96
53 99
54 3
54 5
54 8
54 13
54 19
54 20
54 25
54 39
54 41
54 45
54 47
54 48
54 54
54 59
54 60
54 62
54 63
54 72
54 78
54 80
54 81
54 82
54 83
54 85
54 87
54 97
54 100
55 0
55 11
55 13
55 14
55 15
55 16
55 28
55 30
55 31
55 34
55 35
55 39
55 43
55 46
55 50
55 53
55 54
55 55
55 68
55 74
55 83
55 89
56 0
56 2
56 3
56 12
56 15
56 18
56 19
56 25
56 28
56 30
56 35
56 39
56 41
56 45
56 46
56 53
56 56
56 57
56 63
56 66
56 72
56 73
56 75
56 77
56 78
56 79
56 81
56 82
56 91
56 94
56 97
56 100
57 1
57 2
57 3
57 6
57 15
57 16
57 17
57 19
57 20
57 22
57 23
57 27
57 37
57 38
57 39
57 42
57 43
57 47
57 49
57 53
57 56
57 58
57 59
57 71
57 72
57 77
57 81
57 85
57 87
57 88
57 95
57 97
57 98
57 100
58 2
58 8
58 9
58 10
58 14
58 17
58 18
58 26
58 29
58 32
58 33
58 34
58 36
58 43
58 47
58 48
58 51
58 53
58 60
58 61
58 64
58 69
58 73
58 74
58 75
58 77
58 78
58 79
58 82
58 86
58 88
58 90
58 91
58 92
58 95
59 2
59 7
59 14
59 15
59 17
59 21
59 23
59 28
59 30
59 33
59 34
59 35
59 36
59 37
59 38
59 44
59 45
59 46
59 47
59 48
59 49
59 53
59 54
59 57
59 63
59 68
59 72
59 73
59 75
59 78
59 80
59 85
59 92
59 96
59 97
59 98
60 5
60 7
60 9
60 11
60 14
60 27
60 30
60 37
60 40
60 41
60 45
60 47
60 50
60 52
60 53
60 57
60 59
60 61
60 76
60 81
60 82
60 84
60 90
60 94
60 95
60 96
60 100
61 5
61 8
61 11
61 14
61 16
61 17
61 20
61 22
61 25
61 31
61 33
61 34
61 35
61 36
61 38
61 41
61 43
61 44
61 50
61 53
61 56
61 68
61 69
61 70
61 73
61 75
61 79
61 80
61 84
61 85
61 87
61 90
61 92
61 93
61 94
61 98
62 6
62 10
62 11
62 16
62 17
62 19
62 25
62 26
62 27
62 37
62 41
62 45
62 48
62 52
62 55
62 57
62 60
62 63
62 66
62 71
62 73
62 74
62 75
62 89
62 90
62 93
62 96
62 98
62 100
63 1
63 2
63 6
63 8
63 11
63 12
63 14
63 17
63 20
63 26
63 35
63 40
63 41
63 45
63 49
63 50
63 51
63 55
63 56
63 59
63 60
63 63
63 68
63 69
63 70
63 73
63 74
63 76
63 81
63 84
63 86
63 90
63 91
63 94
63 98
64 3
64 4
64 5
64 12
64 14
64 15
64 18
64 21
64 23
64 27
64 29
64 30
64 33
64 34
64 39
64 40
64 41
64 47
64 56
64 57
64 62
64 67
64 77
64 81
64 83
64 86
64 87
64 91
64 94
65 6
65 9
65 12
65 14
65 27
65 33
65 39
65 52
65 55
65 57
65 59
65 61
65 62
65 66
65 70
65 71
65 76
65 82
65 86
65 89
65 90
65 93
65 95
65 97
65 99
66 2
66 15
66 25
66 27
66 31
66 32
66 36
66 39
66 43
66 52
66 58
66 59
66 60
66 67
66 69
66 71
66 77
66 79
66 83
66 94
66 100
67 0
67 2
67 6
67 8
67 17
67 18
67 22
67 24
67 28
67 30
67 33
67 39
67 40
67 43
67 44
67 47
67 53
67 57
67 68
67 75
67 76
67 86
67 87
67 90
67 91
67 94
67 95
67 100
68 2
68 5
68 6
68 10
68 12
68 13
68 14
68 18
68 19
68 21
68 25
68 31
68 35
68 40
68 41
68 47
68 49
68 50
68 51
68 54
68 59
68 61
68 63
68 68
68 76
68 78
68 79
68 83
68 86
68 87
68 92
68 93
68 98
68 99
69 0
69 4
69 6
69 8
69 9
69 16
69 19
69 21
69 23
69 25
69 27
69 32
69 34
69 36
69 38
69 39
69 51
69 53
69 55
69 56
69 59
69 60
69 61
69 62
69 63
69 64
69 65
69 66
69 74
69 78
69 79
69 85
69 92
69 93
69 94
69 95
69 97
70 5
70 12
70 15
70 17
70 20
70 21
70 22
70 24
70 25
70 26
70 28
70 32
70 37
70 39
70 40
70 43
70 45
70 47
70 49
70 51
70 55
70 56
70 57
70 59
70 60
70 61
70 66
70 70
70 71
70 72
70 77
70 78
70 79
70 82
70 86
70 87
70 88
70 95
71 1
71 5
71 7
71 9
71 10
71 12
71 15
71 20
71 22
71 38
71 39
71 45
71 49
71 52
71 55
71 62
71 80
71 83
71 85
71 86
71 87
71 88
71 89
71 95
71 96
71 97
72 0
72 5
72 6
72 9
72 12
72 17
72 20
72 22
72 28
72 31
72 34
72 37
72 40
72 42
72 44
72 66
72 67
72 68
72 79
72 87
72 88
72 89
72 92
72 95
72 98
73 2
73 4
73 11
73 12
73 25
73 26
73 30
73 33
73 34
73 36
73 38
73 42
73 45
73 46
73 47
73 55
73 58
73 63
73 67
73 78
73 83
73 93
73 94
73 99
74 1
74 3
74 4
74 6
74 8
74 11
74 14
74 22
74 33
74 34
74 35
74 36
74 37
74 43
74 55
74 56
74 61
74 67
74 69
74 70
74 76
74 77
74 80
74 81
74 82
74 89
74 90
74 99
74 100
75 8
75 9
75 13
75 16
75 24
75 25
75 27
75 36
75 42
75 51
75 53
75 55
75 67
75 69
75 70
75 72
75 79
75 83
75 91
75 92
75 95
75 96
76 0
76 1
76 5
76 12
76 16
76 25
76 27
76 29
76 30
76 32
76 36
76 38
76 39
76 41
76 42
76 43
76 46
76 48
76 50
76 52
76 53
76 54
76 55
76 57
76 58
76 69
76 72
76 79
76 84
76 86
76 88
76 90
76 96
77 1
77 3
77 4
77 5
77 13
77 14
77 17
77 21
77 25
77 26
77 35
77 37
77 43
77 46
77 48
77 57
77 60
77 64
77 68
77 70
77 72
77 77
77 81
77 90
77 91
77 92
77 93
78 1
78 10
78 11
78 17
78 23
78 24
78 26
78 28
78 29
78 31
78 32
78 43
78 47
78 51
78 52
78 55
78 59
78 60
78 61
78 62
78 68
78 69
78 71
78 76
78 79
78 81
78 90
78 91
78 97
78 99
78 100
79 0
79 6
79 7
79 10
79 17
79 19
79 20
79 24
79 25
79 37
79 51
79 56
79 62
79 70
79 71
79 75
79 77
79 79
79 87
79 88
79 89
79 94
79 95
79 98
80 4
80 6
80 9
80 11
80 12
80 16
80 20
80 22
80 26
80 28
80 40
80 42
80 43
80 49
80 58
80 60
80 61
80 65
80 66
80 72
80 74
80 77
80 84
80 89
80 97
81 2
81 6
81 8
81 9
81 13
81 21
81 22
81 23
81 25
81 27
81 28
81 32
81 36
81 42
81 46
81 47
81 51
81 53
81 62
81 63
81 69
81 78
81 79
81 89
81 96
81 98
82 0
82 4
82 6
82 7
82 12
82 14
82 18
82 19
82 29
82 41
82 44
82 49
82 51
82 53
82 63
82 72
82 78
82 86
82 90
82 91
82 96
82 100
83 4
83 8
83 15
83 17
83 19
83 21
83 27
83 30
83 38
83 48
83 49
83 50
83 55
83 64
83 65
83 68
83 70
83 75
83 77
83 83
83 87
83 90
83 94
83 97
84 2
84 3
84 4
84 5
84 7
84 9
84 15
84 17
84 20
84 24
84 27
84 31
84 33
84 35
84 38
84 43
84 47
84 54
84 56
84 57
84 63
84 71
84 73
84 75
84 79
84 82
84 83
84 86
84 89
84 92
84 99
85 2
85 3
85 8
85 10
85 11
85 14
85 15
85 22
85 27
85 29
85 34
85 41
85 46
85 50
85 55
85 59
85 61
85 67
85 72
85 76
85 81
85 86
85 87
85 96
86 3
86 4
86 5
86 12
86 14
86 17
86 20
86 21
86 32
86 42
86 44
86 49
86 56
86 59
86 71
86 75
86 80
86 92
86 94
87 4
87 5
87 9
87 13
87 16
87 17
87 20
87 23
87 24
87 33
87 36
87 40
87 44
87 45
87 51
87 55
87 56
87 60
87 63
87 65
87 66
87 72
87 75
87 79
87 81
87 86
87 89
87 98
87 100
88 1
88 3
88 4
88 5
88 8
88 10
88 11
88 14
88 16
88 19
88 20
88 24
88 26
88 31
88 33
88 34
88 36
88 38
88 44
88 45
88 47
88 55
88 56
88 59
88 63
88 68
88 73
88 77
88 79
88 80
88 81
88 82
88 85
88 87
88 90
88 91
88 96
88 97
88 98
88 100
89 1
89 2
89 7
89 11
89 19
89 21
89 26
89 28
89 34
89 36
89 45
89 46
89 47
89 50
89 52
89 55
89 58
89 61
89 64
89 65
89 71
89 72
89 78
89 80
89 82
89 85
89 91
89 93
89 94
90 2
90 4
90 6
90 12
90 16
90 17
90 18
90 19
90 21
90 25
90 30
90 33
90 37
90 38
90 39
90 41
90 44
90 50
90 53
90 56
90 58
90 62
90 63
90 66
90 67
90 75
90 80
90 86
90 89
90 90
90 93
90 97
91 3
91 4
91 10
91 11
91 14
91 18
91 19
91 20
91 23
91 24
91 26
91 27
91 29
91 31
91 34
91 35
91 37
91 38
91 39
91 40
91 41
91 46
91 48
91 51
91 53
91 55
91 56
91 59
91 61
91 63
91 68
91 69
91 76
91 78
91 88
91 94
91 95
92 1
92 7
92 8
92 13
92 14
92 16
92 20
92 21
92 29
92 36
92 37
92 38
92 40
92 47
92 48
92 52
92 58
92 59
92 61
92 62
92 63
92 64
92 67
92 76
92 77
92 78
92 80
92 82
92 85
92 87
92 88
92 91
92 93
93 2
93 4
93 11
93 16
93 17
93 18
93 25
93 27
93 28
93 31
93 34
93 35
93 36
93 37
93 40
93 41
93 46
93 47
93 50
93 53
93 54
93 56
93 63
93 65
93 72
93 79
93 81
93 85
93 86
93 90
93 97
93 99
94 0
94 1
94 9
94 17
94 22
94 26
94 30
94 31
94 32
94 33
94 34
94 35
94 39
94 42
94 46
94 49
94 50
94 55
94 56
94 57
94 58
94 60
94 61
94 62
94 65
94 66
94 69
94 73
94 74
94 84
94 94
94 95
94 98
95 1
95 17
95 18
95 19
95 35
95 36
95 37
95 40
95 43
95 47
95 49
95 54
95 57
95 58
95 61
95 64
95 71
95 75
95 80
95 81
95 85
95 86
95 87
95 88
95 93
95 94
95 95
95 100
96 1
96 3
96 7
96 10
96 14
96 16
96 17
96 19
96 22
96 28
96 30
96 33
96 35
96 37
96 42
96 44
96 51
96 60
96 61
96 63
96 65
96 66
96 70
96 72
96 77
96 90
96 91
96 93
96 95
96 97
96 98
96 99
97 3
97 4
97 7
97 8
97 9
97 11
97 12
97 15
97 18
97 19
97 21
97 25
97 26
97 29
97 30
97 35
97 38
97 42
97 50
97 52
97 54
97 55
97 56
97 59
97 61
97 65
97 67
97 68
97 74
97 77
97 78
97 87
97 88
97 90
97 92
97 95
97 96
97 97
97 98
97 99
97 100
98 2
98 5
98 6
98 7
98 9
98 17
98 18
98 22
98 25
98 27
98 32
98 34
98 36
98 38
98 40
98 53
98 55
98 57
98 63
98 67
98 69
98 70
98 71
98 72
98 74
98 80
98 86
98 91
98 92
98 97
98 99
99 1
99 5
99 11
99 12
99 15
99 20
99 24
99 25
99 32
99 40
99 41
99 42
99 43
99 46
99 48
99 49
99 54
99 55
99 56
99 59
99 62
99 68
99 70
99 71
99 72
99 74
99 77
99 80
99 82
99 83
99 92
99 98
99 99
100 3
100 4
100 5
100 8
100 16
100 18
100 21
100 24
100 26
100 29
100 30
100 32
100 36
100 37
100 40
100 41
100 51
100 58
100 60
100 62
100 65
100 66
100 68
100 70
100 71
100 83
100 90
100 91
100 92
100 94
100 96
100 98
