0 5
0 7
0 11
0 12
0 16
0 19
0 20
0 22
0 24
0 25
0 26
0 27
0 29
0 30
0 31
0 35
0 38
0 40
0 44
0 53
0 60
0 70
0 72
0 73
0 75
0 77
0 79
0 82
0 84
0 85
0 86
0 87
0 88
0 90
0 94
0 95
0 96
0 97
0 99
1 5
1 6
1 8
1 13
1 17
1 23
1 28
1 30
1 33
1 34
1 36
1 37
1 38
1 39
1 42
1 44
1 45
1 51
1 54
1 59
1 77
1 80
1 81
1 82
1 85
1 96
1 97
1 98
2 0
2 2
2 7
2 9
2 14
2 15
2 22
2 23
2 26
2 28
2 30
2 31
2 33
2 36
2 38
2 39
2 41
2 45
2 56
2 57
2 61
2 63
2 67
2 71
2 73
2 74
2 76
2 79
2 80
2 83
2 85
2 87
2 93
2 94
2 96
2 99
2 100
3 0
3 4
3 9
3 13
3 15
3 19
3 21
3 24
3 28
3 29
3 30
3 41
3 47
3 48
3 52
3 54
3 57
3 59
3 63
3 67
3 74
3 75
3 77
3 93
4 5
4 11
4 12
4 13
4 17
4 19
4 24
4 27
4 28
4 29
4 30
4 32
4 40
4 45
4 50
4 52
4 54
4 62
4 64
4 66
4 67
4 73
4 74
4 87
4 88
4 90
4 91
4 93
5 0
5 1
5 3
5 4
5 6
5 10
5 11
5 16
5 23
5 24
5 26
5 27
5 31
5 33
5 47
5 53
5 57
5 62
5 64
5 67
5 70
5 73
5 75
5 81
5 84
5 88
5 92
5 95
5 100
6 2
6 6
6 8
6 10
6 13
6 14
6 15
6 20
6 22
6 26
6 27
6 31
6 32
6 33
6 38
6 51
6 53
6 54
6 61
6 68
6 76
6 84
6 88
6 90
6 91
6 96
6 97
7 5
7 8
7 9
7 13
7 29
7 32
7 39
7 41
7 43
7 45
7 55
7 57
7 64
7 66
7 73
7 75
7 76
7 77
7 78
7 82
7 89
7 99
8 2
8 9
8 16
8 17
8 18
8 22
8 24
8 28
8 31
8 32
8 33
8 40
8 41
8 45
8 54
8 69
8 73
8 76
8 77
8 79
8 80
8 82
8 85
8 91
8 92
8 97
8 100
9 2
9 3
9 4
9 11
9 12
9 18
9 22
9 23
9 29
9 32
9 34
9 39
9 42
9 43
9 46
9 47
9 51
9 59
9 60
9 62
9 63
9 69
9 80
9 81
9 82
9 83
9 84
9 90
9 91
9 93
9 96
9 100
10 5
10 6
10 8
10 11
10 14
10 15
10 16
10 22
10 24
10 26
10 27
10 33
10 39
10 40
10 41
10 42
10 45
10 47
10 51
10 52
10 53
10 56
10 59
10 60
10 69
10 73
10 79
10 80
10 84
10 88
10 89
10 98
11 5
11 7
11 9
11 10
11 16
11 18
11 19
11 20
11 21
11 35
11 38
11 43
11 44
11 53
11 56
11 59
11 62
11 66
11 67
11 74
11 76
11 78
11 79
11 83
11 85
11 88
11 90
11 92
11 93
11 98
12 2
12 6
12 7
12 9
12 11
12 15
12 16
12 17
12 19
12 20
12 23
12 30
12 37
12 39
12 42
12 48
12 52
12 55
12 56
12 57
12 64
12 68
12 77
12 78
12 86
12 92
12 96
12 97
13 1
13 2
13 15
13 17
13 19
13 20
13 22
13 28
13 29
13 31
13 34
13 38
13 40
13 45
13 48
13 49
13 50
13 51
13 53
13 55
13 58
13 60
13 61
13 62
13 69
13 73
13 74
13 76
13 86
13 94
13 95
13 100
14 1
14 8
14 9
14 11
14 13
14 17
14 19
14 23
14 25
14 26
14 32
14 33
14 35
14 46
14 47
14 59
14 60
14 65
14 73
14 75
14 77
14 81
14 83
14 84
14 87
14 90
14 91
14 95
14 99
15 5
15 16
15 28
15 29
15 30
15 34
15 35
15 36
15 38
15 40
15 41
15 43
15 45
15 46
15 48
15 50
15 55
15 56
15 62
15 65
15 69
15 74
15 75
15 77
15 81
15 87
15 92
15 95
15 96
15 98
16 0
16 2
16 7
16 11
16 20
16 23
16 24
16 27
16 29
16 30
16 37
16 38
16 39
16 44
16 46
16 47
16 51
16 52
16 59
16 60
16 62
16 70
16 72
16 74
16 76
16 80
16 81
16 85
16 88
16 92
16 95
16 97
16 99
16 100
17 1
17 4
17 6
17 8
17 13
17 14
17 15
17 16
17 19
17 20
17 21
17 22
17 23
17 26
17 28
17 29
17 31
17 33
17 36
17 37
17 39
17 42
17 46
17 51
17 56
17 59
17 60
17 64
17 65
17 68
17 72
17 87
17 90
17 92
17 97
17 98
17 99
17 100
18 0
18 1
18 4
18 7
18 11
18 13
18 14
18 15
18 18
18 22
18 25
18 26
18 29
18 31
18 33
18 35
18 37
18 38
18 41
18 42
18 51
18 52
18 55
18 61
18 63
18 64
18 70
18 72
18 73
18 76
18 78
18 81
18 85
18 86
18 91
18 97
18 100
19 11
19 12
19 13
19 14
19 16
19 17
19 22
19 25
19 26
19 28
19 34
19 35
19 46
19 49
19 53
19 64
19 65
19 68
19 70
19 72
19 77
19 79
19 81
19 82
19 83
19 84
19 87
19 88
19 91
19 93
19 96
20 2
20 5
20 11
20 15
20 22
20 23
20 26
20 29
20 30
20 31
20 36
20 37
20 38
20 40
20 44
20 46
20 52
20 53
20 59
20 60
20 61
20 66
20 69
20 73
20 75
20 77
20 79
20 80
20 83
20 86
20 89
20 92
20 94
20 96
20 98
21 8
21 21
21 24
21 33
21 34
21 37
21 40
21 45
21 46
21 51
21 54
21 55
21 56
21 61
21 62
21 67
21 73
21 74
21 76
21 79
21 81
21 82
21 86
21 91
21 92
22 10
22 20
22 31
22 36
22 40
22 43
22 45
22 48
22 52
22 53
22 55
22 58
22 62
22 64
22 67
22 68
22 69
22 70
22 73
22 74
22 76
22 77
22 83
22 85
22 89
22 91
22 97
22 99
22 100
23 2
23 3
23 6
23 7
23 8
23 15
23 17
23 22
23 35
23 37
23 41
23 45
23 46
23 49
23 50
23 52
23 59
23 63
23 64
23 65
23 66
23 73
23 77
23 81
23 84
23 91
23 93
23 94
24 0
24 3
24 7
24 11
24 17
24 19
24 20
24 23
24 27
24 28
24 29
24 33
24 34
24 38
24 42
24 47
24 55
24 64
24 67
24 71
24 74
24 75
24 79
24 81
24 82
24 85
24 86
24 90
24 95
24 96
24 97
24 100
25 3
25 11
25 14
25 18
25 19
25 21
25 25
25 27
25 35
25 37
25 39
25 41
25 45
25 49
25 64
25 69
25 71
25 73
25 75
25 76
25 78
25 90
25 91
26 1
26 4
26 11
26 13
26 22
26 30
26 33
26 34
26 36
26 37
26 44
26 46
26 48
26 49
26 50
26 60
26 64
26 65
26 67
26 71
26 72
26 73
26 82
26 83
26 85
26 87
26 88
26 89
26 93
26 95
26 96
26 98
26 100
27 0
27 1
27 2
27 4
27 6
27 7
27 10
27 12
27 13
27 15
27 16
27 19
27 20
27 30
27 32
27 35
27 37
27 39
27 40
27 41
27 46
27 49
27 51
27 52
27 56
27 60
27 62
27 70
27 75
27 77
27 80
27 83
27 89
27 93
27 94
27 96
27 97
28 12
28 29
28 30
28 31
28 33
28 34
28 35
28 39
28 45
28 46
28 47
28 52
28 55
28 56
28 60
28 64
28 65
28 66
28 67
28 70
28 72
28 76
28 84
28 95
28 97
28 99
28 100
29 0
29 1
29 3
29 4
29 5
29 25
29 27
29 29
29 30
29 37
29 41
29 48
29 50
29 52
29 53
29 54
29 56
29 57
29 58
29 61
29 64
29 65
29 66
29 69
29 70
29 74
29 75
29 78
29 79
29 81
29 87
29 90
29 93
29 98
29 99
30 3
30 6
30 9
30 13
30 17
30 18
30 19
30 22
30 25
30 28
30 30
30 34
30 35
30 36
30 40
30 50
30 52
30 58
30 62
30 69
30 70
30 76
30 79
30 80
30 85
30 86
30 96
30 97
31 0
31 1
31 5
31 9
31 10
31 17
31 18
31 19
31 28
31 50
31 55
31 57
31 58
31 60
31 61
31 70
31 72
31 74
31 81
31 87
31 93
31 97
32 0
32 4
32 10
32 18
32 26
32 31
32 33
32 37
32 39
32 44
32 49
32 51
32 56
32 57
32 68
32 71
32 84
32 86
32 91
32 95
32 97
32 100
33 3
33 7
33 8
33 13
33 14
33 15
33 20
33 23
33 24
33 25
33 34
33 36
33 37
33 38
33 43
33 46
33 48
33 49
33 52
33 53
33 55
33 56
33 60
33 63
33 64
33 77
33 78
33 79
33 80
33 84
33 86
33 88
33 94
33 98
33 100
34 0
34 2
34 4
34 5
34 8
34 10
34 12
34 16
34 19
34 20
34 25
34 34
34 35
34 42
34 44
34 46
34 47
34 51
34 54
34 61
34 64
34 66
34 73
34 75
34 77
34 79
34 82
34 83
34 87
34 89
34 95
34 98
34 99
35 0
35 1
35 2
35 12
35 18
35 21
35 22
35 25
35 27
35 32
35 34
35 36
35 40
35 43
35 44
35 47
35 48
35 51
35 53
35 57
35 58
35 61
35 65
35 69
35 72
35 75
35 76
35 79
35 80
35 81
35 85
35 87
35 88
35 91
35 96
35 97
35 98
36 2
36 3
36 6
36 11
36 14
36 21
36 23
36 25
36 26
36 27
36 28
36 29
36 31
36 32
36 33
36 41
36 42
36 46
36 48
36 50
36 55
36 58
36 63
36 65
36 67
36 73
36 75
36 76
36 79
36 80
36 83
36 88
36 97
36 99
37 5
37 10
37 11
37 12
37 15
37 17
37 18
37 21
37 22
37 24
37 29
37 35
37 44
37 47
37 53
37 56
37 57
37 60
37 70
37 76
37 79
37 80
37 81
37 86
37 87
37 89
37 93
37 95
37 96
37 98
37 100
38 0
38 3
38 4
38 7
38 9
38 14
38 16
38 19
38 21
38 24
38 32
38 33
38 35
38 40
38 43
38 46
38 48
38 55
38 59
38 60
38 61
38 64
38 69
38 74
38 75
38 76
38 78
38 87
38 91
38 92
38 99
39 0
39 1
39 4
39 8
39 10
39 15
39 19
39 23
39 24
39 25
39 28
39 34
39 35
39 39
39 40
39 41
39 42
39 46
39 48
39 50
39 57
39 69
39 76
39 78
39 79
39 83
39 84
39 87
39 89
39 92
39 96
40 1
40 7
40 9
40 15
40 16
40 18
40 19
40 20
40 33
40 35
40 36
40 40
40 43
40 51
40 52
40 53
40 54
40 56
40 57
40 59
40 65
40 66
40 69
40 72
40 73
40 74
40 79
40 82
40 86
40 88
40 90
40 91
40 94
40 96
41 2
41 3
41 4
41 5
41 11
41 16
41 17
41 24
41 33
41 36
41 45
41 46
41 59
41 62
41 63
41 64
41 71
41 72
41 80
41 90
41 93
41 95
41 96
41 97
41 99
42 1
42 2
42 4
42 11
42 12
42 20
42 26
42 27
42 29
42 32
42 40
42 41
42 49
42 51
42 53
42 54
42 55
42 57
42 58
42 62
42 65
42 67
42 68
42 71
42 74
42 77
42 80
42 85
42 97
43 6
43 12
43 13
43 14
43 17
43 21
43 25
43 26
43 32
43 35
43 36
43 37
43 38
43 39
43 41
43 44
43 45
43 52
43 53
43 57
43 59
43 63
43 64
43 67
43 70
43 78
43 86
43 87
43 97
44 1
44 11
44 12
44 13
44 14
44 19
44 23
44 25
44 28
44 29
44 30
44 31
44 34
44 35
44 36
44 50
44 53
44 56
44 57
44 59
44 62
44 63
44 68
44 70
44 71
44 78
44 85
44 90
44 91
45 0
45 1
45 6
45 7
45 11
45 16
45 19
45 22
45 23
45 30
45 31
45 36
45 48
45 49
45 54
45 57
45 68
45 72
45 74
45 76
45 77
45 79
45 83
45 84
45 91
45 92
45 94
45 95
46 3
46 4
46 9
46 15
46 22
46 28
46 30
46 33
46 35
46 36
46 39
46 40
46 41
46 42
46 46
46 48
46 49
46 51
46 55
46 60
46 66
46 72
46 77
46 85
46 86
46 89
46 91
46 94
46 97
47 4
47 5
47 19
47 20
47 28
47 30
47 32
47 35
47 42
47 43
47 44
47 45
47 47
47 48
47 75
47 76
47 78
47 80
47 82
47 86
47 89
47 90
48 9
48 10
48 11
48 14
48 15
48 24
48 25
48 28
48 29
48 31
48 34
48 37
48 40
48 41
48 42
48 44
48 49
48 55
48 56
48 57
48 59
48 70
48 72
48 76
48 77
48 80
48 95
49 3
49 4
49 5
49 7
49 8
49 10
49 12
49 14
49 17
49 19
49 27
49 28
49 31
49 40
49 44
49 45
49 47
49 48
49 56
49 58
49 65
49 68
49 70
49 75
49 78
49 79
49 80
49 82
49 84
49 85
49 86
49 87
49 89
49 90
49 92
49 94
49 99
49 100
50 1
50 12
50 14
50 19
50 21
50 22
50 25
50 29
50 30
50 32
50 36
50 38
50 40
50 42
50 45
50 48
50 50
50 52
50 56
50 58
50 59
50 60
50 64
50 66
50 70
50 71
50 72
50 78
50 87
50 88
50 89
50 91
50 95
50 97
50 98
51 4
51 6
51 8
51 12
51 14
51 15
51 16
51 20
51 24
51 26
51 30
51 31
51 32
51 35
51 36
51 41
51 42
51 44
51 48
51 51
51 53
51 56
51 58
51 59
51 60
51 62
51 65
51 67
51 69
51 71
51 79
51 80
51 82
51 87
51 88
51 90
51 91
51 93
51 97
51 98
51 99
51 100
52 1
52 3
52 7
52 10
52 12
52 18
52 24
52 26
52 36
52 43
52 48
52 50
52 54
52 55
52 57
52 61
52 63
52 67
52 71
52 81
52 83
52 87
52 93
53 0
53 1
53 9
53 15
53 16
53 22
53 25
53 27
53 34
53 39
53 43
53 45
53 51
53 56
53 60
53 61
53 64
53 65
53 69
53 71
53 78
53 79
53 80
53 85
53 87
53 90
53 95
53 100
54 0
54 7
54 10
54 11
54 17
54 20
54 21
54 29
54 31
54 33
54 36
54 38
54 39
54 43
54 45
54 46
54 47
54 49
54 51
54 52
54 55
54 57
54 60
54 64
54 66
54 72
54 73
54 77
54 89
54 90
54 91
54 93
54 97
55 0
55 4
55 10
55 11
55 12
55 13
55 14
55 19
55 20
55 22
55 23
55 29
55 30
55 34
55 35
55 40
55 43
55 44
55 46
55 47
55 49
55 54
55 58
55 59
55 62
55 63
55 67
55 69
55 75
55 78
55 81
55 86
55 92
55 95
56 0
56 3
56 4
56 8
56 17
56 24
56 26
56 29
56 31
56 33
56 36
56 44
56 49
56 52
56 56
56 58
56 61
56 62
56 64
56 65
56 68
56 71
56 72
56 74
56 75
56 77
56 78
56 81
56 82
56 86
56 91
56 94
57 1
57 2
57 4
57 5
57 8
57 11
57 17
57 19
57 28
57 32
57 33
57 34
57 35
57 38
57 40
57 46
57 47
57 50
57 55
57 56
57 60
57 61
57 63
57 70
57 74
57 82
57 84
57 89
57 95
57 97
57 98
57 99
58 1
58 6
58 11
58 16
58 20
58 21
58 26
58 30
58 31
58 37
58 38
58 42
58 47
58 48
58 49
58 58
58 61
58 63
58 65
58 68
58 71
58 72
58 77
58 79
58 84
58 87
58 88
58 94
59 0
59 1
59 2
59 6
59 7
59 9
59 10
59 13
59 17
59 18
59 23
59 25
59 34
59 35
59 40
59 42
59 44
59 49
59 53
59 55
59 60
59 61
59 65
59 67
59 69
59 73
59 77
59 84
59 87
59 89
59 94
59 97
60 10
60 24
60 25
60 29
60 31
60 35
60 37
60 44
60 45
60 46
60 50
60 55
60 58
60 65
60 69
60 73
60 77
60 80
60 81
60 85
60 88
60 99
61 2
61 6
61 11
61 14
61 15
61 29
61 30
61 31
61 32
61 33
61 35
61 41
61 46
61 47
61 48
61 49
61 55
61 56
61 62
61 63
61 66
61 68
61 74
61 80
61 81
61 82
61 86
61 88
61 89
61 91
61 99
61 100
62 7
62 9
62 10
62 13
62 15
62 20
62 24
62 32
62 33
62 34
62 37
62 38
62 39
62 46
62 48
62 49
62 50
62 62
62 67
62 72
62 75
62 81
62 82
62 83
62 85
62 89
62 92
62 93
62 97
62 98
63 0
63 1
63 2
63 8
63 12
63 13
63 15
63 18
63 19
63 22
63 26
63 34
63 37
63 38
63 42
63 49
63 54
63 55
63 56
63 62
63 65
63 71
63 75
63 77
63 82
63 84
63 86
63 90
63 97
64 4
64 14
64 23
64 27
64 29
64 30
64 34
64 37
64 38
64 40
64 41
64 48
64 55
64 56
64 58
64 59
64 61
64 66
64 69
64 72
64 73
64 87
64 90
64 95
64 100
65 1
65 3
65 5
65 6
65 8
65 10
65 11
65 18
65 19
65 21
65 30
65 38
65 40
65 41
65 44
65 50
65 51
65 53
65 56
65 57
65 58
65 62
65 65
65 66
65 68
65 71
65 73
65 74
65 80
65 82
65 86
65 87
65 93
65 98
65 99
66 0
66 13
66 15
66 19
66 35
66 38
66 39
66 40
66 41
66 50
66 51
66 53
66 55
66 59
66 60
66 62
66 63
66 69
66 75
66 78
66 83
66 90
66 98
66 99
67 0
67 18
67 21
67 27
67 28
67 31
67 36
67 40
67 41
67 44
67 47
67 49
67 54
67 55
67 56
67 67
67 69
67 70
67 78
67 79
67 84
67 91
67 93
67 98
67 100
68 4
68 5
68 6
68 7
68 9
68 10
68 11
68 12
68 20
68 23
68 24
68 35
68 37
68 41
68 42
68 43
68 45
68 59
68 65
68 66
68 70
68 74
68 76
68 78
68 79
68 83
68 89
68 92
68 96
68 100
69 2
69 5
69 8
69 10
69 12
69 14
69 15
69 16
69 25
69 30
69 31
69 35
69 36
69 41
69 42
69 43
69 46
69 47
69 49
69 54
69 55
69 57
69 58
69 59
69 60
69 64
69 67
69 70
69 72
69 75
69 77
69 81
69 82
69 91
69 95
70 6
70 8
70 10
70 12
70 14
70 27
70 29
70 30
70 35
70 39
70 43
70 54
70 59
70 61
70 67
70 76
70 78
70 80
70 85
70 87
70 88
70 92
71 0
71 2
71 3
71 5
71 8
71 10
71 14
71 16
71 17
71 20
71 23
71 24
71 26
71 27
71 28
71 29
71 35
71 36
71 39
71 41
71 42
71 45
71 52
71 55
71 58
71 63
71 64
71 67
71 70
71 74
71 75
71 76
71 78
71 80
71 82
71 84
71 90
71 91
71 93
71 94
71 100
72 1
72 7
72 9
72 10
72 11
72 15
72 17
72 19
72 24
72 26
72 27
72 30
72 37
72 43
72 45
72 48
72 50
72 52
72 56
72 60
72 67
72 68
72 69
72 70
72 71
72 72
72 73
72 74
72 77
72 86
72 91
72 92
72 98
72 99
72 100
73 3
73 4
73 5
73 7
73 8
73 11
73 12
73 19
73 24
73 25
73 31
73 33
73 35
73 36
73 39
73 41
73 45
73 46
73 47
73 50
73 56
73 60
73 61
73 62
73 63
73 76
73 77
73 79
73 82
73 89
73 91
73 92
73 94
73 99
74 0
74 1
74 8
74 12
74 15
74 20
74 21
74 23
74 29
74 30
74 38
74 45
74 53
74 54
74 61
74 62
74 66
74 68
74 69
74 73
74 74
74 75
74 80
74 86
74 89
74 93
74 95
74 96
74 99
75 0
75 3
75 5
75 6
75 7
75 10
75 12
75 13
75 17
75 18
75 21
75 28
75 33
75 37
75 38
75 39
75 45
75 46
75 47
75 54
75 58
75 61
75 62
75 65
75 70
75 72
75 73
75 78
75 81
75 83
75 84
75 90
75 92
75 95
75 96
75 98
76 6
76 8
76 13
76 22
76 23
76 29
76 30
76 32
76 33
76 35
76 37
76 42
76 43
76 45
76 48
76 54
76 60
76 61
76 62
76 63
76 65
76 66
76 72
76 82
76 84
76 87
76 89
76 90
76 93
76 97
77 5
77 6
77 10
77 12
77 14
77 17
77 22
77 23
77 32
77 44
77 49
77 50
77 56
77 60
77 61
77 63
77 64
77 65
77 68
77 72
77 75
77 82
77 85
77 89
77 95
77 96
77 99
77 100
78 5
78 6
78 11
78 14
78 15
78 20
78 21
78 27
78 30
78 34
78 37
78 39
78 40
78 41
78 45
78 48
78 53
78 58
78 59
78 65
78 67
78 69
78 73
78 74
78 75
78 76
78 77
78 80
78 81
78 83
78 93
78 99
78 100
79 1
79 3
79 11
79 13
79 19
79 22
79 27
79 28
79 29
79 31
79 35
79 38
79 40
79 45
79 47
79 51
79 58
79 73
79 84
79 87
79 93
79 94
79 99
80 0
80 1
80 4
80 7
80 9
80 11
80 13
80 17
80 18
80 21
80 24
80 28
80 31
80 34
80 37
80 38
80 43
80 45
80 49
80 50
80 51
80 55
80 56
80 62
80 67
80 71
80 74
80 75
80 84
80 85
80 89
80 90
80 92
80 93
80 95
80 96
80 97
80 99
80 100
81 8
81 9
81 11
81 18
81 23
81 30
81 34
81 36
81 39
81 40
81 41
81 45
81 50
81 55
81 65
81 66
81 67
81 73
81 74
81 77
81 85
81 86
82 1
82 6
82 8
82 11
82 13
82 26
82 27
82 31
82 33
82 37
82 46
82 47
82 51
82 58
82 68
82 69
82 74
82 79
82 80
82 81
82 90
82 94
82 97
83 3
83 5
83 8
83 11
83 13
83 15
83 17
83 21
83 22
83 25
83 26
83 30
83 31
83 38
83 42
83 46
83 51
83 53
83 55
83 59
83 62
83 65
83 68
83 73
83 74
83 77
83 79
83 80
83 85
83 89
83 90
83 95
83 96
83 97
84 0
84 1
84 2
84 6
84 10
84 12
84 15
84 16
84 24
84 27
84 31
84 33
84 37
84 38
84 40
84 44
84 50
84 56
84 61
84 62
84 65
84 67
84 68
84 71
84 81
84 87
84 89
84 90
84 91
84 94
85 0
85 2
85 5
85 8
85 10
85 11
85 15
85 18
85 23
85 24
85 31
85 34
85 40
85 42
85 43
85 45
85 46
85 47
85 50
85 52
85 54
85 57
85 67
85 72
85 74
85 81
85 84
85 99
86 2
86 4
86 6
86 18
86 19
86 20
86 21
86 27
86 35
86 38
86 44
86 46
86 51
86 60
86 61
86 66
86 70
86 75
86 80
86 83
86 84
86 85
86 86
86 87
86 88
86 90
86 93
86 96
86 97
87 0
87 1
87 3
87 4
87 9
87 11
87 14
87 18
87 19
87 23
87 24
87 28
87 35
87 36
87 38
87 41
87 43
87 44
87 47
87 48
87 49
87 53
87 57
87 67
87 85
87 96
87 97
87 99
87 100
88 4
88 12
88 14
88 20
88 21
88 22
88 28
88 33
88 47
88 48
88 50
88 52
88 55
88 56
88 59
88 66
88 67
88 69
88 72
88 75
88 80
88 81
88 82
88 86
88 90
88 91
88 92
88 95
88 100
89 9
89 12
89 17
89 18
89 19
89 21
89 22
89 29
89 31
89 33
89 39
89 42
89 45
89 50
89 59
89 60
89 67
89 70
89 78
89 79
89 85
89 90
89 91
89 92
89 96
90 2
90 3
90 15
90 16
90 18
90 20
90 24
90 29
90 30
90 32
90 37
90 41
90 45
90 48
90 51
90 53
90 55
90 60
90 64
90 71
90 75
90 78
90 79
90 81
90 84
90 85
90 90
90 92
90 96
90 97
90 98
91 0
91 1
91 2
91 11
91 15
91 21
91 24
91 26
91 29
91 30
91 33
91 35
91 36
91 37
91 40
91 41
91 46
91 48
91 49
91 51
91 53
91 55
91 56
91 60
91 61
91 62
91 69
91 70
91 74
91 76
91 80
91 81
91 86
91 88
91 93
91 94
91 96
92 0
92 3
92 4
92 6
92 11
92 13
92 15
92 17
92 18
92 19
92 20
92 24
92 26
92 32
92 34
92 35
92 36
92 38
92 40
92 44
92 49
92 52
92 55
92 59
92 60
92 71
92 73
92 75
92 76
92 80
92 86
92 88
92 96
93 2
93 5
93 6
93 12
93 15
93 18
93 25
93 26
93 28
93 32
93 38
93 41
93 45
93 49
93 53
93 54
93 57
93 58
93 60
93 61
93 64
93 69
93 70
93 74
93 75
93 77
93 81
93 83
93 85
93 86
93 87
93 89
93 96
93 97
93 99
93 100
94 1
94 7
94 8
94 9
94 10
94 11
94 15
94 16
94 17
94 22
94 25
94 26
94 27
94 29
94 35
94 44
94 49
94 52
94 54
94 56
94 59
94 61
94 68
94 70
94 71
94 72
94 73
94 80
94 83
94 85
94 86
94 92
94 93
94 95
95 0
95 2
95 4
95 8
95 9
95 13
95 23
95 34
95 38
95 42
95 44
95 47
95 52
95 56
95 57
95 58
95 62
95 65
95 67
95 72
95 73
95 80
95 81
95 83
95 95
96 3
96 10
96 21
96 22
96 23
96 24
96 26
96 27
96 29
96 30
96 33
96 34
96 36
96 39
96 43
96 44
96 49
96 55
96 57
96 58
96 60
96 62
96 72
96 76
96 78
96 86
96 92
96 94
96 96
96 100
97 1
97 6
97 9
97 10
97 13
97 17
97 26
97 28
97 30
97 31
97 33
97 35
97 37
97 41
97 42
97 45
97 46
97 49
97 58
97 61
97 64
97 69
97 73
97 74
97 75
97 76
97 77
97 78
97 79
97 84
97 93
97 94
97 97
97 99
97 100
98 1
98 5
98 10
98 12
98 13
98 19
98 21
98 22
98 25
98 26
98 29
98 32
98 34
98 38
98 46
98 50
98 53
98 55
98 56
98 60
98 61
98 64
98 74
98 77
98 78
98 80
98 81
98 82
98 87
98 90
98 92
98 99
98 100
99 1
99 2
99 7
99 12
99 13
99 16
99 27
99 28
99 29
99 32
99 33
99 34
99 35
99 38
99 40
99 41
99 42
99 44
99 48
99 51
99 59
99 60
99 67
99 72
99 73
99 74
99 76
99 82
99 83
99 85
99 90
99 94
99 97
99 98
99 99
99 100
100 1
100 2
100 4
100 5
100 8
100 18
100 19
100 22
100 25
100 27
100 37
100 38
100 40
100 42
100 47
100 49
100 54
100 55
100 56
100 58
100 62
100 64
100 68
100 70
100 72
100 74
100 80
100 83
100 85
100 89
100 90
100 93
100 96
100 99
100 100
