0 0
0 1
0 3
0 5
0 8
0 20
0 21
0 23
0 29
0 38
0 39
0 51
0 55
0 60
0 65
0 68
0 70
0 74
0 76
0 77
0 80
0 81
0 84
0 87
0 89
0 92
0 94
0 97
0 98
0 100
1 4
1 12
1 16
1 21
1 23
1 25
1 34
1 35
1 36
1 37
1 39
1 48
1 52
1 53
1 56
1 59
1 63
1 68
1 70
1 71
1 72
1 74
1 75
1 79
1 80
1 86
1 89
1 90
1 93
1 94
1 97
2 0
2 6
2 8
2 12
2 13
2 22
2 27
2 28
2 31
2 34
2 36
2 37
2 39
2 40
2 43
2 47
2 51
2 56
2 63
2 67
2 71
2 72
2 74
2 81
2 89
2 97
2 99
3 1
3 4
3 6
3 7
3 10
3 11
3 16
3 22
3 28
3 29
3 31
3 37
3 44
3 48
3 55
3 58
3 62
3 64
3 65
3 66
3 67
3 71
3 74
3 81
3 86
3 87
3 91
3 94
3 96
3 100
4 4
4 9
4 11
4 13
4 14
4 16
4 17
4 18
4 19
4 20
4 26
4 27
4 31
4 33
4 34
4 39
4 42
4 44
4 51
4 55
4 56
4 73
4 83
4 92
5 2
5 4
5 5
5 6
5 7
5 8
5 9
5 18
5 20
5 22
5 24
5 26
5 29
5 37
5 39
5 40
5 45
5 48
5 49
5 51
5 56
5 59
5 63
5 64
5 71
5 73
5 76
5 80
5 86
5 88
5 92
5 97
6 2
6 5
6 9
6 13
6 14
6 16
6 25
6 26
6 27
6 29
6 30
6 32
6 33
6 35
6 36
6 39
6 42
6 47
6 48
6 52
6 58
6 60
6 65
6 69
6 75
6 76
6 78
6 81
6 89
6 91
6 95
6 100
7 0
7 1
7 4
7 6
7 15
7 17
7 18
7 19
7 21
7 25
7 26
7 28
7 36
7 37
7 39
7 42
7 43
7 49
7 55
7 56
7 57
7 60
7 62
7 64
7 72
7 77
7 80
7 88
7 96
7 97
8 3
8 7
8 9
8 12
8 18
8 19
8 21
8 23
8 27
8 29
8 31
8 32
8 38
8 39
8 40
8 42
8 43
8 48
8 49
8 53
8 55
8 58
8 61
8 62
8 67
8 69
8 71
8 74
8 75
8 77
8 79
8 83
8 85
8 90
8 95
8 96
8 99
9 1
9 2
9 7
9 8
9 10
9 11
9 12
9 16
9 19
9 26
9 31
9 34
9 36
9 38
9 40
9 43
9 48
9 51
9 57
9 65
9 68
9 70
9 73
9 75
9 77
9 81
9 82
9 83
9 85
9 86
9 89
9 100
10 3
10 5
10 7
10 8
10 10
10 11
10 13
10 14
10 18
10 19
10 21
10 22
10 29
10 38
10 40
10 47
10 55
10 56
10 57
10 59
10 65
10 66
10 74
10 78
10 82
10 87
10 88
10 91
10 98
11 1
11 4
11 5
11 6
11 9
11 11
11 13
11 15
11 17
11 18
11 21
11 23
11 32
11 38
11 43
11 49
11 51
11 52
11 57
11 60
11 69
11 70
11 74
11 75
11 76
11 80
11 81
11 86
11 92
11 97
12 1
12 4
12 10
12 13
12 15
12 16
12 21
12 23
12 28
12 41
12 48
12 55
12 57
12 59
12 62
12 67
12 69
12 72
12 73
12 74
12 77
12 81
12 82
12 84
12 87
12 89
12 90
13 0
13 5
13 10
13 12
13 15
13 18
13 21
13 23
13 24
13 31
13 35
13 36
13 57
13 59
13 65
13 66
13 68
13 70
13 71
13 73
13 74
13 77
13 78
13 79
13 83
13 84
13 87
13 89
13 90
13 93
13 95
14 1
14 4
14 7
14 10
14 11
14 18
14 22
14 24
14 25
14 27
14 30
14 32
14 41
14 42
14 43
14 44
14 46
14 47
14 48
14 52
14 54
14 57
14 64
14 67
14 71
14 72
14 75
14 78
14 79
14 81
14 84
14 87
14 98
15 0
15 4
15 5
15 6
15 8
15 15
15 19
15 22
15 23
15 26
15 31
15 35
15 42
15 44
15 47
15 52
15 56
15 61
15 63
15 71
15 77
15 78
15 81
15 86
15 91
15 94
15 95
15 97
15 100
16 0
16 12
16 14
16 17
16 18
16 20
16 22
16 34
16 36
16 38
16 47
16 51
16 57
16 59
16 63
16 64
16 77
16 81
16 82
16 84
16 88
16 89
16 93
16 96
16 97
16 100
17 0
17 9
17 10
17 12
17 13
17 17
17 24
17 26
17 28
17 32
17 34
17 42
17 46
17 48
17 50
17 54
17 55
17 58
17 61
17 67
17 68
17 72
17 76
17 79
17 80
17 84
17 85
17 86
17 87
17 91
17 95
18 5
18 9
18 10
18 11
18 12
18 16
18 21
18 25
18 29
18 36
18 40
18 41
18 43
18 47
18 50
18 57
18 58
18 60
18 70
18 71
18 74
18 75
18 80
18 82
18 83
18 84
18 86
18 99
19 2
19 9
19 10
19 11
19 19
19 22
19 24
19 44
19 48
19 51
19 54
19 56
19 64
19 67
19 69
19 70
19 72
19 73
19 74
19 77
19 78
19 79
19 82
19 84
19 93
20 1
20 4
20 10
20 12
20 20
20 21
20 33
20 39
20 42
20 45
20 47
20 52
20 53
20 56
20 58
20 65
20 66
20 67
20 68
20 71
20 76
20 80
20 82
20 84
20 88
20 95
20 99
20 100
21 3
21 6
21 7
21 10
21 12
21 20
21 23
21 26
21 27
21 32
21 37
21 39
21 46
21 47
21 48
21 51
21 54
21 55
21 57
21 60
21 62
21 70
21 78
21 86
21 87
21 91
21 93
21 95
21 97
21 99
22 0
22 1
22 8
22 10
22 14
22 23
22 24
22 26
22 27
22 31
22 33
22 42
22 46
22 47
22 48
22 51
22 54
22 59
22 62
22 65
22 66
22 69
22 74
22 76
22 83
22 86
22 87
22 90
22 94
22 95
23 4
23 5
23 11
23 12
23 15
23 16
23 17
23 22
23 25
23 27
23 37
23 40
23 41
23 46
23 56
23 58
23 64
23 66
23 72
23 75
23 76
23 78
23 84
23 85
23 96
24 2
24 3
24 11
24 20
24 30
24 33
24 34
24 35
24 38
24 39
24 41
24 44
24 45
24 48
24 52
24 53
24 55
24 58
24 61
24 66
24 67
24 69
24 75
24 76
24 79
24 80
24 83
24 84
24 85
24 87
24 88
24 89
24 95
25 3
25 12
25 16
25 17
25 18
25 19
25 21
25 23
25 29
25 34
25 40
25 43
25 49
25 50
25 54
25 55
25 57
25 69
25 72
25 77
25 80
25 82
25 84
25 86
25 87
25 92
25 94
25 97
25 98
25 99
26 4
26 13
26 15
26 16
26 19
26 27
26 28
26 29
26 34
26 35
26 40
26 41
26 49
26 56
26 57
26 59
26 65
26 66
26 71
26 76
26 77
26 78
26 79
26 80
26 86
26 94
26 95
26 97
26 100
27 5
27 7
27 11
27 12
27 16
27 17
27 24
27 26
27 27
27 28
27 31
27 33
27 34
27 36
27 41
27 42
27 46
27 47
27 49
27 51
27 53
27 54
27 60
27 62
27 67
27 74
27 77
27 79
27 81
27 84
27 89
27 91
27 92
27 93
27 96
28 7
28 8
28 9
28 12
28 14
28 15
28 17
28 23
28 24
28 25
28 26
28 27
28 30
28 35
28 37
28 40
28 43
28 51
28 57
28 61
28 62
28 63
28 64
28 65
28 72
28 73
28 77
28 79
28 81
28 82
28 83
28 86
28 87
28 90
28 91
28 94
29 2
29 5
29 9
29 10
29 14
29 22
29 25
29 28
29 32
29 34
29 36
29 37
29 38
29 43
29 51
29 53
29 55
29 56
29 57
29 62
29 64
29 67
29 68
29 73
29 76
29 79
29 82
29 86
29 99
29 100
30 4
30 5
30 6
30 8
30 12
30 15
30 17
30 18
30 22
30 23
30 24
30 28
30 29
30 33
30 35
30 39
30 41
30 54
30 55
30 57
30 58
30 62
30 65
30 67
30 70
30 73
30 75
30 76
30 77
30 79
30 82
30 83
30 84
30 85
30 86
30 92
30 93
30 100
31 3
31 5
31 8
31 11
31 12
31 19
31 29
31 35
31 38
31 40
31 41
31 47
31 48
31 52
31 60
31 61
31 62
31 68
31 70
31 74
31 81
31 86
31 88
31 89
31 92
31 94
31 98
31 99
31 100
32 1
32 5
32 6
32 16
32 18
32 19
32 22
32 23
32 27
32 29
32 32
32 35
32 38
32 43
32 44
32 45
32 49
32 50
32 56
32 58
32 65
32 66
32 73
32 74
32 75
32 83
32 87
32 96
32 98
32 100
33 0
33 1
33 3
33 5
33 10
33 12
33 20
33 27
33 32
33 37
33 41
33 45
33 51
33 59
33 61
33 71
33 73
33 74
33 77
33 80
33 83
33 84
33 87
33 89
33 94
33 95
33 96
34 4
34 5
34 8
34 10
34 18
34 19
34 24
34 29
34 32
34 36
34 37
34 39
34 41
34 42
34 44
34 46
34 48
34 51
34 55
34 66
34 68
34 69
34 71
34 73
34 74
34 90
34 91
34 94
34 95
34 99
35 0
35 3
35 7
35 14
35 16
35 17
35 20
35 22
35 24
35 26
35 28
35 29
35 32
35 33
35 34
35 39
35 40
35 44
35 49
35 51
35 53
35 59
35 67
35 69
35 70
35 77
35 79
35 84
35 86
35 91
35 92
35 98
36 1
36 3
36 7
36 8
36 11
36 20
36 26
36 28
36 31
36 40
36 41
36 42
36 44
36 45
36 47
36 48
36 54
36 57
36 60
36 62
36 64
36 67
36 68
36 82
36 83
36 85
36 88
36 93
36 97
36 98
36 99
37 1
37 7
37 8
37 9
37 12
37 17
37 18
37 26
37 30
37 32
37 35
37 42
37 53
37 58
37 61
37 63
37 65
37 69
37 72
37 73
37 76
37 77
37 79
37 80
37 81
37 90
37 92
37 95
37 98
38 4
38 5
38 10
38 11
38 15
38 24
38 28
38 29
38 35
38 36
38 37
38 40
38 41
38 42
38 44
38 45
38 50
38 51
38 62
38 64
38 69
38 72
38 74
38 78
38 79
38 85
38 88
38 92
38 96
38 97
39 0
39 1
39 4
39 6
39 8
39 11
39 13
39 16
39 20
39 21
39 26
39 34
39 39
39 40
39 43
39 46
39 50
39 52
39 55
39 56
39 58
39 59
39 62
39 65
39 68
39 71
39 74
39 77
39 80
39 83
39 85
39 91
39 93
39 97
39 100
40 0
40 2
40 10
40 11
40 15
40 18
40 20
40 25
40 32
40 35
40 41
40 43
40 45
40 48
40 53
40 62
40 66
40 67
40 69
40 84
40 89
40 91
40 92
40 100
41 13
41 14
41 15
41 16
41 23
41 26
41 27
41 29
41 32
41 39
41 44
41 47
41 49
41 50
41 54
41 57
41 59
41 61
41 63
41 64
41 66
41 68
41 70
41 74
41 76
41 79
41 81
41 82
41 91
41 92
41 95
41 100
42 1
42 8
42 10
42 12
42 16
42 26
42 29
42 33
42 46
42 48
42 50
42 51
42 58
42 65
42 66
42 67
42 69
42 70
42 72
42 73
42 75
42 79
42 81
42 82
42 83
42 84
42 91
42 93
42 95
42 97
43 1
43 2
43 3
43 5
43 7
43 11
43 17
43 18
43 19
43 23
43 26
43 27
43 29
43 30
43 37
43 38
43 40
43 51
43 53
43 54
43 65
43 68
43 70
43 73
43 80
43 90
43 92
43 93
43 94
43 96
44 3
44 5
44 11
44 16
44 20
44 25
44 28
44 30
44 33
44 34
44 39
44 45
44 57
44 58
44 60
44 62
44 64
44 68
44 69
44 70
44 73
44 74
44 79
44 84
44 89
44 91
44 97
44 98
45 1
45 12
45 14
45 15
45 17
45 19
45 23
45 27
45 28
45 30
45 42
45 44
45 45
45 51
45 55
45 57
45 60
45 62
45 65
45 69
45 77
45 80
45 81
45 83
45 85
45 87
45 92
45 96
45 100
46 6
46 7
46 9
46 13
46 15
46 18
46 20
46 22
46 31
46 32
46 34
46 38
46 40
46 42
46 43
46 47
46 51
46 60
46 65
46 66
46 71
46 74
46 75
46 77
46 81
46 83
46 86
46 91
46 92
46 96
47 3
47 7
47 11
47 12
47 13
47 16
47 19
47 20
47 22
47 23
47 25
47 32
47 35
47 36
47 37
47 39
47 43
47 46
47 51
47 55
47 57
47 58
47 62
47 65
47 68
47 69
47 72
47 74
47 77
47 82
47 84
47 89
47 90
47 91
47 92
47 94
47 98
48 1
48 4
48 7
48 8
48 13
48 14
48 19
48 26
48 31
48 40
48 41
48 44
48 45
48 49
48 52
48 54
48 55
48 56
48 69
48 72
48 76
48 84
48 85
48 98
49 3
49 5
49 9
49 16
49 19
49 22
49 25
49 28
49 30
49 32
49 36
49 38
49 39
49 41
49 48
49 51
49 54
49 55
49 69
49 73
49 76
49 77
49 79
49 80
49 82
49 83
49 88
49 89
49 93
49 95
49 98
49 99
50 4
50 5
50 6
50 17
50 18
50 19
50 21
50 25
50 26
50 27
50 31
50 40
50 51
50 53
50 55
50 56
50 57
50 58
50 64
50 66
50 70
50 76
50 79
50 80
50 81
50 82
50 84
50 86
50 89
50 90
50 92
50 93
50 96
50 98
50 99
51 2
51 3
51 6
51 15
51 22
51 23
51 26
51 29
51 37
51 38
51 39
51 40
51 41
51 48
51 49
51 54
51 59
51 60
51 68
51 69
51 71
51 87
51 92
51 93
51 97
52 7
52 11
52 13
52 14
52 21
52 30
52 33
52 34
52 37
52 38
52 39
52 43
52 53
52 54
52 62
52 64
52 66
52 67
52 70
52 71
52 72
52 81
52 94
52 97
53 1
53 2
53 3
53 5
53 6
53 7
53 11
53 14
53 15
53 18
53 20
53 36
53 37
53 43
53 46
53 47
53 48
53 49
53 52
53 59
53 63
53 68
53 71
53 76
53 83
53 90
53 92
53 93
53 98
53 100
54 1
54 11
54 12
54 13
54 17
54 19
54 32
54 33
54 34
54 35
54 39
54 40
54 44
54 52
54 53
54 58
54 70
54 74
54 75
54 79
54 87
54 92
54 93
54 98
54 100
55 0
55 1
55 3
55 4
55 5
55 9
55 12
55 14
55 18
55 20
55 23
55 24
55 28
55 30
55 32
55 39
55 42
55 49
55 54
55 56
55 61
55 67
55 73
55 77
55 80
55 85
55 86
55 88
55 100
56 0
56 3
56 5
56 11
56 19
56 28
56 29
56 31
56 33
56 37
56 43
56 46
56 49
56 56
56 60
56 67
56 68
56 69
56 78
56 81
56 83
56 87
56 89
56 90
56 93
56 94
56 95
56 96
56 97
56 98
57 2
57 9
57 14
57 15
57 16
57 21
57 23
57 30
57 32
57 35
57 36
57 39
57 43
57 46
57 47
57 48
57 51
57 53
57 54
57 55
57 60
57 65
57 67
57 70
57 71
57 89
57 93
57 94
57 99
57 100
58 3
58 5
58 10
58 16
58 17
58 28
58 29
58 31
58 34
58 35
58 37
58 38
58 49
58 54
58 57
58 62
58 66
58 69
58 75
58 80
58 87
58 89
58 93
58 98
59 4
59 5
59 16
59 19
59 23
59 25
59 26
59 34
59 35
59 39
59 45
59 49
59 60
59 72
59 80
59 84
59 85
59 86
59 94
59 99
60 5
60 7
60 13
60 19
60 20
60 21
60 26
60 27
60 28
60 29
60 32
60 34
60 39
60 41
60 48
60 56
60 58
60 60
60 61
60 66
60 72
60 79
60 80
60 82
60 85
60 87
60 91
60 94
60 95
60 97
60 99
61 0
61 8
61 14
61 16
61 17
61 18
61 19
61 22
61 23
61 26
61 27
61 34
61 35
61 38
61 40
61 42
61 44
61 47
61 49
61 53
61 57
61 62
61 65
61 66
61 69
61 72
61 78
61 80
61 81
61 83
61 86
61 92
61 97
62 1
62 2
62 4
62 18
62 19
62 21
62 29
62 30
62 31
62 32
62 34
62 35
62 46
62 51
62 52
62 53
62 56
62 64
62 66
62 67
62 74
62 76
62 77
62 81
62 87
62 88
62 89
62 90
62 96
62 99
63 4
63 6
63 9
63 13
63 14
63 15
63 20
63 22
63 27
63 28
63 29
63 31
63 34
63 38
63 49
63 52
63 53
63 54
63 56
63 58
63 62
63 64
63 65
63 67
63 76
63 81
63 83
63 84
63 85
63 86
63 88
63 90
63 93
63 94
63 100
64 0
64 7
64 12
64 17
64 18
64 19
64 32
64 33
64 38
64 40
64 42
64 45
64 47
64 48
64 49
64 53
64 57
64 58
64 59
64 67
64 70
64 72
64 74
64 75
64 83
64 93
64 97
65 1
65 9
65 10
65 18
65 20
65 26
65 27
65 31
65 34
65 35
65 42
65 44
65 45
65 47
65 54
65 57
65 63
65 64
65 66
65 69
65 73
65 74
65 78
65 91
65 93
65 96
66 0
66 3
66 4
66 5
66 8
66 11
66 13
66 23
66 25
66 26
66 27
66 29
66 30
66 42
66 45
66 52
66 54
66 57
66 67
66 68
66 70
66 75
66 78
66 80
66 84
66 90
66 98
66 100
67 2
67 4
67 6
67 10
67 16
67 18
67 19
67 26
67 32
67 39
67 43
67 45
67 46
67 48
67 54
67 55
67 64
67 65
67 68
67 70
67 71
67 74
67 80
67 92
67 95
67 98
68 5
68 6
68 10
68 11
68 12
68 15
68 21
68 26
68 33
68 38
68 40
68 43
68 45
68 64
68 67
68 74
68 80
68 86
68 90
68 92
68 100
69 1
69 8
69 11
69 13
69 14
69 16
69 22
69 23
69 25
69 27
69 30
69 33
69 34
69 39
69 41
69 59
69 62
69 67
69 77
69 78
69 83
69 88
69 93
69 94
69 95
69 97
69 99
70 0
70 2
70 5
70 6
70 7
70 8
70 9
70 11
70 15
70 16
70 20
70 21
70 23
70 24
70 30
70 32
70 37
70 38
70 39
70 42
70 50
70 51
70 55
70 56
70 61
70 62
70 63
70 69
70 71
70 75
70 78
70 91
70 93
70 94
70 96
70 99
71 2
71 6
71 10
71 12
71 17
71 23
71 27
71 28
71 31
71 37
71 51
71 54
71 55
71 56
71 58
71 59
71 63
71 65
71 67
71 70
71 71
71 72
71 74
71 76
71 77
71 79
71 81
71 82
71 83
71 89
71 93
71 99
72 2
72 8
72 12
72 13
72 15
72 18
72 29
72 31
72 33
72 35
72 39
72 40
72 42
72 46
72 49
72 52
72 59
72 66
72 74
72 76
72 77
72 82
72 86
72 87
72 94
72 95
73 2
73 12
73 17
73 20
73 23
73 32
73 34
73 37
73 38
73 39
73 42
73 44
73 46
73 47
73 50
73 52
73 54
73 58
73 63
73 65
73 66
73 67
73 72
73 76
73 80
73 82
73 87
73 94
73 97
74 0
74 2
74 3
74 9
74 11
74 18
74 19
74 20
74 24
74 27
74 32
74 37
74 38
74 39
74 41
74 42
74 43
74 44
74 49
74 50
74 54
74 58
74 63
74 74
74 76
74 81
74 82
74 85
74 87
74 96
74 97
75 5
75 10
75 15
75 16
75 20
75 24
75 27
75 34
75 37
75 45
75 52
75 57
75 58
75 59
75 66
75 67
75 74
75 77
75 78
75 82
75 89
75 91
75 92
75 95
75 96
75 99
75 100
76 4
76 5
76 7
76 8
76 12
76 18
76 20
76 24
76 28
76 31
76 33
76 34
76 39
76 41
76 47
76 49
76 52
76 55
76 56
76 64
76 69
76 70
76 71
76 72
76 80
76 81
76 84
76 86
76 88
76 89
76 90
76 91
76 92
76 93
76 95
76 98
76 100
77 0
77 1
77 5
77 12
77 13
77 15
77 16
77 20
77 21
77 22
77 23
77 25
77 34
77 35
77 37
77 40
77 47
77 50
77 61
77 63
77 65
77 82
77 85
77 86
77 88
77 91
77 95
77 96
77 99
77 100
78 1
78 5
78 6
78 9
78 11
78 14
78 15
78 18
78 22
78 23
78 24
78 25
78 29
78 35
78 36
78 39
78 40
78 47
78 48
78 52
78 54
78 63
78 69
78 71
78 72
78 78
78 79
78 84
78 89
78 94
78 96
79 0
79 8
79 9
79 11
79 12
79 13
79 14
79 17
79 18
79 19
79 20
79 25
79 26
79 28
79 29
79 33
79 34
79 45
79 46
79 47
79 49
79 50
79 55
79 56
79 57
79 68
79 76
79 79
79 80
79 81
79 82
79 95
79 100
80 0
80 8
80 11
80 13
80 14
80 18
80 20
80 21
80 24
80 27
80 32
80 34
80 39
80 40
80 42
80 54
80 58
80 61
80 70
80 74
80 75
80 77
80 79
80 82
80 88
80 90
80 95
81 0
81 4
81 6
81 12
81 13
81 19
81 22
81 32
81 37
81 38
81 41
81 42
81 50
81 51
81 57
81 61
81 62
81 64
81 68
81 72
81 75
81 85
81 86
81 89
81 92
81 95
81 96
81 97
81 98
82 6
82 7
82 9
82 11
82 17
82 23
82 28
82 33
82 35
82 37
82 39
82 40
82 50
82 51
82 55
82 56
82 67
82 70
82 73
82 80
82 86
82 88
82 91
82 93
82 96
82 97
82 99
83 1
83 6
83 10
83 12
83 14
83 15
83 16
83 20
83 21
83 24
83 26
83 34
83 39
83 44
83 46
83 49
83 52
83 53
83 54
83 57
83 64
83 69
83 79
83 80
83 86
83 88
83 91
83 94
83 95
84 1
84 2
84 3
84 12
84 13
84 19
84 23
84 31
84 37
84 45
84 46
84 47
84 48
84 54
84 56
84 58
84 59
84 65
84 68
84 72
84 73
84 79
84 82
84 94
84 97
84 99
84 100
85 4
85 7
85 8
85 16
85 18
85 22
85 23
85 24
85 26
85 27
85 28
85 29
85 30
85 34
85 35
85 36
85 38
85 39
85 40
85 41
85 45
85 46
85 53
85 59
85 62
85 65
85 77
85 78
85 80
85 81
85 95
85 98
85 100
86 0
86 3
86 5
86 7
86 11
86 13
86 15
86 26
86 28
86 34
86 36
86 47
86 48
86 49
86 52
86 57
86 60
86 62
86 64
86 67
86 68
86 69
86 71
86 73
86 75
86 76
86 78
86 84
86 86
86 88
86 94
86 97
86 100
87 6
87 9
87 28
87 31
87 35
87 49
87 54
87 55
87 56
87 58
87 64
87 66
87 72
87 80
87 81
87 88
87 90
87 91
87 94
87 95
87 97
87 100
88 0
88 2
88 6
88 16
88 22
88 30
88 37
88 40
88 41
88 61
88 62
88 64
88 67
88 68
88 72
88 76
88 80
88 85
88 88
88 93
88 99
88 100
89 1
89 2
89 9
89 10
89 11
89 14
89 17
89 19
89 22
89 23
89 24
89 25
89 29
89 32
89 33
89 35
89 37
89 50
89 52
89 54
89 58
89 62
89 65
89 67
89 81
89 82
89 84
89 85
89 88
89 91
90 6
90 7
90 9
90 18
90 21
90 27
90 30
90 34
90 38
90 50
90 53
90 56
90 60
90 67
90 71
90 77
90 89
90 92
90 93
90 95
90 96
91 6
91 7
91 8
91 10
91 13
91 14
91 16
91 24
91 25
91 29
91 32
91 33
91 34
91 38
91 39
91 40
91 49
91 51
91 52
91 53
91 57
91 60
91 62
91 68
91 71
91 74
91 75
91 85
91 86
91 88
91 91
91 93
91 96
91 98
92 0
92 3
92 5
92 9
92 10
92 20
92 26
92 32
92 43
92 44
92 45
92 51
92 55
92 58
92 64
92 66
92 67
92 69
92 71
92 72
92 77
92 82
92 85
92 92
92 95
93 1
93 4
93 9
93 10
93 11
93 13
93 16
93 18
93 21
93 22
93 24
93 25
93 27
93 29
93 37
93 46
93 55
93 56
93 66
93 74
93 76
93 99
94 6
94 8
94 9
94 14
94 19
94 20
94 23
94 25
94 27
94 28
94 31
94 34
94 36
94 37
94 40
94 41
94 45
94 51
94 52
94 55
94 57
94 58
94 61
94 63
94 65
94 68
94 73
94 87
94 90
94 96
94 98
94 100
95 1
95 2
95 5
95 7
95 10
95 11
95 14
95 17
95 26
95 27
95 32
95 33
95 34
95 38
95 47
95 56
95 58
95 62
95 74
95 76
95 77
95 78
95 84
95 85
95 87
95 88
95 90
95 94
95 99
96 1
96 4
96 5
96 9
96 10
96 12
96 14
96 17
96 21
96 22
96 36
96 39
96 41
96 42
96 45
96 48
96 49
96 53
96 57
96 59
96 60
96 64
96 66
96 69
96 70
96 74
96 77
96 79
96 83
96 85
96 91
96 92
96 93
96 94
96 99
97 2
97 3
97 8
97 9
97 10
97 12
97 23
97 24
97 26
97 29
97 35
97 36
97 37
97 40
97 47
97 48
97 52
97 56
97 58
97 63
97 65
97 70
97 72
97 73
97 77
97 85
97 93
97 95
97 97
98 2
98 6
98 7
98 8
98 11
98 14
98 18
98 22
98 26
98 27
98 28
98 29
98 44
98 45
98 47
98 48
98 50
98 59
98 63
98 64
98 66
98 67
98 68
98 74
98 75
98 76
98 78
98 82
98 86
98 88
98 89
98 90
98 91
98 99
99 3
99 6
99 9
99 10
99 11
99 12
99 15
99 18
99 21
99 26
99 28
99 31
99 32
99 35
99 36
99 37
99 38
99 39
99 42
99 43
99 54
99 55
99 60
99 61
99 65
99 71
99 76
99 77
99 78
99 87
99 90
99 94
99 98
99 99
100 4
100 6
100 8
100 13
100 23
100 26
100 30
100 35
100 37
100 38
100 40
100 41
100 43
100 49
100 55
100 67
100 79
100 89
100 97
100 100
