0 0
0 2
0 3
0 4
0 9
0 10
0 12
0 17
0 19
0 21
0 23
0 25
0 26
0 27
0 32
0 33
0 34
0 35
0 36
0 37
0 43
0 47
0 50
0 53
0 55
0 60
0 61
0 68
0 69
0 70
0 71
0 79
0 89
0 98
0 100
1 0
1 3
1 5
1 12
1 15
1 16
1 22
1 23
1 24
1 29
1 34
1 37
1 39
1 44
1 46
1 48
1 49
1 50
1 51
1 56
1 59
1 61
1 65
1 71
1 74
1 78
1 80
1 87
2 0
2 2
2 10
2 11
2 15
2 19
2 33
2 34
2 36
2 37
2 40
2 41
2 44
2 45
2 48
2 53
2 56
2 59
2 60
2 62
2 63
2 64
2 68
2 73
2 77
2 81
2 85
2 93
2 95
2 97
3 1
3 9
3 10
3 18
3 20
3 21
3 22
3 25
3 31
3 35
3 41
3 42
3 43
3 44
3 46
3 47
3 50
3 52
3 56
3 58
3 60
3 64
3 73
3 76
3 82
3 84
3 87
3 92
3 94
3 95
3 98
4 3
4 5
4 7
4 8
4 13
4 18
4 21
4 23
4 28
4 32
4 37
4 42
4 48
4 52
4 53
4 57
4 59
4 62
4 66
4 67
4 73
4 74
4 75
4 76
4 84
4 85
4 94
4 98
4 99
5 1
5 2
5 3
5 5
5 8
5 15
5 17
5 19
5 22
5 30
5 31
5 35
5 39
5 44
5 45
5 47
5 53
5 58
5 59
5 60
5 61
5 62
5 63
5 65
5 67
5 68
5 74
5 81
5 82
5 86
5 87
5 88
5 91
5 92
5 94
5 95
5 96
5 99
6 2
6 3
6 9
6 14
6 19
6 21
6 26
6 33
6 35
6 36
6 37
6 38
6 39
6 40
6 41
6 44
6 48
6 54
6 56
6 58
6 60
6 63
6 68
6 69
6 70
6 72
6 73
6 75
6 77
6 78
6 79
6 81
6 95
6 97
6 100
7 2
7 5
7 8
7 12
7 14
7 15
7 18
7 19
7 20
7 21
7 22
7 27
7 30
7 34
7 35
7 37
7 41
7 42
7 43
7 49
7 55
7 60
7 62
7 69
7 80
7 85
7 88
7 93
7 95
7 96
7 98
8 2
8 3
8 6
8 7
8 11
8 14
8 15
8 27
8 31
8 32
8 34
8 35
8 38
8 40
8 42
8 47
8 52
8 57
8 59
8 60
8 65
8 67
8 78
8 81
8 82
8 84
8 85
8 89
8 91
9 3
9 7
9 9
9 11
9 18
9 20
9 21
9 26
9 30
9 31
9 33
9 37
9 40
9 42
9 43
9 47
9 50
9 52
9 53
9 60
9 61
9 62
9 65
9 71
9 72
9 73
9 75
9 78
9 82
9 83
9 87
9 89
9 90
9 92
9 93
9 94
10 1
10 9
10 13
10 14
10 15
10 19
10 23
10 24
10 26
10 28
10 31
10 32
10 36
10 37
10 42
10 45
10 46
10 50
10 51
10 53
10 55
10 59
10 63
10 64
10 66
10 67
10 74
10 77
10 83
10 89
10 90
10 92
10 93
10 95
11 1
11 2
11 4
11 9
11 11
11 13
11 14
11 19
11 21
11 23
11 35
11 36
11 41
11 42
11 43
11 47
11 48
11 49
11 51
11 53
11 57
11 61
11 62
11 64
11 66
11 67
11 69
11 70
11 71
11 73
11 74
11 75
11 76
11 79
11 80
11 85
11 88
11 91
11 93
11 94
11 95
11 96
11 98
11 99
12 2
12 3
12 7
12 8
12 11
12 15
12 16
12 22
12 24
12 29
12 30
12 34
12 37
12 45
12 46
12 49
12 51
12 57
12 58
12 63
12 64
12 67
12 71
12 76
12 84
12 85
12 86
12 88
12 89
12 90
12 96
12 97
13 2
13 9
13 11
13 12
13 13
13 14
13 15
13 19
13 26
13 27
13 32
13 33
13 34
13 38
13 39
13 42
13 46
13 50
13 54
13 55
13 56
13 61
13 64
13 66
13 68
13 70
13 72
13 76
13 78
13 84
13 88
13 93
13 98
14 1
14 5
14 11
14 12
14 16
14 17
14 23
14 28
14 32
14 33
14 42
14 43
14 45
14 49
14 52
14 53
14 58
14 61
14 62
14 63
14 64
14 66
14 67
14 70
14 85
14 88
14 96
14 98
15 3
15 4
15 6
15 10
15 11
15 15
15 16
15 17
15 22
15 25
15 30
15 32
15 35
15 36
15 38
15 43
15 45
15 48
15 57
15 58
15 60
15 68
15 69
15 74
15 80
15 81
15 82
15 83
15 85
15 89
15 93
15 94
15 97
15 99
16 3
16 5
16 10
16 12
16 16
16 21
16 22
16 29
16 30
16 32
16 34
16 35
16 38
16 40
16 41
16 44
16 53
16 57
16 58
16 64
16 68
16 69
16 74
16 84
16 86
16 87
16 89
16 90
16 92
16 93
17 0
17 4
17 5
17 9
17 11
17 13
17 14
17 26
17 32
17 45
17 47
17 55
17 56
17 57
17 58
17 61
17 62
17 65
17 66
17 71
17 75
17 86
17 88
17 93
17 95
17 97
18 3
18 4
18 12
18 14
18 15
18 25
18 27
18 28
18 29
18 38
18 50
18 52
18 55
18 56
18 60
18 61
18 66
18 69
18 74
18 77
18 78
18 79
18 81
18 86
18 87
18 88
18 89
18 99
19 5
19 9
19 13
19 17
19 19
19 21
19 31
19 32
19 37
19 42
19 47
19 51
19 52
19 54
19 55
19 56
19 58
19 60
19 63
19 66
19 68
19 69
19 71
19 72
19 76
19 79
19 87
19 90
19 92
19 95
19 96
19 98
19 99
20 4
20 6
20 12
20 14
20 16
20 18
20 19
20 20
20 22
20 28
20 29
20 33
20 36
20 37
20 38
20 39
20 41
20 44
20 48
20 51
20 53
20 58
20 61
20 62
20 74
20 79
20 84
20 86
20 87
20 89
20 90
20 92
20 93
20 96
20 97
21 16
21 20
21 21
21 25
21 31
21 36
21 41
21 42
21 48
21 52
21 56
21 57
21 61
21 62
21 64
21 73
21 82
21 83
21 88
21 89
21 95
21 98
22 14
22 16
22 19
22 23
22 28
22 33
22 36
22 39
22 40
22 43
22 48
22 49
22 52
22 53
22 62
22 63
22 67
22 68
22 69
22 70
22 71
22 75
22 78
22 81
22 85
22 86
22 87
22 88
22 89
22 91
22 94
22 98
22 99
22 100
23 1
23 2
23 3
23 9
23 11
23 17
23 20
23 22
23 24
23 27
23 32
23 34
23 36
23 37
23 44
23 45
23 48
23 50
23 51
23 54
23 55
23 57
23 58
23 60
23 61
23 64
23 68
23 76
23 77
23 81
23 82
23 84
23 95
23 96
24 2
24 3
24 5
24 8
24 10
24 11
24 12
24 13
24 15
24 19
24 26
24 29
24 34
24 39
24 40
24 46
24 47
24 49
24 60
24 62
24 73
24 74
24 76
24 80
24 81
24 89
24 91
24 93
24 94
24 95
24 98
24 99
25 0
25 1
25 5
25 6
25 8
25 10
25 12
25 19
25 21
25 26
25 28
25 30
25 32
25 35
25 38
25 49
25 51
25 53
25 58
25 59
25 62
25 63
25 68
25 69
25 70
25 72
25 73
25 76
25 80
25 82
25 85
25 86
25 93
25 95
25 96
25 97
25 99
26 2
26 3
26 7
26 12
26 14
26 17
26 19
26 22
26 30
26 31
26 33
26 36
26 39
26 42
26 48
26 49
26 51
26 54
26 56
26 60
26 65
26 71
26 72
26 73
26 76
26 80
26 81
26 87
26 99
27 6
27 10
27 12
27 14
27 15
27 16
27 19
27 20
27 23
27 24
27 28
27 32
27 33
27 35
27 38
27 42
27 44
27 47
27 51
27 55
27 56
27 68
27 69
27 70
27 74
27 76
27 80
27 86
27 94
27 97
27 100
28 0
28 2
28 9
28 12
28 14
28 16
28 17
28 19
28 22
28 23
28 28
28 29
28 32
28 37
28 40
28 41
28 43
28 47
28 49
28 50
28 61
28 62
28 65
28 67
28 74
28 80
28 83
28 85
28 96
28 97
28 98
28 99
29 3
29 4
29 5
29 9
29 11
29 12
29 14
29 18
29 20
29 24
29 34
29 35
29 37
29 42
29 44
29 50
29 51
29 59
29 61
29 62
29 65
29 67
29 75
29 78
29 80
29 97
29 99
30 0
30 2
30 5
30 6
30 14
30 15
30 21
30 22
30 24
30 28
30 31
30 41
30 50
30 53
30 58
30 62
30 70
30 75
30 82
30 83
30 86
30 93
31 0
31 1
31 6
31 8
31 9
31 10
31 11
31 15
31 23
31 25
31 29
31 31
31 33
31 37
31 38
31 44
31 49
31 55
31 59
31 62
31 64
31 71
31 73
31 74
31 76
31 80
31 83
31 84
31 90
31 91
31 93
31 97
31 99
31 100
32 11
32 12
32 17
32 23
32 27
32 29
32 30
32 34
32 38
32 40
32 42
32 43
32 46
32 51
32 52
32 58
32 63
32 67
32 71
32 73
32 76
32 79
32 88
32 89
33 4
33 5
33 8
33 13
33 14
33 16
33 17
33 23
33 24
33 25
33 26
33 28
33 31
33 32
33 33
33 41
33 48
33 51
33 52
33 64
33 67
33 72
33 74
33 77
33 80
33 86
33 88
33 95
33 97
33 98
33 99
34 6
34 17
34 18
34 27
34 28
34 29
34 39
34 41
34 43
34 45
34 59
34 66
34 67
34 68
34 72
34 75
34 76
34 78
34 80
34 81
34 82
34 84
34 87
34 94
34 97
35 5
35 6
35 8
35 10
35 14
35 23
35 24
35 26
35 27
35 31
35 37
35 44
35 46
35 54
35 56
35 57
35 69
35 72
35 73
35 75
35 79
35 81
35 82
35 83
35 89
35 91
36 0
36 6
36 12
36 15
36 20
36 25
36 27
36 31
36 32
36 36
36 38
36 42
36 46
36 48
36 56
36 58
36 68
36 69
36 71
36 72
36 80
36 83
36 93
36 94
36 98
37 1
37 3
37 7
37 10
37 16
37 17
37 24
37 25
37 27
37 31
37 33
37 34
37 38
37 40
37 44
37 46
37 47
37 51
37 54
37 55
37 58
37 62
37 63
37 69
37 78
37 79
37 81
37 84
37 87
37 90
37 95
37 97
37 100
38 5
38 7
38 11
38 16
38 19
38 20
38 31
38 45
38 47
38 48
38 56
38 61
38 63
38 66
38 70
38 77
38 80
38 81
38 83
38 89
38 94
38 97
38 98
38 99
39 5
39 6
39 8
39 14
39 16
39 17
39 19
39 20
39 21
39 22
39 24
39 31
39 37
39 40
39 42
39 44
39 46
39 54
39 56
39 63
39 68
39 71
39 76
39 80
39 84
39 86
39 98
39 99
39 100
40 5
40 6
40 10
40 12
40 16
40 20
40 29
40 33
40 36
40 39
40 44
40 50
40 55
40 65
40 67
40 70
40 80
40 81
40 82
40 83
40 87
40 89
40 94
40 95
40 96
40 100
41 14
41 17
41 21
41 24
41 35
41 37
41 41
41 46
41 48
41 51
41 53
41 57
41 59
41 61
41 63
41 67
41 74
41 86
41 88
41 89
41 92
41 94
41 96
41 97
41 99
41 100
42 0
42 2
42 7
42 17
42 19
42 22
42 23
42 28
42 33
42 35
42 42
42 43
42 45
42 46
42 50
42 55
42 56
42 58
42 68
42 73
42 74
42 76
42 79
42 85
42 89
42 90
42 91
42 97
43 3
43 4
43 8
43 10
43 14
43 18
43 19
43 21
43 22
43 23
43 24
43 27
43 36
43 38
43 42
43 43
43 44
43 45
43 46
43 47
43 49
43 50
43 52
43 55
43 57
43 58
43 60
43 61
43 63
43 67
43 73
43 77
43 81
43 83
43 92
43 93
43 95
43 97
43 99
43 100
44 1
44 4
44 5
44 6
44 11
44 15
44 18
44 23
44 26
44 27
44 31
44 32
44 34
44 36
44 37
44 39
44 45
44 46
44 48
44 50
44 61
44 62
44 64
44 67
44 69
44 70
44 71
44 73
44 74
44 79
44 82
44 83
44 86
44 87
44 89
44 91
44 100
45 8
45 11
45 12
45 13
45 14
45 17
45 19
45 31
45 36
45 43
45 44
45 48
45 54
45 55
45 56
45 58
45 59
45 60
45 67
45 70
45 71
45 73
45 78
45 94
46 0
46 2
46 4
46 6
46 7
46 8
46 10
46 19
46 27
46 29
46 32
46 33
46 34
46 37
46 39
46 40
46 46
46 51
46 53
46 54
46 57
46 61
46 63
46 67
46 68
46 72
46 74
46 77
46 78
46 80
46 81
46 83
46 90
46 91
46 93
46 95
46 96
46 97
46 98
46 100
47 2
47 7
47 10
47 14
47 27
47 32
47 35
47 36
47 40
47 41
47 43
47 46
47 47
47 48
47 49
47 57
47 58
47 60
47 61
47 65
47 67
47 69
47 71
47 75
47 80
47 83
47 84
47 87
47 90
47 100
48 1
48 7
48 9
48 19
48 24
48 35
48 37
48 39
48 42
48 43
48 44
48 47
48 49
48 51
48 55
48 57
48 58
48 61
48 63
48 65
48 70
48 72
48 74
48 76
48 78
48 79
48 82
48 83
48 87
48 89
48 94
48 96
49 6
49 8
49 10
49 14
49 19
49 21
49 24
49 25
49 28
49 31
49 33
49 34
49 37
49 39
49 40
49 41
49 43
49 46
49 47
49 50
49 59
49 63
49 64
49 66
49 69
49 71
49 78
49 79
49 81
49 83
49 84
49 85
49 86
49 88
49 91
49 96
50 0
50 2
50 6
50 10
50 13
50 16
50 17
50 22
50 29
50 36
50 37
50 38
50 58
50 60
50 66
50 68
50 73
50 78
50 80
50 81
50 83
50 86
50 88
50 89
50 93
50 94
50 100
51 2
51 6
51 10
51 12
51 21
51 23
51 24
51 26
51 31
51 40
51 41
51 43
51 46
51 47
51 50
51 55
51 63
51 66
51 67
51 72
51 77
51 78
51 85
51 87
51 91
51 92
51 94
52 1
52 4
52 8
52 13
52 18
52 20
52 22
52 24
52 28
52 35
52 38
52 40
52 42
52 47
52 48
52 49
52 50
52 54
52 57
52 60
52 61
52 62
52 63
52 68
52 76
52 89
52 90
52 93
52 95
53 7
53 18
53 19
53 30
53 32
53 40
53 41
53 42
53 46
53 49
53 50
53 56
53 60
53 61
53 62
53 63
53 65
53 68
53 71
53 74
53 77
53 79
53 84
53 93
53 95
54 1
54 3
54 4
54 14
54 17
54 20
54 22
54 33
54 34
54 42
54 44
54 48
54 49
54 51
54 55
54 57
54 59
54 63
54 68
54 70
54 71
54 74
54 76
54 78
54 79
54 83
54 84
54 85
54 89
54 93
54 94
55 0
55 3
55 5
55 6
55 8
55 13
55 17
55 18
55 22
55 24
55 25
55 26
55 29
55 32
55 38
55 41
55 42
55 43
55 44
55 48
55 57
55 60
55 65
55 66
55 68
55 70
55 72
55 74
55 81
55 88
55 90
55 93
55 95
55 97
56 10
56 11
56 14
56 17
56 18
56 24
56 28
56 34
56 36
56 46
56 48
56 53
56 57
56 58
56 60
56 61
56 65
56 74
56 78
56 79
56 85
56 86
56 89
56 90
56 92
56 93
56 98
56 100
57 5
57 11
57 13
57 14
57 18
57 22
57 27
57 28
57 33
57 36
57 38
57 42
57 43
57 46
57 54
57 58
57 60
57 62
57 68
57 70
57 72
57 79
57 84
57 86
57 90
57 93
57 97
57 98
58 0
58 2
58 4
58 5
58 9
58 11
58 13
58 15
58 17
58 21
58 22
58 23
58 24
58 27
58 29
58 34
58 36
58 39
58 42
58 43
58 47
58 49
58 54
58 62
58 68
58 72
58 74
58 77
58 82
58 83
58 84
58 85
58 87
58 93
58 96
58 99
59 0
59 5
59 6
59 9
59 10
59 11
59 12
59 14
59 16
59 17
59 19
59 20
59 24
59 30
59 31
59 36
59 38
59 40
59 41
59 43
59 44
59 45
59 46
59 50
59 54
59 55
59 56
59 62
59 77
59 80
59 83
59 89
59 91
59 94
59 95
60 5
60 7
60 12
60 13
60 22
60 23
60 25
60 26
60 32
60 33
60 35
60 36
60 41
60 49
60 50
60 52
60 57
60 58
60 59
60 64
60 65
60 71
60 72
60 76
60 78
60 82
60 90
60 93
60 94
60 95
61 2
61 3
61 4
61 10
61 19
61 20
61 24
61 28
61 32
61 34
61 36
61 37
61 40
61 41
61 42
61 43
61 44
61 46
61 62
61 64
61 65
61 66
61 67
61 70
61 73
61 75
61 79
61 82
61 89
61 92
61 96
62 4
62 8
62 9
62 10
62 16
62 29
62 33
62 35
62 37
62 45
62 46
62 49
62 53
62 55
62 59
62 62
62 65
62 67
62 68
62 81
62 87
62 88
62 89
62 92
62 93
62 94
62 97
63 0
63 9
63 12
63 13
63 16
63 19
63 20
63 30
63 32
63 39
63 42
63 43
63 44
63 47
63 48
63 51
63 54
63 57
63 63
63 66
63 70
63 75
63 77
63 85
63 90
63 93
64 6
64 7
64 10
64 12
64 14
64 19
64 22
64 24
64 25
64 36
64 38
64 40
64 43
64 46
64 47
64 48
64 53
64 66
64 71
64 78
64 84
64 85
64 86
64 91
64 95
64 96
64 99
65 1
65 4
65 9
65 14
65 18
65 21
65 22
65 26
65 29
65 31
65 34
65 35
65 36
65 40
65 45
65 48
65 51
65 56
65 57
65 63
65 70
65 77
65 83
65 84
65 89
65 90
65 98
66 2
66 3
66 4
66 11
66 15
66 21
66 22
66 25
66 27
66 28
66 29
66 33
66 37
66 44
66 51
66 52
66 53
66 54
66 59
66 61
66 63
66 64
66 65
66 70
66 75
66 82
66 90
66 92
66 94
67 4
67 6
67 24
67 25
67 26
67 30
67 33
67 37
67 39
67 40
67 42
67 44
67 47
67 51
67 60
67 61
67 62
67 64
67 66
67 67
67 70
67 74
67 76
67 82
67 84
67 85
67 94
67 96
67 97
67 99
68 7
68 8
68 14
68 15
68 20
68 21
68 24
68 25
68 27
68 30
68 31
68 32
68 35
68 36
68 38
68 41
68 43
68 44
68 45
68 47
68 49
68 60
68 62
68 75
68 77
68 82
68 87
68 88
68 90
68 94
68 95
68 96
68 98
68 99
69 1
69 4
69 8
69 15
69 16
69 18
69 19
69 26
69 27
69 30
69 34
69 52
69 53
69 54
69 56
69 59
69 61
69 66
69 67
69 68
69 69
69 70
69 74
69 79
69 80
69 85
69 87
69 91
69 94
70 7
70 8
70 12
70 13
70 14
70 16
70 17
70 18
70 28
70 29
70 31
70 36
70 38
70 45
70 49
70 50
70 52
70 64
70 66
70 69
70 70
70 71
70 76
70 77
70 82
70 85
70 88
70 92
70 98
70 99
71 1
71 3
71 4
71 6
71 12
71 14
71 16
71 19
71 21
71 25
71 27
71 28
71 29
71 35
71 37
71 38
71 39
71 40
71 41
71 42
71 44
71 46
71 50
71 54
71 55
71 60
71 66
71 68
71 72
71 73
71 74
71 75
71 78
71 82
71 86
71 92
71 93
71 94
71 97
71 100
72 2
72 5
72 6
72 9
72 11
72 14
72 16
72 17
72 19
72 26
72 30
72 34
72 35
72 37
72 39
72 40
72 45
72 48
72 51
72 54
72 56
72 60
72 62
72 64
72 66
72 69
72 70
72 71
72 72
72 74
72 77
72 82
72 84
72 87
72 93
72 96
72 100
73 0
73 4
73 10
73 12
73 13
73 34
73 35
73 41
73 44
73 45
73 50
73 51
73 53
73 56
73 57
73 58
73 60
73 65
73 72
73 89
73 92
73 98
74 1
74 3
74 5
74 8
74 10
74 17
74 31
74 34
74 35
74 42
74 44
74 45
74 52
74 55
74 60
74 65
74 67
74 68
74 71
74 77
74 78
74 79
74 82
74 85
74 92
74 94
74 97
75 1
75 3
75 8
75 16
75 20
75 26
75 32
75 36
75 37
75 39
75 42
75 47
75 54
75 55
75 58
75 60
75 61
75 68
75 70
75 71
75 72
75 74
75 75
75 76
75 78
75 79
75 83
75 87
75 91
75 93
75 95
75 98
76 8
76 11
76 14
76 17
76 26
76 30
76 37
76 41
76 42
76 45
76 47
76 50
76 52
76 56
76 57
76 58
76 59
76 60
76 61
76 67
76 72
76 73
76 76
76 78
76 79
76 81
76 82
76 87
76 89
77 6
77 9
77 11
77 27
77 28
77 31
77 34
77 37
77 38
77 41
77 43
77 45
77 47
77 49
77 51
77 55
77 64
77 67
77 71
77 73
77 76
77 77
77 78
77 81
77 82
77 85
77 92
77 93
77 94
77 100
78 1
78 6
78 10
78 13
78 14
78 23
78 25
78 28
78 30
78 33
78 34
78 35
78 36
78 38
78 44
78 47
78 55
78 62
78 68
78 70
78 71
78 89
78 90
78 96
78 99
78 100
79 0
79 1
79 3
79 6
79 9
79 10
79 12
79 13
79 14
79 36
79 40
79 44
79 47
79 49
79 51
79 54
79 64
79 65
79 68
79 76
79 80
79 82
79 84
79 85
79 93
79 94
79 95
80 6
80 7
80 14
80 16
80 19
80 20
80 25
80 27
80 28
80 29
80 34
80 40
80 53
80 57
80 58
80 65
80 68
80 70
80 74
80 75
80 76
80 77
80 78
80 79
80 83
80 86
80 91
80 94
80 96
81 0
81 4
81 8
81 9
81 12
81 13
81 19
81 20
81 21
81 22
81 26
81 27
81 29
81 34
81 35
81 36
81 40
81 50
81 51
81 57
81 62
81 63
81 71
81 72
81 74
81 81
81 83
81 86
81 90
81 93
81 94
81 96
82 5
82 8
82 10
82 12
82 15
82 30
82 31
82 44
82 47
82 50
82 55
82 65
82 66
82 69
82 71
82 73
82 74
82 77
82 78
82 79
82 81
82 86
82 89
82 90
82 93
82 94
82 96
82 97
82 98
83 0
83 7
83 9
83 10
83 14
83 17
83 20
83 25
83 28
83 29
83 36
83 38
83 39
83 42
83 44
83 45
83 49
83 50
83 55
83 57
83 58
83 60
83 66
83 68
83 75
83 82
83 84
83 87
83 91
83 92
83 96
83 99
84 4
84 6
84 9
84 10
84 15
84 17
84 24
84 29
84 37
84 43
84 46
84 49
84 52
84 64
84 66
84 68
84 69
84 70
84 73
84 75
84 76
84 77
84 79
84 82
84 86
84 91
84 96
85 6
85 8
85 9
85 10
85 17
85 22
85 29
85 31
85 32
85 35
85 39
85 41
85 43
85 50
85 55
85 56
85 58
85 62
85 63
85 65
85 70
85 71
85 84
85 87
85 88
85 100
86 3
86 6
86 12
86 15
86 16
86 18
86 23
86 24
86 25
86 26
86 29
86 34
86 38
86 39
86 45
86 48
86 50
86 52
86 57
86 58
86 61
86 62
86 64
86 65
86 68
86 71
86 73
86 77
86 78
86 80
86 83
86 88
86 91
86 92
86 96
86 100
87 3
87 6
87 10
87 17
87 19
87 20
87 26
87 36
87 37
87 39
87 40
87 42
87 43
87 47
87 49
87 50
87 53
87 54
87 61
87 73
87 74
87 77
87 79
87 81
87 82
87 84
87 85
87 89
87 90
87 92
87 96
87 98
88 0
88 5
88 8
88 11
88 14
88 16
88 17
88 18
88 22
88 29
88 39
88 48
88 49
88 52
88 56
88 59
88 61
88 64
88 66
88 69
88 73
88 74
88 75
88 82
88 83
88 93
88 100
89 0
89 1
89 2
89 7
89 13
89 14
89 17
89 22
89 44
89 45
89 46
89 47
89 48
89 56
89 62
89 65
89 68
89 71
89 72
89 74
89 76
89 79
89 84
89 85
89 94
89 96
89 97
90 0
90 6
90 7
90 9
90 12
90 13
90 15
90 20
90 28
90 32
90 36
90 38
90 39
90 40
90 42
90 44
90 53
90 59
90 60
90 63
90 74
90 80
90 81
90 84
90 86
90 87
90 100
91 7
91 9
91 14
91 15
91 22
91 28
91 29
91 34
91 37
91 44
91 47
91 51
91 55
91 56
91 58
91 60
91 66
91 68
91 69
91 71
91 74
91 76
91 77
91 78
91 79
91 81
91 84
91 85
91 86
91 92
91 93
91 95
91 98
91 100
92 0
92 2
92 3
92 5
92 8
92 15
92 18
92 23
92 24
92 25
92 27
92 37
92 38
92 43
92 48
92 49
92 58
92 66
92 68
92 69
92 71
92 73
92 74
92 75
92 78
92 81
92 83
92 84
92 87
92 92
92 94
92 95
93 2
93 9
93 10
93 16
93 24
93 25
93 40
93 42
93 43
93 44
93 51
93 54
93 56
93 57
93 60
93 61
93 62
93 66
93 83
93 86
93 100
94 0
94 3
94 10
94 16
94 17
94 23
94 24
94 30
94 43
94 47
94 50
94 56
94 59
94 62
94 67
94 70
94 72
94 73
94 74
94 82
94 85
94 87
94 88
94 90
94 92
95 0
95 4
95 10
95 13
95 16
95 18
95 20
95 21
95 26
95 28
95 33
95 35
95 42
95 45
95 62
95 66
95 69
95 70
95 73
95 74
95 79
95 85
95 89
95 93
95 94
95 96
95 99
95 100
96 0
96 3
96 5
96 9
96 10
96 11
96 20
96 25
96 26
96 34
96 38
96 39
96 42
96 46
96 53
96 54
96 58
96 63
96 69
96 75
96 77
96 78
96 86
96 88
96 99
97 7
97 8
97 11
97 13
97 14
97 15
97 17
97 21
97 22
97 25
97 30
97 32
97 35
97 36
97 37
97 40
97 43
97 46
97 48
97 53
97 55
97 57
97 71
97 73
97 76
97 79
97 81
97 83
97 84
97 86
97 91
97 95
97 96
98 7
98 10
98 11
98 12
98 13
98 18
98 20
98 21
98 22
98 29
98 33
98 34
98 36
98 42
98 45
98 48
98 50
98 52
98 53
98 58
98 59
98 67
98 68
98 69
98 75
98 81
98 83
98 91
98 92
98 93
98 94
98 95
98 97
99 2
99 4
99 15
99 18
99 30
99 35
99 37
99 38
99 39
99 45
99 47
99 48
99 56
99 59
99 63
99 67
99 70
99 73
99 75
99 79
99 81
99 82
99 83
99 86
99 87
99 88
99 89
99 94
99 100
100 1
100 8
100 9
100 12
100 13
100 15
100 18
100 19
100 26
100 27
100 30
100 34
100 39
100 43
100 45
100 47
100 49
100 50
100 52
100 54
100 55
100 56
100 57
100 58
100 59
100 67
100 69
100 71
100 75
100 76
100 77
100 83
100 89
100 94
100 96
100 98
