0 2
0 4
0 9
0 15
0 17
0 19
0 21
0 23
0 25
0 26
0 27
0 33
0 34
0 47
0 49
0 51
0 53
0 54
0 59
0 62
0 74
0 81
0 83
0 86
0 88
0 90
0 92
1 2
1 4
1 7
1 9
1 17
1 26
1 28
1 32
1 35
1 39
1 40
1 53
1 57
1 59
1 61
1 65
1 73
1 74
1 76
1 83
1 87
1 88
1 91
1 96
1 98
2 1
2 2
2 12
2 20
2 25
2 26
2 30
2 33
2 34
2 36
2 40
2 46
2 47
2 48
2 55
2 57
2 59
2 61
2 68
2 69
2 84
2 91
2 92
2 95
2 97
2 100
3 4
3 6
3 7
3 16
3 18
3 21
3 29
3 34
3 35
3 36
3 37
3 38
3 44
3 47
3 54
3 55
3 58
3 61
3 65
3 69
3 72
3 79
3 82
3 84
3 85
3 87
3 88
3 91
3 95
4 2
4 5
4 6
4 9
4 12
4 15
4 21
4 23
4 25
4 32
4 42
4 43
4 45
4 46
4 47
4 52
4 56
4 59
4 64
4 66
4 68
4 69
4 74
4 78
4 89
4 91
4 95
5 1
5 2
5 17
5 19
5 22
5 29
5 40
5 47
5 48
5 50
5 51
5 53
5 56
5 59
5 67
5 68
5 70
5 71
5 74
5 77
5 78
5 79
5 82
5 83
5 86
5 88
5 90
5 92
5 93
5 96
5 97
5 100
6 0
6 1
6 4
6 5
6 6
6 8
6 9
6 10
6 13
6 18
6 19
6 23
6 25
6 27
6 34
6 37
6 38
6 44
6 50
6 53
6 55
6 56
6 57
6 65
6 66
6 71
6 72
6 75
6 80
6 85
6 87
6 93
7 10
7 11
7 12
7 14
7 18
7 22
7 23
7 24
7 26
7 28
7 29
7 30
7 31
7 33
7 38
7 39
7 41
7 43
7 44
7 45
7 49
7 51
7 54
7 57
7 62
7 63
7 65
7 71
7 79
7 80
7 82
7 86
7 89
7 100
8 0
8 8
8 10
8 17
8 19
8 21
8 22
8 27
8 28
8 31
8 33
8 34
8 39
8 46
8 47
8 48
8 56
8 57
8 70
8 72
8 77
8 79
8 90
8 96
9 2
9 3
9 7
9 9
9 12
9 17
9 19
9 22
9 28
9 33
9 48
9 58
9 65
9 67
9 68
9 69
9 75
9 79
9 80
9 81
9 82
9 86
9 90
9 96
9 97
10 2
10 3
10 9
10 19
10 22
10 23
10 24
10 25
10 30
10 34
10 41
10 47
10 48
10 49
10 53
10 55
10 59
10 62
10 63
10 70
10 71
10 73
10 77
10 89
10 90
10 96
11 0
11 4
11 9
11 12
11 16
11 19
11 20
11 22
11 24
11 26
11 27
11 33
11 36
11 37
11 47
11 48
11 52
11 53
11 55
11 61
11 63
11 74
11 79
11 82
11 84
11 85
11 88
11 92
11 93
11 94
11 95
11 97
11 98
12 4
12 6
12 7
12 8
12 12
12 14
12 24
12 25
12 31
12 32
12 33
12 36
12 43
12 46
12 57
12 58
12 60
12 61
12 64
12 71
12 74
12 76
12 77
12 79
12 83
12 87
12 89
12 91
12 97
12 98
12 99
13 0
13 8
13 9
13 10
13 11
13 17
13 29
13 36
13 38
13 44
13 51
13 55
13 57
13 61
13 62
13 65
13 67
13 68
13 75
13 78
13 82
13 83
13 85
13 88
13 89
13 90
13 94
13 99
14 1
14 3
14 7
14 8
14 9
14 16
14 17
14 18
14 24
14 32
14 33
14 34
14 36
14 37
14 38
14 40
14 41
14 46
14 48
14 57
14 60
14 62
14 63
14 69
14 71
14 73
14 83
14 84
14 91
14 95
14 98
14 99
15 3
15 4
15 13
15 19
15 24
15 25
15 29
15 31
15 36
15 39
15 41
15 44
15 45
15 46
15 50
15 54
15 55
15 57
15 61
15 67
15 70
15 71
15 73
15 74
15 82
15 83
15 84
15 86
15 87
15 88
15 89
15 91
15 95
15 96
15 100
16 0
16 5
16 14
16 17
16 18
16 20
16 21
16 23
16 24
16 26
16 34
16 36
16 37
16 38
16 39
16 40
16 44
16 45
16 46
16 54
16 66
16 67
16 78
16 79
16 81
16 82
16 85
16 87
16 88
16 89
16 90
16 93
16 100
17 2
17 3
17 4
17 5
17 19
17 27
17 28
17 29
17 34
17 39
17 44
17 52
17 54
17 55
17 57
17 58
17 59
17 61
17 68
17 70
17 71
17 75
17 78
17 79
17 80
17 83
17 86
17 87
17 94
17 97
17 99
17 100
18 1
18 8
18 13
18 19
18 22
18 24
18 29
18 31
18 36
18 37
18 41
18 47
18 50
18 51
18 60
18 64
18 72
18 76
18 79
18 80
18 81
18 83
18 86
18 88
18 89
18 93
18 97
18 99
18 100
19 0
19 2
19 3
19 5
19 6
19 7
19 9
19 18
19 24
19 25
19 27
19 31
19 41
19 45
19 46
19 52
19 53
19 54
19 60
19 63
19 66
19 68
19 72
19 74
19 76
19 81
19 84
19 93
19 95
19 98
20 1
20 3
20 4
20 10
20 11
20 17
20 18
20 24
20 25
20 33
20 35
20 47
20 49
20 50
20 51
20 58
20 59
20 60
20 63
20 65
20 66
20 67
20 68
20 76
20 79
20 82
20 84
20 86
20 87
20 89
20 98
21 2
21 4
21 5
21 10
21 11
21 12
21 17
21 24
21 28
21 29
21 31
21 37
21 42
21 45
21 56
21 57
21 58
21 62
21 67
21 69
21 70
21 72
21 73
21 74
21 75
21 77
21 78
21 80
21 87
21 90
21 91
21 92
21 94
22 1
22 2
22 5
22 9
22 20
22 22
22 23
22 24
22 26
22 27
22 32
22 37
22 46
22 47
22 50
22 52
22 53
22 54
22 57
22 58
22 59
22 64
22 73
22 74
22 76
22 79
22 80
22 82
22 87
22 99
23 1
23 2
23 3
23 4
23 7
23 8
23 14
23 15
23 16
23 17
23 18
23 19
23 22
23 23
23 25
23 26
23 27
23 32
23 34
23 35
23 37
23 39
23 40
23 45
23 47
23 54
23 58
23 63
23 65
23 68
23 73
23 75
23 81
23 88
23 89
23 90
23 93
23 95
23 96
23 97
23 98
24 7
24 9
24 12
24 14
24 16
24 22
24 23
24 25
24 28
24 30
24 34
24 35
24 36
24 39
24 41
24 46
24 49
24 51
24 53
24 55
24 59
24 60
24 63
24 66
24 67
24 69
24 73
24 78
24 82
24 86
24 87
24 89
24 97
25 0
25 5
25 8
25 19
25 20
25 22
25 23
25 24
25 25
25 26
25 29
25 30
25 35
25 37
25 38
25 41
25 46
25 49
25 50
25 51
25 53
25 60
25 62
25 63
25 65
25 73
25 75
25 83
25 84
25 92
25 94
25 96
26 4
26 10
26 12
26 13
26 16
26 23
26 25
26 26
26 27
26 31
26 32
26 40
26 42
26 43
26 44
26 48
26 54
26 55
26 56
26 57
26 58
26 61
26 73
26 75
26 78
26 84
26 90
26 94
27 0
27 5
27 8
27 9
27 12
27 13
27 19
27 20
27 22
27 24
27 31
27 36
27 37
27 38
27 44
27 45
27 47
27 51
27 52
27 65
27 69
27 74
27 76
27 79
27 85
27 86
27 87
27 88
27 91
27 94
27 95
27 96
27 100
28 5
28 6
28 8
28 15
28 16
28 18
28 22
28 23
28 25
28 26
28 29
28 33
28 42
28 45
28 47
28 51
28 58
28 60
28 64
28 67
28 68
28 74
28 79
28 83
28 84
28 87
28 91
28 92
29 1
29 3
29 8
29 12
29 16
29 21
29 23
29 24
29 25
29 32
29 33
29 36
29 40
29 43
29 52
29 53
29 54
29 58
29 59
29 63
29 64
29 66
29 70
29 74
29 81
29 82
29 84
29 88
29 93
30 9
30 12
30 16
30 18
30 24
30 30
30 31
30 34
30 37
30 40
30 43
30 44
30 46
30 47
30 48
30 54
30 58
30 59
30 61
30 62
30 65
30 66
30 68
30 72
30 80
30 82
30 87
30 89
30 94
30 96
30 98
30 99
31 0
31 1
31 8
31 10
31 11
31 15
31 18
31 21
31 26
31 30
31 32
31 35
31 37
31 51
31 61
31 63
31 65
31 68
31 74
31 78
31 81
31 87
31 90
31 91
31 100
32 5
32 7
32 13
32 15
32 20
32 25
32 33
32 44
32 46
32 51
32 53
32 56
32 57
32 60
32 63
32 67
32 68
32 72
32 76
32 80
32 86
32 89
32 91
32 93
32 98
33 0
33 6
33 12
33 19
33 21
33 24
33 25
33 27
33 28
33 29
33 33
33 37
33 38
33 39
33 45
33 49
33 53
33 56
33 59
33 64
33 65
33 66
33 68
33 72
33 73
33 76
33 77
33 93
33 95
33 100
34 3
34 9
34 11
34 17
34 19
34 21
34 22
34 34
34 37
34 43
34 49
34 52
34 55
34 60
34 66
34 68
34 69
34 73
34 75
34 79
34 88
34 95
35 3
35 5
35 6
35 13
35 15
35 16
35 18
35 25
35 28
35 36
35 38
35 41
35 43
35 45
35 47
35 51
35 56
35 58
35 60
35 61
35 63
35 64
35 66
35 67
35 69
35 71
35 72
35 74
35 82
35 92
35 93
35 94
36 0
36 1
36 4
36 5
36 7
36 14
36 18
36 25
36 26
36 27
36 30
36 36
36 38
36 39
36 41
36 48
36 52
36 54
36 56
36 59
36 61
36 65
36 67
36 68
36 70
36 71
36 80
36 81
36 82
36 83
36 86
36 87
36 88
36 89
36 91
36 95
36 97
37 0
37 5
37 8
37 10
37 14
37 15
37 27
37 31
37 33
37 36
37 39
37 41
37 42
37 48
37 49
37 50
37 51
37 54
37 57
37 58
37 59
37 60
37 65
37 66
37 68
37 71
37 75
37 76
37 78
37 79
37 84
37 86
37 89
37 90
37 97
38 2
38 10
38 12
38 16
38 18
38 21
38 25
38 31
38 33
38 36
38 41
38 43
38 46
38 48
38 49
38 55
38 56
38 60
38 64
38 66
38 69
38 71
38 77
38 78
38 81
38 84
38 87
38 89
38 91
38 98
38 100
39 1
39 2
39 3
39 5
39 7
39 10
39 14
39 17
39 19
39 20
39 21
39 24
39 26
39 29
39 33
39 34
39 44
39 49
39 53
39 55
39 56
39 61
39 64
39 70
39 72
39 82
39 85
39 86
39 87
39 89
39 92
39 94
40 2
40 3
40 5
40 7
40 11
40 13
40 20
40 23
40 24
40 25
40 38
40 41
40 42
40 44
40 46
40 51
40 55
40 56
40 58
40 59
40 62
40 65
40 67
40 69
40 74
40 76
40 78
40 91
40 96
41 7
41 11
41 12
41 13
41 16
41 23
41 28
41 30
41 35
41 36
41 39
41 41
41 42
41 48
41 49
41 50
41 53
41 55
41 57
41 62
41 64
41 80
41 82
41 87
41 98
42 2
42 5
42 7
42 9
42 10
42 12
42 16
42 18
42 20
42 21
42 22
42 24
42 25
42 27
42 29
42 31
42 33
42 36
42 38
42 42
42 44
42 53
42 59
42 60
42 62
42 64
42 65
42 66
42 69
42 72
42 73
42 76
42 79
42 82
42 83
42 84
42 87
42 88
42 92
42 94
43 1
43 3
43 9
43 11
43 12
43 18
43 19
43 22
43 23
43 27
43 28
43 30
43 35
43 36
43 40
43 43
43 45
43 49
43 51
43 55
43 56
43 63
43 70
43 71
43 75
43 80
43 81
43 82
43 91
43 93
44 1
44 3
44 8
44 12
44 16
44 17
44 18
44 20
44 21
44 27
44 28
44 34
44 35
44 37
44 40
44 43
44 48
44 50
44 51
44 56
44 62
44 67
44 72
44 73
44 83
44 87
44 93
44 94
44 97
44 100
45 0
45 1
45 4
45 15
45 16
45 17
45 19
45 21
45 22
45 24
45 27
45 28
45 30
45 31
45 34
45 42
45 47
45 49
45 60
45 62
45 64
45 65
45 71
45 72
45 77
45 81
45 83
45 85
45 86
45 87
45 92
45 94
45 96
45 98
46 2
46 8
46 11
46 13
46 14
46 16
46 21
46 22
46 27
46 33
46 34
46 43
46 44
46 45
46 48
46 51
46 52
46 56
46 59
46 60
46 61
46 64
46 68
46 69
46 70
46 71
46 74
46 80
46 88
46 91
46 93
46 98
46 99
46 100
47 1
47 5
47 7
47 13
47 16
47 17
47 20
47 29
47 30
47 36
47 37
47 42
47 44
47 46
47 52
47 58
47 61
47 65
47 70
47 72
47 75
47 81
47 87
47 89
47 90
47 92
47 93
47 96
47 97
47 98
47 99
48 2
48 3
48 4
48 11
48 15
48 17
48 28
48 30
48 33
48 36
48 38
48 39
48 46
48 53
48 57
48 62
48 65
48 74
48 79
48 82
48 86
48 87
48 91
48 94
48 95
48 100
49 5
49 7
49 8
49 10
49 11
49 14
49 17
49 19
49 20
49 23
49 25
49 33
49 39
49 42
49 45
49 49
49 52
49 55
49 58
49 60
49 64
49 66
49 79
49 82
49 83
49 86
49 88
49 91
49 92
49 93
49 96
50 6
50 12
50 13
50 19
50 26
50 29
50 31
50 36
50 41
50 46
50 53
50 58
50 59
50 60
50 61
50 76
50 77
50 84
50 85
50 88
50 92
50 95
50 97
51 1
51 7
51 8
51 16
51 17
51 23
51 24
51 30
51 31
51 40
51 41
51 45
51 47
51 48
51 56
51 58
51 61
51 62
51 64
51 66
51 77
51 78
51 79
51 88
51 90
51 91
51 92
51 97
51 98
52 2
52 4
52 14
52 21
52 24
52 28
52 30
52 32
52 36
52 41
52 43
52 44
52 46
52 48
52 50
52 51
52 52
52 56
52 60
52 63
52 64
52 74
52 77
52 78
52 79
52 82
52 84
52 85
52 86
52 91
52 98
53 3
53 4
53 5
53 11
53 17
53 18
53 19
53 21
53 22
53 24
53 25
53 28
53 30
53 32
53 34
53 35
53 43
53 45
53 51
53 53
53 56
53 59
53 63
53 66
53 67
53 68
53 74
53 75
53 78
53 80
53 81
53 82
53 91
54 4
54 17
54 18
54 21
54 22
54 24
54 25
54 28
54 32
54 33
54 34
54 36
54 37
54 38
54 43
54 44
54 54
54 55
54 60
54 63
54 64
54 65
54 70
54 71
54 74
54 76
54 85
54 86
54 87
54 88
54 93
54 100
55 2
55 4
55 21
55 22
55 23
55 29
55 33
55 40
55 49
55 50
55 52
55 54
55 59
55 60
55 64
55 71
55 72
55 77
55 84
55 90
55 91
55 94
55 95
55 98
56 1
56 2
56 5
56 6
56 8
56 18
56 20
56 22
56 23
56 27
56 29
56 33
56 34
56 40
56 43
56 47
56 52
56 55
56 57
56 63
56 66
56 70
56 71
56 74
56 77
56 78
56 86
56 91
56 93
56 96
56 97
57 3
57 4
57 13
57 18
57 20
57 23
57 24
57 26
57 27
57 28
57 29
57 30
57 39
57 41
57 43
57 50
57 51
57 53
57 54
57 55
57 60
57 61
57 62
57 63
57 71
57 74
57 83
57 85
57 87
57 88
57 91
57 92
57 93
58 0
58 4
58 8
58 19
58 21
58 39
58 41
58 51
58 54
58 56
58 57
58 58
58 60
58 61
58 66
58 67
58 68
58 69
58 73
58 77
58 78
58 79
58 80
58 82
58 85
58 88
58 93
58 95
58 96
58 98
58 99
58 100
59 0
59 6
59 9
59 16
59 19
59 26
59 27
59 32
59 41
59 43
59 45
59 50
59 53
59 56
59 58
59 59
59 62
59 67
59 69
59 72
59 73
59 75
59 77
59 81
59 82
59 89
59 90
59 91
59 94
59 95
59 99
60 10
60 16
60 21
60 22
60 24
60 25
60 29
60 31
60 33
60 36
60 38
60 45
60 51
60 54
60 62
60 65
60 66
60 71
60 78
60 82
60 92
60 95
61 11
61 14
61 15
61 22
61 26
61 30
61 31
61 39
61 40
61 41
61 47
61 49
61 50
61 55
61 56
61 58
61 59
61 61
61 63
61 64
61 66
61 67
61 68
61 70
61 72
61 74
61 75
61 79
61 83
61 92
62 2
62 5
62 9
62 16
62 18
62 20
62 22
62 24
62 51
62 53
62 54
62 58
62 59
62 63
62 66
62 68
62 74
62 80
62 82
62 85
62 86
62 91
62 93
63 0
63 2
63 3
63 6
63 9
63 12
63 17
63 18
63 19
63 32
63 35
63 37
63 38
63 39
63 40
63 41
63 43
63 44
63 45
63 46
63 52
63 53
63 54
63 56
63 60
63 70
63 71
63 73
63 81
63 86
63 88
63 91
63 94
63 98
63 99
64 0
64 1
64 8
64 9
64 10
64 13
64 14
64 17
64 19
64 20
64 26
64 27
64 32
64 35
64 37
64 38
64 40
64 41
64 43
64 44
64 46
64 49
64 54
64 55
64 59
64 66
64 68
64 70
64 73
64 79
64 80
64 85
64 87
64 88
64 89
64 92
64 95
64 98
65 4
65 6
65 8
65 9
65 12
65 16
65 17
65 18
65 26
65 37
65 41
65 45
65 48
65 56
65 61
65 64
65 65
65 67
65 78
65 82
65 84
65 85
65 87
65 90
65 99
65 100
66 0
66 5
66 9
66 11
66 16
66 18
66 19
66 20
66 25
66 34
66 35
66 37
66 38
66 39
66 44
66 47
66 54
66 55
66 59
66 63
66 64
66 65
66 70
66 73
66 74
66 75
66 82
66 83
66 85
66 86
66 88
66 90
66 92
66 95
66 97
66 98
67 2
67 5
67 7
67 18
67 22
67 25
67 36
67 43
67 44
67 47
67 49
67 51
67 55
67 57
67 58
67 59
67 60
67 61
67 63
67 69
67 70
67 76
67 80
67 82
67 90
67 93
67 94
68 0
68 3
68 5
68 16
68 18
68 21
68 24
68 25
68 27
68 28
68 32
68 36
68 38
68 39
68 43
68 45
68 46
68 49
68 56
68 62
68 66
68 67
68 71
68 75
68 87
68 88
68 89
68 90
68 91
68 98
69 0
69 2
69 3
69 11
69 15
69 23
69 27
69 34
69 36
69 40
69 41
69 43
69 44
69 48
69 51
69 63
69 75
69 77
69 80
69 86
69 87
69 93
69 99
69 100
70 7
70 9
70 11
70 16
70 17
70 18
70 22
70 25
70 27
70 30
70 33
70 48
70 49
70 53
70 55
70 56
70 58
70 62
70 64
70 67
70 68
70 70
70 73
70 74
70 75
70 78
70 79
70 82
70 86
70 89
70 90
70 96
71 6
71 15
71 18
71 22
71 23
71 25
71 28
71 32
71 38
71 39
71 40
71 44
71 47
71 48
71 54
71 58
71 60
71 61
71 63
71 69
71 78
71 79
71 80
71 81
71 82
71 89
71 92
71 97
72 0
72 1
72 5
72 6
72 9
72 10
72 11
72 15
72 17
72 21
72 22
72 25
72 26
72 32
72 36
72 42
72 46
72 50
72 51
72 52
72 53
72 58
72 59
72 60
72 61
72 62
72 63
72 67
72 70
72 72
72 78
72 80
72 86
73 8
73 9
73 10
73 12
73 14
73 25
73 27
73 30
73 31
73 33
73 34
73 36
73 37
73 43
73 47
73 48
73 54
73 57
73 61
73 64
73 66
73 67
73 69
73 72
73 73
73 75
73 77
73 82
73 85
73 86
73 90
73 91
73 92
73 98
73 100
74 1
74 5
74 9
74 11
74 12
74 18
74 21
74 24
74 25
74 32
74 33
74 34
74 38
74 40
74 41
74 43
74 47
74 49
74 50
74 51
74 58
74 59
74 68
74 70
74 73
74 79
74 80
74 85
74 89
74 90
74 97
75 1
75 4
75 5
75 6
75 8
75 11
75 18
75 21
75 27
75 30
75 34
75 35
75 36
75 42
75 43
75 47
75 51
75 52
75 53
75 57
75 60
75 62
75 63
75 64
75 69
75 71
75 73
75 77
75 78
75 79
75 81
75 88
75 93
76 0
76 2
76 5
76 6
76 12
76 17
76 20
76 29
76 30
76 34
76 38
76 46
76 52
76 53
76 54
76 55
76 60
76 68
76 70
76 76
76 77
76 86
76 87
76 88
76 92
76 100
77 10
77 12
77 13
77 15
77 21
77 22
77 29
77 35
77 39
77 44
77 45
77 53
77 62
77 64
77 66
77 69
77 71
77 72
77 77
77 85
77 88
77 91
77 92
77 95
77 97
78 1
78 2
78 3
78 6
78 7
78 9
78 16
78 18
78 21
78 22
78 23
78 31
78 32
78 36
78 37
78 39
78 42
78 44
78 51
78 53
78 56
78 63
78 64
78 68
78 71
78 72
78 74
78 77
78 79
78 81
78 84
78 85
79 0
79 4
79 7
79 8
79 13
79 14
79 15
79 16
79 18
79 20
79 24
79 26
79 28
79 37
79 39
79 41
79 43
79 46
79 51
79 60
79 65
79 66
79 74
79 80
79 85
79 87
79 88
79 91
79 92
79 94
79 96
80 5
80 20
80 22
80 25
80 27
80 34
80 35
80 36
80 39
80 41
80 43
80 46
80 48
80 49
80 54
80 59
80 66
80 67
80 70
80 73
80 75
80 79
80 81
80 83
80 87
80 94
81 4
81 8
81 11
81 16
81 20
81 25
81 26
81 27
81 29
81 34
81 39
81 40
81 46
81 47
81 50
81 57
81 58
81 62
81 63
81 64
81 73
81 75
81 76
81 77
81 80
81 84
81 85
81 87
81 88
81 90
81 96
81 97
82 0
82 6
82 7
82 8
82 9
82 13
82 14
82 15
82 16
82 21
82 30
82 31
82 41
82 42
82 44
82 49
82 50
82 57
82 58
82 75
82 79
82 83
82 91
82 95
82 96
83 5
83 11
83 12
83 13
83 19
83 22
83 30
83 37
83 38
83 43
83 49
83 55
83 57
83 59
83 60
83 61
83 66
83 68
83 70
83 74
83 75
83 77
83 78
83 80
83 84
83 91
83 93
83 95
83 96
83 97
84 10
84 11
84 14
84 15
84 17
84 21
84 28
84 29
84 33
84 34
84 38
84 42
84 46
84 47
84 51
84 54
84 55
84 61
84 66
84 70
84 71
84 72
84 80
84 81
84 82
84 84
84 85
84 91
84 96
84 99
85 1
85 3
85 6
85 7
85 8
85 19
85 21
85 25
85 28
85 29
85 31
85 33
85 43
85 44
85 45
85 52
85 64
85 65
85 67
85 74
85 77
85 79
85 87
85 91
85 95
85 96
85 97
85 100
86 0
86 6
86 8
86 9
86 10
86 11
86 17
86 19
86 22
86 31
86 32
86 34
86 36
86 38
86 42
86 43
86 46
86 47
86 49
86 51
86 52
86 54
86 55
86 57
86 58
86 59
86 66
86 71
86 73
86 75
86 76
86 80
86 91
86 95
87 2
87 3
87 4
87 6
87 10
87 14
87 15
87 17
87 18
87 23
87 30
87 35
87 41
87 42
87 47
87 48
87 52
87 54
87 64
87 65
87 66
87 71
87 73
87 85
87 86
87 88
87 93
87 94
87 96
88 4
88 8
88 9
88 11
88 12
88 14
88 15
88 17
88 19
88 23
88 28
88 29
88 31
88 33
88 37
88 41
88 43
88 57
88 60
88 63
88 70
88 74
88 76
88 77
88 79
88 80
88 81
88 87
88 91
88 92
88 99
89 3
89 4
89 9
89 11
89 12
89 17
89 26
89 27
89 31
89 34
89 35
89 37
89 39
89 40
89 47
89 50
89 54
89 58
89 59
89 65
89 68
89 73
89 79
89 80
89 89
89 90
89 91
89 92
89 93
89 94
89 95
89 96
89 98
90 8
90 9
90 10
90 14
90 15
90 16
90 18
90 19
90 22
90 23
90 29
90 30
90 33
90 37
90 38
90 40
90 45
90 50
90 54
90 56
90 57
90 59
90 73
90 78
90 80
90 81
90 82
90 83
90 92
90 99
91 0
91 4
91 15
91 17
91 18
91 19
91 24
91 26
91 31
91 32
91 35
91 39
91 40
91 45
91 48
91 49
91 52
91 53
91 55
91 56
91 61
91 63
91 67
91 70
91 71
91 72
91 77
91 82
91 87
91 90
91 95
91 96
91 97
91 98
91 99
92 0
92 10
92 13
92 14
92 16
92 17
92 24
92 27
92 28
92 30
92 32
92 43
92 46
92 50
92 51
92 56
92 60
92 61
92 64
92 65
92 66
92 68
92 73
92 76
92 77
92 80
92 81
92 92
93 0
93 3
93 4
93 5
93 6
93 7
93 8
93 12
93 17
93 24
93 26
93 29
93 34
93 48
93 49
93 52
93 56
93 59
93 62
93 67
93 68
93 70
93 71
93 75
93 76
93 81
93 87
93 88
93 89
93 91
93 94
94 5
94 8
94 9
94 15
94 24
94 28
94 31
94 32
94 35
94 46
94 48
94 49
94 51
94 52
94 53
94 60
94 62
94 63
94 69
94 76
94 80
94 89
94 95
94 96
94 97
94 98
95 2
95 5
95 16
95 24
95 25
95 27
95 29
95 30
95 31
95 36
95 38
95 51
95 56
95 58
95 60
95 64
95 67
95 74
95 75
95 80
95 82
95 85
95 86
95 97
95 99
96 3
96 7
96 15
96 19
96 25
96 26
96 27
96 33
96 37
96 39
96 46
96 49
96 50
96 52
96 54
96 60
96 63
96 64
96 65
96 66
96 67
96 68
96 74
96 77
96 78
96 79
96 82
96 84
96 87
96 92
96 93
96 97
97 0
97 4
97 11
97 16
97 21
97 27
97 41
97 42
97 45
97 46
97 50
97 55
97 56
97 57
97 60
97 65
97 71
97 76
97 79
97 80
97 87
97 91
97 92
97 95
97 96
98 3
98 6
98 7
98 8
98 9
98 16
98 20
98 22
98 23
98 25
98 28
98 54
98 55
98 58
98 68
98 69
98 72
98 76
98 82
98 83
98 85
98 86
98 91
98 92
98 95
98 96
98 98
99 0
99 15
99 19
99 20
99 24
99 27
99 28
99 31
99 37
99 40
99 45
99 50
99 55
99 59
99 61
99 63
99 66
99 69
99 73
99 75
99 76
99 80
99 84
99 90
99 93
99 95
99 99
100 3
100 12
100 13
100 16
100 18
100 21
100 23
100 27
100 28
100 30
100 31
100 32
100 34
100 37
100 40
100 45
100 48
100 49
100 51
100 53
100 55
100 58
100 61
100 66
100 72
100 76
100 81
100 91
100 99
