0 1
0 2
0 8
0 12
0 16
0 22
0 24
0 27
0 29
0 33
0 35
0 36
0 37
0 38
0 40
0 41
0 45
0 46
0 52
0 59
0 70
0 71
0 72
0 77
0 78
0 82
0 87
0 89
0 92
0 98
1 0
1 1
1 2
1 3
1 4
1 5
1 6
1 9
1 13
1 16
1 18
1 25
1 28
1 30
1 34
1 41
1 42
1 43
1 51
1 56
1 60
1 73
1 78
1 83
1 84
1 85
1 96
1 97
2 1
2 2
2 6
2 9
2 16
2 18
2 20
2 21
2 26
2 27
2 28
2 31
2 35
2 39
2 40
2 45
2 55
2 57
2 60
2 61
2 71
2 73
2 74
2 76
2 77
2 78
2 80
2 82
2 84
2 85
2 86
2 90
2 92
2 100
3 5
3 6
3 9
3 12
3 28
3 36
3 37
3 39
3 43
3 46
3 56
3 63
3 69
3 75
3 76
3 78
3 82
3 85
3 99
4 0
4 2
4 5
4 10
4 14
4 15
4 16
4 20
4 27
4 36
4 39
4 40
4 43
4 46
4 52
4 53
4 54
4 57
4 58
4 59
4 62
4 63
4 65
4 68
4 69
4 72
4 74
4 77
4 81
4 82
4 83
4 88
4 89
4 92
4 93
4 99
5 1
5 3
5 4
5 10
5 19
5 24
5 30
5 32
5 34
5 35
5 36
5 46
5 54
5 55
5 60
5 62
5 64
5 67
5 70
5 74
5 75
5 78
5 80
5 89
5 93
5 94
5 100
6 0
6 1
6 2
6 4
6 8
6 9
6 10
6 12
6 15
6 16
6 17
6 20
6 21
6 27
6 28
6 31
6 38
6 48
6 50
6 57
6 60
6 63
6 69
6 82
6 83
6 97
6 98
6 100
7 3
7 5
7 6
7 8
7 12
7 13
7 17
7 24
7 29
7 32
7 36
7 37
7 38
7 40
7 43
7 48
7 51
7 52
7 54
7 55
7 57
7 62
7 74
7 75
7 77
7 80
7 85
7 88
7 89
7 93
7 99
8 0
8 1
8 2
8 5
8 11
8 22
8 26
8 27
8 34
8 37
8 41
8 42
8 53
8 55
8 57
8 59
8 61
8 68
8 70
8 71
8 73
8 77
8 83
8 85
8 86
8 88
8 89
8 90
8 92
8 97
8 98
9 0
9 1
9 2
9 5
9 13
9 14
9 15
9 17
9 23
9 24
9 32
9 34
9 36
9 39
9 41
9 43
9 44
9 45
9 53
9 61
9 77
9 85
9 86
9 90
9 93
9 94
9 95
9 96
10 7
10 11
10 12
10 21
10 25
10 26
10 28
10 32
10 34
10 35
10 38
10 42
10 52
10 53
10 60
10 61
10 64
10 65
10 71
10 73
10 77
10 78
10 81
10 85
10 86
10 87
10 90
11 0
11 2
11 12
11 17
11 18
11 19
11 21
11 23
11 30
11 33
11 38
11 45
11 47
11 51
11 52
11 54
11 56
11 57
11 58
11 60
11 61
11 63
11 73
11 74
11 77
11 81
11 82
11 83
11 86
11 88
11 90
11 91
11 93
11 97
11 98
12 0
12 7
12 8
12 14
12 17
12 23
12 25
12 27
12 32
12 33
12 36
12 38
12 41
12 45
12 47
12 48
12 50
12 52
12 57
12 59
12 61
12 62
12 78
12 79
12 80
12 81
12 83
12 87
12 88
12 89
12 91
12 95
12 97
12 99
12 100
13 1
13 4
13 11
13 12
13 14
13 17
13 24
13 27
13 28
13 34
13 38
13 40
13 41
13 43
13 49
13 59
13 60
13 62
13 68
13 73
13 74
13 79
13 82
13 84
13 86
13 89
13 90
13 92
13 95
13 98
14 3
14 11
14 13
14 14
14 23
14 28
14 29
14 31
14 34
14 38
14 41
14 49
14 53
14 54
14 64
14 72
14 75
14 82
14 85
14 87
14 90
14 92
14 95
14 96
14 98
14 99
14 100
15 2
15 8
15 10
15 12
15 17
15 22
15 26
15 27
15 35
15 41
15 43
15 49
15 54
15 59
15 61
15 63
15 65
15 71
15 74
15 76
15 79
15 82
15 85
15 87
15 88
15 90
15 92
15 95
15 98
15 100
16 1
16 3
16 19
16 24
16 25
16 32
16 33
16 42
16 43
16 45
16 49
16 50
16 51
16 53
16 56
16 60
16 62
16 72
16 73
16 75
16 78
16 81
16 86
17 1
17 6
17 8
17 9
17 12
17 18
17 21
17 23
17 25
17 27
17 37
17 38
17 39
17 46
17 47
17 49
17 51
17 54
17 58
17 59
17 73
17 74
17 77
17 81
17 82
17 89
17 90
17 92
17 93
17 95
18 6
18 7
18 13
18 15
18 17
18 18
18 19
18 21
18 26
18 27
18 33
18 35
18 37
18 38
18 39
18 43
18 49
18 50
18 54
18 63
18 67
18 71
18 76
18 78
18 85
18 86
18 92
19 2
19 4
19 7
19 8
19 12
19 22
19 25
19 34
19 39
19 45
19 46
19 47
19 48
19 51
19 52
19 54
19 60
19 61
19 66
19 68
19 73
19 74
19 76
19 79
19 80
19 84
19 85
19 86
19 89
19 91
19 92
19 93
19 94
19 95
20 5
20 11
20 15
20 17
20 18
20 19
20 23
20 24
20 25
20 28
20 29
20 36
20 38
20 42
20 49
20 54
20 56
20 59
20 64
20 66
20 68
20 71
20 72
20 75
20 82
20 83
20 84
20 87
20 92
20 94
20 100
21 1
21 8
21 9
21 16
21 18
21 30
21 34
21 36
21 51
21 56
21 60
21 62
21 73
21 74
21 75
21 81
21 83
21 85
21 92
21 95
21 100
22 0
22 1
22 9
22 15
22 16
22 22
22 23
22 28
22 30
22 36
22 37
22 40
22 41
22 43
22 49
22 63
22 65
22 66
22 69
22 70
22 72
22 74
22 78
22 80
22 83
22 85
22 89
22 95
22 100
23 4
23 6
23 8
23 9
23 10
23 11
23 18
23 24
23 35
23 36
23 37
23 40
23 42
23 44
23 47
23 50
23 58
23 62
23 64
23 65
23 69
23 70
23 74
23 75
23 77
23 78
23 82
23 83
23 86
23 88
23 90
23 91
23 93
24 0
24 2
24 3
24 4
24 5
24 9
24 15
24 16
24 22
24 26
24 27
24 29
24 32
24 33
24 38
24 41
24 42
24 44
24 47
24 53
24 55
24 61
24 62
24 66
24 68
24 69
24 70
24 72
24 73
24 74
24 75
24 76
24 83
24 87
24 88
24 89
24 90
24 91
24 93
24 95
24 96
24 99
25 0
25 4
25 8
25 10
25 13
25 17
25 18
25 20
25 30
25 31
25 32
25 33
25 38
25 43
25 45
25 46
25 47
25 48
25 49
25 55
25 56
25 60
25 61
25 65
25 68
25 73
25 77
25 79
25 82
25 84
25 85
25 86
25 90
25 91
25 93
25 96
25 97
25 100
26 0
26 2
26 4
26 8
26 9
26 12
26 15
26 16
26 21
26 23
26 35
26 36
26 38
26 39
26 43
26 47
26 49
26 50
26 55
26 62
26 65
26 69
26 70
26 74
26 80
26 83
26 86
26 87
26 90
26 93
26 95
26 98
26 99
26 100
27 0
27 1
27 3
27 5
27 12
27 13
27 14
27 19
27 26
27 27
27 35
27 38
27 42
27 48
27 50
27 52
27 55
27 56
27 62
27 64
27 74
27 76
27 77
27 79
27 80
27 88
27 92
27 93
27 94
27 95
27 97
28 0
28 2
28 3
28 6
28 10
28 12
28 14
28 15
28 17
28 21
28 22
28 26
28 27
28 30
28 31
28 33
28 36
28 39
28 40
28 41
28 49
28 55
28 60
28 63
28 64
28 66
28 68
28 69
28 75
28 81
28 83
28 85
28 90
28 92
28 98
28 99
29 5
29 8
29 12
29 15
29 16
29 21
29 23
29 24
29 27
29 30
29 38
29 39
29 40
29 43
29 47
29 48
29 53
29 58
29 62
29 63
29 64
29 74
29 77
29 79
29 81
29 84
29 87
29 93
29 100
30 0
30 2
30 3
30 8
30 12
30 17
30 18
30 30
30 31
30 33
30 34
30 35
30 36
30 37
30 39
30 40
30 43
30 46
30 47
30 48
30 52
30 57
30 58
30 59
30 60
30 65
30 69
30 71
30 74
30 82
30 83
30 86
30 89
30 93
30 94
30 95
30 98
30 100
31 0
31 2
31 5
31 6
31 11
31 19
31 20
31 23
31 24
31 30
31 33
31 34
31 35
31 37
31 42
31 46
31 49
31 50
31 60
31 62
31 66
31 67
31 68
31 69
31 84
31 87
31 98
32 3
32 8
32 10
32 15
32 17
32 19
32 22
32 24
32 25
32 26
32 27
32 30
32 40
32 41
32 42
32 45
32 48
32 50
32 59
32 60
32 62
32 68
32 69
32 70
32 73
32 75
32 76
32 78
32 79
32 80
32 84
32 85
32 86
32 89
32 93
32 94
33 1
33 2
33 3
33 5
33 12
33 15
33 16
33 17
33 24
33 25
33 27
33 32
33 37
33 39
33 44
33 51
33 53
33 55
33 58
33 60
33 63
33 66
33 70
33 75
33 85
33 86
33 91
33 93
33 95
33 99
33 100
34 0
34 5
34 8
34 10
34 11
34 14
34 19
34 20
34 21
34 23
34 25
34 26
34 27
34 31
34 33
34 38
34 44
34 46
34 47
34 50
34 56
34 61
34 72
34 75
34 76
34 78
34 79
34 80
34 81
34 84
34 87
34 92
34 94
35 4
35 9
35 11
35 13
35 16
35 20
35 25
35 36
35 38
35 39
35 41
35 43
35 48
35 50
35 55
35 58
35 60
35 65
35 67
35 68
35 74
35 75
35 78
35 79
35 81
35 82
35 87
35 89
35 95
36 8
36 12
36 19
36 21
36 23
36 24
36 25
36 26
36 28
36 29
36 35
36 39
36 40
36 48
36 49
36 50
36 53
36 55
36 56
36 59
36 63
36 71
36 73
36 75
36 77
36 90
36 93
36 96
36 100
37 11
37 13
37 21
37 23
37 26
37 31
37 46
37 47
37 52
37 53
37 58
37 63
37 65
37 72
37 77
37 85
37 97
37 99
38 1
38 2
38 5
38 8
38 9
38 12
38 15
38 19
38 20
38 25
38 27
38 28
38 32
38 33
38 39
38 45
38 51
38 52
38 59
38 67
38 73
38 74
38 79
38 88
38 96
38 97
39 0
39 1
39 2
39 3
39 11
39 15
39 17
39 18
39 19
39 25
39 38
39 43
39 47
39 61
39 67
39 68
39 70
39 72
39 73
39 76
39 77
39 78
39 81
39 85
39 88
39 93
39 95
39 98
39 100
40 0
40 1
40 6
40 14
40 15
40 16
40 23
40 28
40 29
40 34
40 39
40 40
40 44
40 58
40 60
40 61
40 67
40 70
40 73
40 76
40 86
40 87
40 92
40 93
41 1
41 2
41 3
41 4
41 6
41 18
41 19
41 31
41 37
41 41
41 43
41 49
41 51
41 56
41 57
41 60
41 66
41 73
41 76
41 86
41 89
41 90
41 92
41 93
41 94
41 98
42 1
42 4
42 6
42 8
42 11
42 13
42 14
42 19
42 20
42 22
42 24
42 28
42 31
42 33
42 36
42 39
42 41
42 48
42 52
42 55
42 57
42 59
42 69
42 72
42 74
42 77
42 80
42 81
42 82
42 83
42 86
42 92
42 94
42 100
43 0
43 2
43 6
43 7
43 10
43 11
43 14
43 17
43 20
43 22
43 28
43 31
43 33
43 34
43 36
43 37
43 40
43 41
43 46
43 47
43 48
43 49
43 50
43 59
43 60
43 66
43 67
43 72
43 74
43 77
43 79
43 80
43 81
43 83
43 84
43 94
44 11
44 15
44 17
44 20
44 22
44 24
44 25
44 27
44 28
44 30
44 33
44 38
44 39
44 43
44 49
44 55
44 56
44 58
44 70
44 74
44 76
44 78
44 79
44 80
44 81
44 91
45 5
45 12
45 14
45 16
45 18
45 21
45 23
45 29
45 31
45 32
45 35
45 36
45 37
45 41
45 42
45 43
45 44
45 51
45 52
45 58
45 59
45 62
45 70
45 71
45 77
45 79
45 81
45 82
45 84
45 88
45 90
45 91
45 95
45 100
46 1
46 2
46 7
46 10
46 12
46 14
46 15
46 23
46 25
46 26
46 33
46 36
46 39
46 40
46 44
46 47
46 48
46 50
46 52
46 53
46 62
46 70
46 71
46 75
46 80
46 81
46 86
46 89
46 90
46 91
47 8
47 13
47 15
47 25
47 26
47 27
47 37
47 41
47 43
47 46
47 56
47 61
47 66
47 69
47 71
47 72
47 77
47 82
47 86
47 91
47 94
47 97
47 100
48 0
48 1
48 10
48 16
48 19
48 21
48 26
48 32
48 33
48 34
48 42
48 44
48 48
48 49
48 53
48 54
48 56
48 58
48 59
48 70
48 71
48 72
48 76
48 78
48 81
48 84
48 88
48 92
48 98
48 100
49 0
49 3
49 4
49 5
49 7
49 11
49 12
49 13
49 14
49 15
49 25
49 32
49 40
49 45
49 47
49 49
49 51
49 57
49 59
49 60
49 62
49 65
49 71
49 72
49 74
49 76
49 77
49 78
49 79
49 82
49 84
49 87
49 90
49 93
49 96
49 98
49 99
50 1
50 6
50 7
50 11
50 12
50 13
50 15
50 19
50 26
50 29
50 32
50 36
50 37
50 38
50 43
50 44
50 45
50 48
50 53
50 55
50 56
50 61
50 73
50 76
50 77
50 78
50 86
50 89
50 92
51 1
51 2
51 5
51 10
51 11
51 12
51 13
51 15
51 18
51 19
51 20
51 21
51 24
51 30
51 31
51 33
51 37
51 38
51 44
51 47
51 48
51 50
51 51
51 53
51 57
51 61
51 67
51 70
51 72
51 78
51 90
51 98
52 8
52 9
52 13
52 14
52 18
52 19
52 23
52 24
52 28
52 30
52 38
52 40
52 41
52 46
52 48
52 51
52 54
52 58
52 62
52 67
52 69
52 70
52 73
52 76
52 77
52 80
52 81
52 88
52 94
52 96
52 97
52 98
53 0
53 3
53 12
53 13
53 15
53 19
53 23
53 27
53 29
53 32
53 37
53 47
53 52
53 57
53 58
53 69
53 71
53 73
53 76
53 78
53 80
53 81
53 82
53 83
53 84
53 89
53 91
53 92
53 93
53 96
53 100
54 2
54 5
54 6
54 10
54 17
54 19
54 22
54 23
54 29
54 37
54 42
54 43
54 45
54 54
54 56
54 61
54 63
54 65
54 69
54 73
54 76
54 78
54 92
54 93
54 98
55 3
55 5
55 7
55 9
55 15
55 22
55 25
55 26
55 28
55 29
55 30
55 36
55 37
55 38
55 45
55 46
55 48
55 55
55 56
55 57
55 59
55 60
55 62
55 63
55 67
55 68
55 76
55 79
55 83
55 84
55 86
55 91
55 94
55 95
55 96
55 98
56 2
56 3
56 7
56 8
56 9
56 16
56 21
56 27
56 28
56 31
56 36
56 37
56 39
56 43
56 47
56 49
56 51
56 53
56 58
56 62
56 64
56 66
56 69
56 70
56 71
56 74
56 77
56 84
56 85
56 87
56 89
56 90
56 91
56 93
56 94
57 0
57 2
57 7
57 8
57 10
57 13
57 15
57 18
57 20
57 21
57 23
57 24
57 27
57 30
57 31
57 37
57 39
57 40
57 42
57 43
57 44
57 45
57 47
57 48
57 49
57 51
57 53
57 56
57 57
57 59
57 60
57 62
57 71
57 73
57 74
57 75
57 76
57 77
57 83
57 88
57 89
57 91
57 94
57 96
57 97
58 1
58 2
58 3
58 5
58 7
58 11
58 27
58 28
58 34
58 36
58 40
58 42
58 44
58 47
58 49
58 50
58 55
58 56
58 62
58 63
58 64
58 69
58 72
58 76
58 78
58 80
58 85
58 88
58 89
58 92
58 94
58 96
58 99
58 100
59 4
59 9
59 11
59 12
59 13
59 14
59 15
59 20
59 24
59 25
59 27
59 32
59 33
59 41
59 44
59 45
59 50
59 51
59 57
59 58
59 60
59 65
59 67
59 68
59 71
59 72
59 74
59 78
59 80
59 83
59 86
59 88
59 89
59 93
59 94
59 96
59 97
59 98
59 100
60 0
60 4
60 9
60 11
60 13
60 21
60 26
60 27
60 28
60 34
60 38
60 40
60 43
60 49
60 53
60 56
60 58
60 61
60 62
60 67
60 70
60 73
60 76
60 77
60 80
60 82
60 93
60 94
60 96
61 3
61 7
61 9
61 13
61 15
61 16
61 28
61 29
61 30
61 32
61 34
61 40
61 44
61 52
61 55
61 60
61 63
61 64
61 66
61 81
61 82
61 83
61 84
61 89
61 90
61 98
61 99
62 1
62 3
62 7
62 9
62 14
62 15
62 16
62 18
62 25
62 28
62 29
62 32
62 34
62 35
62 36
62 40
62 42
62 53
62 59
62 61
62 63
62 64
62 68
62 72
62 74
62 81
62 85
62 93
62 97
62 99
62 100
63 6
63 9
63 12
63 13
63 15
63 16
63 17
63 22
63 26
63 38
63 39
63 40
63 41
63 43
63 44
63 45
63 49
63 54
63 58
63 61
63 63
63 71
63 72
63 75
63 78
63 84
63 85
63 86
63 87
63 90
63 92
63 94
63 95
63 96
63 99
64 0
64 3
64 6
64 18
64 24
64 28
64 29
64 31
64 32
64 37
64 41
64 47
64 51
64 54
64 60
64 64
64 65
64 73
64 75
64 76
64 79
64 83
64 87
64 88
64 90
64 92
64 93
64 95
64 97
64 98
64 100
65 1
65 14
65 18
65 27
65 34
65 35
65 36
65 37
65 42
65 43
65 46
65 50
65 52
65 55
65 72
65 76
65 77
65 79
65 81
65 83
65 85
65 88
65 91
66 1
66 2
66 6
66 7
66 14
66 21
66 23
66 25
66 27
66 28
66 30
66 31
66 36
66 41
66 44
66 46
66 47
66 48
66 49
66 57
66 59
66 62
66 65
66 68
66 69
66 70
66 74
66 79
66 81
66 82
66 89
66 92
66 93
67 1
67 2
67 5
67 6
67 7
67 9
67 14
67 18
67 19
67 22
67 24
67 26
67 31
67 32
67 34
67 35
67 39
67 51
67 52
67 54
67 56
67 58
67 63
67 67
67 68
67 72
67 74
67 78
67 79
67 84
67 85
67 92
68 0
68 2
68 4
68 7
68 10
68 15
68 17
68 22
68 23
68 28
68 29
68 34
68 38
68 44
68 48
68 49
68 53
68 54
68 55
68 56
68 61
68 67
68 69
68 72
68 76
68 82
68 86
68 92
68 94
68 97
68 98
69 0
69 6
69 8
69 12
69 20
69 28
69 31
69 34
69 37
69 38
69 39
69 40
69 42
69 46
69 49
69 52
69 56
69 64
69 68
69 79
69 81
69 87
69 93
69 98
70 1
70 6
70 8
70 12
70 18
70 19
70 21
70 22
70 32
70 33
70 36
70 37
70 39
70 41
70 43
70 44
70 45
70 49
70 52
70 54
70 56
70 57
70 58
70 61
70 63
70 65
70 67
70 68
70 71
70 73
70 75
70 76
70 82
70 84
70 97
70 100
71 0
71 1
71 8
71 10
71 12
71 13
71 16
71 20
71 22
71 31
71 32
71 41
71 42
71 45
71 46
71 47
71 49
71 53
71 55
71 58
71 60
71 61
71 64
71 66
71 68
71 78
71 85
71 86
71 92
71 93
71 95
71 100
72 3
72 9
72 10
72 11
72 17
72 22
72 23
72 25
72 26
72 28
72 33
72 37
72 38
72 39
72 42
72 43
72 48
72 57
72 58
72 62
72 64
72 66
72 67
72 76
72 79
72 81
72 82
72 86
72 87
72 92
72 93
72 96
72 98
73 0
73 4
73 6
73 7
73 8
73 11
73 13
73 14
73 17
73 21
73 22
73 25
73 28
73 31
73 32
73 42
73 52
73 54
73 55
73 56
73 57
73 60
73 61
73 64
73 65
73 71
73 72
73 77
73 80
73 90
73 92
73 96
73 97
73 100
74 0
74 3
74 4
74 11
74 16
74 20
74 22
74 24
74 25
74 26
74 27
74 29
74 31
74 33
74 38
74 41
74 43
74 52
74 57
74 66
74 67
74 73
74 74
74 77
74 78
74 82
74 90
74 91
74 96
74 98
74 100
75 0
75 2
75 8
75 10
75 11
75 19
75 29
75 30
75 35
75 37
75 43
75 45
75 60
75 65
75 73
75 82
75 83
75 89
75 91
75 92
75 94
75 96
75 97
75 100
76 9
76 13
76 17
76 22
76 23
76 25
76 27
76 28
76 38
76 45
76 47
76 48
76 51
76 52
76 53
76 54
76 57
76 59
76 60
76 66
76 67
76 70
76 80
76 83
76 87
76 88
76 99
77 4
77 9
77 10
77 11
77 13
77 16
77 18
77 21
77 24
77 26
77 28
77 32
77 34
77 37
77 38
77 43
77 45
77 53
77 54
77 55
77 61
77 64
77 70
77 71
77 72
77 73
77 74
77 76
77 83
77 84
77 88
77 98
78 2
78 5
78 8
78 10
78 11
78 13
78 14
78 17
78 26
78 29
78 30
78 32
78 36
78 38
78 40
78 41
78 46
78 49
78 52
78 53
78 56
78 58
78 59
78 66
78 70
78 73
78 77
78 80
78 81
78 82
78 98
79 4
79 6
79 7
79 10
79 11
79 14
79 16
79 19
79 23
79 25
79 26
79 33
79 34
79 40
79 49
79 59
79 61
79 62
79 64
79 65
79 70
79 71
79 73
79 78
79 81
79 85
79 86
79 89
79 93
79 94
79 97
79 98
79 100
80 0
80 2
80 5
80 7
80 9
80 16
80 22
80 23
80 25
80 26
80 28
80 35
80 37
80 38
80 39
80 42
80 43
80 45
80 49
80 54
80 55
80 63
80 71
80 77
80 84
80 87
80 90
80 96
80 98
81 8
81 22
81 24
81 39
81 41
81 45
81 47
81 54
81 61
81 63
81 67
81 68
81 73
81 74
81 83
81 88
81 89
81 90
81 91
81 93
81 95
81 98
82 0
82 1
82 6
82 12
82 24
82 36
82 39
82 42
82 45
82 49
82 51
82 52
82 53
82 54
82 73
82 77
82 79
82 80
82 81
82 84
82 91
82 93
82 99
83 0
83 2
83 10
83 11
83 13
83 14
83 16
83 23
83 27
83 32
83 35
83 37
83 41
83 44
83 46
83 47
83 48
83 52
83 53
83 56
83 59
83 68
83 71
83 73
83 75
83 79
83 81
83 84
83 88
83 89
83 97
83 100
84 4
84 5
84 14
84 16
84 19
84 20
84 21
84 30
84 31
84 32
84 34
84 39
84 41
84 42
84 45
84 47
84 50
84 57
84 72
84 73
84 74
84 78
84 79
84 81
84 86
84 89
84 91
84 100
85 1
85 8
85 9
85 12
85 14
85 15
85 18
85 22
85 24
85 32
85 34
85 38
85 41
85 44
85 49
85 54
85 55
85 56
85 59
85 63
85 70
85 77
85 83
85 85
85 87
85 90
85 93
85 99
86 0
86 4
86 10
86 11
86 12
86 17
86 19
86 20
86 22
86 28
86 30
86 33
86 37
86 38
86 43
86 47
86 49
86 56
86 57
86 60
86 62
86 63
86 74
86 76
86 78
86 79
86 85
86 87
86 92
86 100
87 0
87 3
87 5
87 6
87 7
87 13
87 14
87 17
87 19
87 21
87 22
87 24
87 29
87 30
87 31
87 37
87 39
87 40
87 60
87 62
87 64
87 65
87 79
87 82
87 84
87 85
87 88
87 91
87 98
87 99
88 0
88 4
88 9
88 11
88 15
88 17
88 18
88 20
88 51
88 52
88 54
88 58
88 59
88 60
88 61
88 62
88 66
88 69
88 71
88 73
88 76
88 77
88 84
88 92
88 94
88 96
89 0
89 2
89 7
89 8
89 15
89 21
89 22
89 25
89 26
89 31
89 33
89 37
89 49
89 50
89 57
89 59
89 60
89 64
89 65
89 67
89 72
89 76
89 77
89 79
89 80
89 81
89 84
89 87
89 89
89 90
89 91
89 94
89 96
90 10
90 14
90 16
90 17
90 24
90 31
90 33
90 36
90 37
90 38
90 49
90 62
90 68
90 72
90 74
90 77
90 80
90 81
90 83
90 85
90 88
90 92
90 93
90 96
90 99
90 100
91 1
91 5
91 7
91 11
91 16
91 18
91 19
91 21
91 22
91 23
91 24
91 28
91 32
91 39
91 42
91 44
91 45
91 47
91 49
91 57
91 58
91 64
91 66
91 67
91 70
91 75
91 82
91 83
91 86
91 87
91 88
91 90
91 94
91 99
92 2
92 11
92 13
92 18
92 21
92 25
92 27
92 30
92 33
92 36
92 37
92 39
92 44
92 45
92 47
92 54
92 57
92 64
92 67
92 71
92 72
92 76
92 78
92 88
92 89
92 90
92 94
92 95
92 96
92 99
93 0
93 1
93 9
93 11
93 13
93 15
93 22
93 24
93 25
93 28
93 30
93 34
93 36
93 37
93 41
93 42
93 46
93 50
93 55
93 57
93 59
93 61
93 63
93 64
93 69
93 70
93 72
93 73
93 74
93 78
93 81
93 85
93 91
93 92
93 94
93 95
93 99
93 100
94 1
94 5
94 12
94 26
94 32
94 43
94 48
94 49
94 50
94 51
94 52
94 54
94 55
94 61
94 63
94 64
94 66
94 68
94 70
94 74
94 75
94 76
94 79
94 84
94 89
94 96
94 99
95 3
95 4
95 8
95 12
95 13
95 15
95 17
95 20
95 23
95 46
95 49
95 53
95 55
95 58
95 63
95 67
95 71
95 72
95 74
95 75
95 76
95 79
95 82
95 83
95 87
95 95
96 2
96 4
96 5
96 6
96 8
96 19
96 26
96 27
96 29
96 30
96 31
96 32
96 37
96 41
96 46
96 49
96 52
96 53
96 58
96 60
96 66
96 67
96 69
96 71
96 73
96 80
96 83
96 94
97 0
97 2
97 10
97 11
97 13
97 15
97 19
97 20
97 22
97 25
97 27
97 29
97 31
97 34
97 38
97 39
97 43
97 44
97 45
97 47
97 48
97 51
97 52
97 57
97 68
97 70
97 77
97 79
97 81
97 83
97 84
97 88
97 91
97 92
97 96
98 2
98 7
98 14
98 21
98 24
98 25
98 26
98 34
98 36
98 37
98 38
98 41
98 48
98 49
98 57
98 59
98 66
98 68
98 69
98 77
98 79
98 82
98 84
98 87
99 1
99 3
99 6
99 7
99 9
99 11
99 16
99 19
99 20
99 32
99 34
99 36
99 40
99 45
99 47
99 53
99 55
99 58
99 62
99 68
99 70
99 74
99 77
99 78
99 84
99 86
99 87
99 88
99 91
99 96
99 99
100 0
100 3
100 10
100 13
100 16
100 18
100 24
100 29
100 30
100 32
100 36
100 37
100 44
100 47
100 53
100 57
100 60
100 61
100 63
100 68
100 70
100 71
100 74
100 77
100 79
100 80
100 83
100 84
100 90
100 91
100 95
100 98
