0 1
0 5
0 7
0 10
0 13
0 14
0 22
0 25
0 29
0 33
0 34
0 41
0 44
0 46
0 51
0 53
0 59
0 64
0 65
0 67
0 69
0 70
0 78
0 90
0 94
0 100
1 0
1 5
1 8
1 13
1 14
1 15
1 16
1 27
1 29
1 30
1 34
1 42
1 44
1 45
1 47
1 48
1 55
1 58
1 60
1 62
1 69
1 72
1 74
1 75
1 76
1 82
1 85
1 86
1 87
1 88
1 94
1 95
1 97
1 98
2 4
2 13
2 17
2 23
2 25
2 29
2 34
2 35
2 37
2 39
2 41
2 46
2 53
2 54
2 55
2 64
2 68
2 80
2 86
2 87
2 89
2 92
2 93
2 94
3 9
3 10
3 14
3 18
3 21
3 24
3 25
3 27
3 29
3 33
3 39
3 44
3 45
3 46
3 50
3 51
3 52
3 55
3 60
3 61
3 62
3 66
3 67
3 71
3 72
3 73
3 74
3 77
3 78
3 81
3 92
3 93
3 94
3 99
3 100
4 2
4 4
4 7
4 8
4 9
4 14
4 15
4 18
4 32
4 38
4 39
4 47
4 54
4 55
4 62
4 66
4 71
4 72
4 81
5 0
5 4
5 7
5 10
5 14
5 16
5 18
5 23
5 32
5 35
5 37
5 38
5 41
5 42
5 44
5 50
5 51
5 54
5 55
5 56
5 58
5 66
5 75
5 76
5 77
5 82
5 83
5 86
5 87
5 89
5 95
5 96
6 2
6 4
6 5
6 6
6 7
6 10
6 15
6 21
6 24
6 26
6 27
6 31
6 35
6 36
6 39
6 40
6 41
6 44
6 45
6 46
6 52
6 56
6 57
6 60
6 66
6 69
6 76
6 78
6 84
6 87
6 88
6 92
6 99
6 100
7 4
7 8
7 9
7 12
7 21
7 22
7 23
7 24
7 25
7 27
7 31
7 38
7 41
7 49
7 51
7 55
7 66
7 67
7 69
7 71
7 75
7 79
7 83
7 84
7 85
7 91
7 96
8 1
8 2
8 7
8 14
8 17
8 19
8 22
8 23
8 26
8 29
8 32
8 34
8 37
8 40
8 43
8 47
8 49
8 53
8 56
8 62
8 69
8 71
8 72
8 80
8 82
8 84
8 89
8 99
8 100
9 1
9 2
9 3
9 4
9 6
9 27
9 42
9 44
9 48
9 53
9 58
9 64
9 65
9 66
9 75
9 76
9 79
9 88
9 93
9 94
9 96
9 99
9 100
10 2
10 3
10 8
10 9
10 11
10 13
10 15
10 16
10 17
10 18
10 19
10 20
10 21
10 22
10 25
10 27
10 34
10 40
10 41
10 46
10 48
10 49
10 52
10 53
10 61
10 65
10 66
10 67
10 71
10 74
10 76
10 80
10 82
10 83
10 85
10 86
10 89
10 91
10 92
10 93
10 94
10 95
10 96
11 7
11 10
11 14
11 18
11 20
11 23
11 24
11 25
11 26
11 32
11 36
11 39
11 47
11 54
11 55
11 59
11 60
11 61
11 64
11 77
11 78
11 84
11 87
11 88
11 91
11 93
11 97
11 98
11 99
12 2
12 4
12 14
12 15
12 17
12 23
12 27
12 28
12 29
12 37
12 38
12 39
12 42
12 44
12 45
12 47
12 49
12 50
12 53
12 57
12 58
12 61
12 63
12 65
12 69
12 70
12 81
12 83
12 85
12 86
12 88
12 90
12 94
13 1
13 2
13 4
13 5
13 9
13 11
13 18
13 21
13 22
13 23
13 27
13 31
13 32
13 34
13 35
13 38
13 39
13 41
13 50
13 55
13 57
13 58
13 66
13 69
13 74
13 75
13 78
13 81
13 85
13 89
13 94
13 98
14 1
14 6
14 8
14 9
14 11
14 14
14 15
14 21
14 24
14 25
14 26
14 28
14 29
14 32
14 34
14 38
14 41
14 45
14 56
14 60
14 62
14 63
14 66
14 67
14 72
14 73
14 75
14 78
14 81
14 83
14 84
14 85
14 88
14 92
14 95
14 98
15 2
15 3
15 4
15 6
15 8
15 10
15 13
15 17
15 18
15 20
15 21
15 24
15 25
15 26
15 28
15 32
15 35
15 36
15 39
15 48
15 49
15 51
15 52
15 53
15 57
15 60
15 62
15 65
15 70
15 74
15 84
15 85
15 88
16 1
16 4
16 13
16 14
16 16
16 17
16 21
16 23
16 29
16 31
16 32
16 39
16 46
16 47
16 48
16 49
16 50
16 51
16 55
16 56
16 60
16 65
16 66
16 68
16 70
16 72
16 76
16 78
16 79
16 85
16 88
16 90
16 96
17 5
17 11
17 12
17 18
17 20
17 21
17 25
17 28
17 31
17 34
17 35
17 40
17 45
17 49
17 50
17 58
17 59
17 60
17 62
17 76
17 80
17 82
17 86
17 90
17 91
17 92
17 94
17 98
17 99
18 11
18 12
18 14
18 18
18 22
18 23
18 28
18 29
18 34
18 35
18 36
18 38
18 41
18 45
18 49
18 55
18 57
18 60
18 66
18 84
18 87
18 88
18 93
18 94
18 95
18 96
18 98
18 100
19 2
19 3
19 5
19 11
19 15
19 16
19 17
19 18
19 19
19 22
19 23
19 25
19 26
19 34
19 38
19 39
19 40
19 42
19 47
19 48
19 50
19 53
19 60
19 71
19 72
19 80
19 83
19 84
19 87
19 89
19 91
19 93
20 3
20 4
20 5
20 6
20 13
20 17
20 22
20 23
20 30
20 34
20 36
20 40
20 42
20 46
20 47
20 48
20 51
20 53
20 55
20 64
20 68
20 74
20 76
20 77
20 81
20 83
20 85
20 90
20 95
20 98
21 1
21 3
21 4
21 19
21 25
21 26
21 30
21 33
21 38
21 40
21 41
21 48
21 60
21 70
21 90
21 92
21 94
21 98
21 100
22 2
22 5
22 10
22 15
22 19
22 21
22 29
22 30
22 31
22 43
22 52
22 54
22 65
22 67
22 69
22 73
22 74
22 90
22 91
22 92
22 93
23 7
23 13
23 15
23 16
23 22
23 29
23 34
23 36
23 43
23 44
23 46
23 49
23 51
23 55
23 61
23 63
23 66
23 78
23 79
23 85
23 95
24 1
24 14
24 23
24 25
24 30
24 33
24 36
24 40
24 42
24 44
24 45
24 46
24 48
24 49
24 54
24 60
24 61
24 67
24 68
24 71
24 73
24 76
24 78
24 89
24 90
24 91
24 94
24 95
24 96
24 97
25 2
25 3
25 5
25 9
25 14
25 17
25 18
25 22
25 27
25 28
25 29
25 32
25 38
25 44
25 46
25 47
25 54
25 57
25 62
25 63
25 64
25 67
25 76
25 82
25 83
25 84
25 87
25 94
25 95
26 7
26 8
26 10
26 16
26 17
26 19
26 20
26 22
26 28
26 32
26 39
26 45
26 48
26 53
26 59
26 60
26 61
26 62
26 63
26 64
26 69
26 71
26 74
26 76
26 78
26 84
26 85
26 87
26 90
26 98
27 6
27 9
27 10
27 16
27 26
27 29
27 31
27 32
27 33
27 39
27 43
27 44
27 50
27 53
27 56
27 60
27 61
27 65
27 68
27 69
27 76
27 77
27 78
27 80
27 88
27 95
27 100
28 1
28 2
28 4
28 10
28 11
28 15
28 16
28 20
28 21
28 26
28 31
28 32
28 35
28 36
28 40
28 41
28 43
28 44
28 47
28 48
28 51
28 54
28 55
28 60
28 61
28 63
28 64
28 65
28 72
28 80
28 85
28 92
28 97
28 99
28 100
29 0
29 10
29 11
29 15
29 16
29 17
29 18
29 19
29 22
29 23
29 29
29 34
29 35
29 37
29 38
29 41
29 42
29 44
29 50
29 58
29 62
29 63
29 72
29 78
29 80
29 81
29 82
29 84
29 89
29 95
29 97
29 100
30 18
30 21
30 22
30 24
30 25
30 37
30 42
30 50
30 51
30 52
30 54
30 57
30 63
30 64
30 69
30 70
30 72
30 73
30 75
30 78
30 81
30 83
30 85
30 89
30 90
30 93
30 96
31 9
31 15
31 19
31 20
31 24
31 26
31 28
31 30
31 34
31 37
31 40
31 42
31 49
31 57
31 58
31 60
31 63
31 64
31 71
31 76
31 83
31 87
31 88
31 89
31 93
31 94
31 95
32 1
32 4
32 5
32 8
32 9
32 14
32 16
32 17
32 18
32 19
32 20
32 21
32 22
32 28
32 31
32 35
32 46
32 54
32 55
32 58
32 59
32 61
32 68
32 74
32 75
32 80
32 82
32 84
32 86
32 97
32 100
33 0
33 2
33 4
33 9
33 14
33 15
33 26
33 29
33 31
33 36
33 39
33 40
33 49
33 50
33 55
33 56
33 58
33 59
33 62
33 66
33 69
33 72
33 73
33 80
33 85
33 86
33 90
33 93
34 11
34 14
34 18
34 21
34 29
34 31
34 37
34 38
34 40
34 41
34 44
34 45
34 46
34 48
34 49
34 51
34 52
34 54
34 55
34 58
34 59
34 61
34 64
34 66
34 70
34 71
34 73
34 77
34 79
34 80
34 83
34 85
34 92
34 96
34 100
35 1
35 4
35 8
35 12
35 13
35 15
35 22
35 24
35 34
35 35
35 36
35 41
35 43
35 44
35 47
35 55
35 58
35 64
35 71
35 72
35 89
35 91
35 95
35 100
36 1
36 2
36 6
36 7
36 13
36 16
36 18
36 20
36 25
36 26
36 31
36 37
36 43
36 45
36 51
36 54
36 56
36 58
36 61
36 64
36 71
36 72
36 73
36 76
36 80
36 81
36 94
36 95
36 99
37 1
37 4
37 9
37 10
37 11
37 13
37 14
37 15
37 16
37 20
37 21
37 22
37 31
37 33
37 34
37 39
37 41
37 42
37 44
37 51
37 56
37 57
37 62
37 64
37 66
37 70
37 75
37 78
37 82
37 84
37 88
37 89
37 90
37 92
37 95
37 96
38 8
38 11
38 16
38 18
38 19
38 27
38 33
38 40
38 43
38 48
38 50
38 51
38 53
38 55
38 59
38 62
38 67
38 70
38 72
38 75
38 77
38 79
38 81
38 82
38 83
38 86
38 88
38 92
38 94
38 95
39 3
39 4
39 7
39 9
39 15
39 18
39 23
39 24
39 25
39 27
39 33
39 41
39 47
39 51
39 52
39 55
39 58
39 61
39 66
39 67
39 73
39 74
39 75
39 83
39 86
39 91
39 95
39 98
40 2
40 8
40 9
40 12
40 19
40 25
40 26
40 27
40 28
40 29
40 34
40 35
40 39
40 40
40 41
40 46
40 47
40 52
40 53
40 57
40 59
40 61
40 76
40 90
40 97
40 98
40 100
41 0
41 2
41 9
41 11
41 14
41 15
41 23
41 25
41 26
41 27
41 34
41 47
41 48
41 49
41 50
41 53
41 55
41 57
41 58
41 60
41 72
41 74
41 75
41 79
41 80
41 81
41 82
41 87
41 92
41 93
41 94
41 98
42 2
42 3
42 13
42 16
42 17
42 18
42 19
42 21
42 25
42 33
42 35
42 36
42 39
42 40
42 41
42 42
42 43
42 45
42 48
42 49
42 50
42 51
42 52
42 54
42 55
42 57
42 62
42 68
42 77
42 80
42 88
43 3
43 4
43 5
43 6
43 10
43 11
43 15
43 16
43 19
43 21
43 24
43 25
43 28
43 29
43 30
43 33
43 41
43 42
43 43
43 44
43 45
43 49
43 51
43 62
43 65
43 74
43 76
43 80
43 81
43 82
43 85
43 89
43 90
43 95
43 100
44 1
44 6
44 7
44 15
44 16
44 24
44 26
44 27
44 28
44 31
44 32
44 34
44 36
44 43
44 44
44 49
44 63
44 65
44 70
44 72
44 73
44 83
44 84
44 85
44 93
44 94
44 98
45 0
45 1
45 3
45 12
45 15
45 16
45 18
45 20
45 23
45 25
45 27
45 29
45 32
45 38
45 41
45 43
45 47
45 49
45 56
45 58
45 62
45 69
45 71
45 75
45 77
45 79
45 80
45 81
45 85
45 91
45 92
45 93
45 96
45 97
45 99
45 100
46 2
46 4
46 10
46 11
46 12
46 19
46 20
46 21
46 23
46 36
46 39
46 43
46 44
46 45
46 50
46 57
46 70
46 72
46 73
46 78
46 79
46 80
46 84
46 85
46 86
46 94
46 96
46 97
47 0
47 1
47 2
47 3
47 7
47 10
47 11
47 12
47 13
47 15
47 17
47 18
47 19
47 26
47 31
47 33
47 36
47 52
47 54
47 56
47 61
47 63
47 64
47 70
47 75
47 76
47 77
47 79
47 81
47 82
47 85
47 87
47 89
47 92
48 12
48 15
48 17
48 18
48 22
48 23
48 24
48 26
48 34
48 36
48 41
48 50
48 51
48 53
48 56
48 57
48 62
48 63
48 64
48 67
48 69
48 79
48 82
48 83
48 90
48 93
48 95
48 97
49 0
49 2
49 6
49 11
49 13
49 14
49 18
49 21
49 26
49 27
49 30
49 31
49 35
49 45
49 46
49 48
49 50
49 53
49 54
49 64
49 66
49 69
49 75
49 77
49 80
49 83
49 84
49 85
49 86
49 87
49 91
49 94
49 95
49 97
50 4
50 11
50 13
50 20
50 21
50 24
50 30
50 32
50 35
50 42
50 44
50 45
50 47
50 50
50 52
50 57
50 58
50 59
50 64
50 65
50 69
50 70
50 78
50 79
50 80
50 83
50 86
50 89
50 92
50 95
51 6
51 7
51 9
51 12
51 14
51 19
51 20
51 28
51 29
51 31
51 32
51 35
51 37
51 38
51 39
51 43
51 44
51 45
51 46
51 48
51 50
51 52
51 53
51 56
51 58
51 60
51 62
51 67
51 68
51 70
51 75
51 79
51 90
51 93
51 96
52 2
52 3
52 4
52 5
52 6
52 11
52 14
52 16
52 20
52 21
52 22
52 23
52 24
52 25
52 27
52 28
52 32
52 34
52 35
52 38
52 45
52 47
52 52
52 53
52 54
52 60
52 61
52 62
52 64
52 65
52 75
52 76
52 82
52 85
52 86
52 87
52 90
52 94
52 95
52 100
53 1
53 4
53 13
53 16
53 21
53 23
53 27
53 28
53 31
53 39
53 42
53 43
53 50
53 51
53 52
53 53
53 58
53 62
53 64
53 67
53 68
53 74
53 86
53 91
53 94
53 97
53 98
53 99
54 1
54 3
54 8
54 10
54 17
54 18
54 20
54 21
54 26
54 29
54 32
54 37
54 51
54 53
54 62
54 64
54 66
54 67
54 69
54 75
54 76
54 81
54 82
54 85
54 86
54 87
54 88
54 89
54 90
54 92
54 97
54 98
55 2
55 5
55 12
55 14
55 20
55 21
55 25
55 29
55 37
55 38
55 39
55 53
55 57
55 63
55 64
55 66
55 67
55 68
55 69
55 77
55 78
55 81
55 86
55 87
55 94
55 95
55 96
55 97
55 99
56 6
56 15
56 19
56 24
56 26
56 35
56 36
56 38
56 39
56 41
56 45
56 46
56 49
56 51
56 53
56 54
56 58
56 62
56 66
56 69
56 70
56 74
56 75
56 78
56 81
56 82
56 88
56 90
56 91
56 92
56 95
56 96
57 2
57 6
57 11
57 16
57 18
57 19
57 20
57 24
57 30
57 35
57 39
57 40
57 41
57 42
57 46
57 47
57 51
57 54
57 56
57 57
57 61
57 62
57 71
57 74
57 77
57 80
57 84
57 89
57 93
57 94
57 97
57 98
58 2
58 3
58 7
58 9
58 11
58 16
58 17
58 20
58 28
58 32
58 33
58 35
58 36
58 39
58 46
58 51
58 56
58 57
58 60
58 62
58 63
58 66
58 69
58 76
58 77
58 78
58 80
58 83
58 88
58 92
58 99
59 12
59 20
59 22
59 23
59 24
59 32
59 42
59 43
59 45
59 49
59 50
59 54
59 56
59 60
59 64
59 67
59 80
59 83
59 86
59 87
59 95
59 98
59 99
60 0
60 1
60 3
60 5
60 6
60 14
60 15
60 19
60 20
60 27
60 31
60 32
60 35
60 37
60 43
60 44
60 52
60 55
60 59
60 62
60 67
60 68
60 69
60 74
60 75
60 78
60 80
60 81
60 90
60 93
60 95
60 96
60 97
61 1
61 4
61 9
61 11
61 12
61 14
61 22
61 25
61 28
61 43
61 45
61 47
61 53
61 55
61 56
61 60
61 61
61 65
61 66
61 72
61 74
61 76
61 82
61 88
61 89
61 90
61 91
61 97
61 100
62 2
62 3
62 10
62 13
62 17
62 19
62 22
62 24
62 32
62 35
62 39
62 49
62 52
62 56
62 57
62 62
62 76
62 77
62 78
62 85
62 89
62 93
62 95
63 2
63 3
63 4
63 22
63 25
63 28
63 29
63 32
63 33
63 41
63 43
63 49
63 55
63 57
63 59
63 60
63 63
63 64
63 66
63 67
63 76
63 80
63 81
63 83
63 87
63 90
63 91
63 93
63 94
63 98
63 99
64 1
64 9
64 13
64 21
64 22
64 25
64 27
64 29
64 38
64 39
64 41
64 44
64 47
64 55
64 57
64 62
64 64
64 66
64 72
64 74
64 81
64 83
64 88
64 92
64 95
64 98
65 4
65 12
65 17
65 21
65 22
65 23
65 25
65 28
65 30
65 31
65 32
65 33
65 36
65 38
65 40
65 43
65 45
65 55
65 56
65 57
65 58
65 59
65 65
65 71
65 72
65 75
65 77
65 80
65 92
65 96
65 98
66 5
66 7
66 10
66 11
66 13
66 16
66 18
66 23
66 25
66 26
66 31
66 36
66 37
66 41
66 47
66 48
66 52
66 58
66 59
66 66
66 68
66 69
66 73
66 74
66 75
66 77
66 79
66 83
66 85
66 91
66 92
66 94
66 95
66 99
66 100
67 0
67 3
67 10
67 13
67 14
67 15
67 21
67 23
67 25
67 35
67 41
67 42
67 44
67 48
67 52
67 53
67 68
67 72
67 75
67 76
67 81
67 84
67 85
67 86
67 87
67 90
67 95
67 98
68 1
68 2
68 3
68 6
68 7
68 11
68 19
68 22
68 23
68 24
68 25
68 26
68 31
68 33
68 34
68 37
68 39
68 40
68 42
68 47
68 49
68 51
68 53
68 55
68 59
68 60
68 61
68 63
68 67
68 68
68 69
68 72
68 82
68 83
68 85
68 90
68 91
68 92
68 94
68 96
69 3
69 4
69 9
69 11
69 18
69 19
69 21
69 23
69 29
69 31
69 32
69 33
69 35
69 44
69 45
69 47
69 57
69 60
69 64
69 65
69 66
69 74
69 75
69 76
69 77
69 83
69 87
69 90
69 94
69 100
70 3
70 9
70 20
70 22
70 23
70 25
70 26
70 29
70 33
70 34
70 36
70 37
70 44
70 46
70 48
70 49
70 53
70 62
70 64
70 72
70 82
70 89
70 93
70 96
70 98
70 100
71 3
71 10
71 12
71 13
71 15
71 18
71 19
71 22
71 25
71 26
71 35
71 36
71 39
71 40
71 41
71 46
71 51
71 61
71 64
71 70
71 71
71 72
71 75
71 76
71 86
71 87
71 88
71 91
71 92
71 93
71 97
71 98
72 0
72 5
72 6
72 7
72 8
72 11
72 13
72 14
72 22
72 31
72 32
72 35
72 41
72 55
72 58
72 60
72 65
72 67
72 70
72 76
72 83
72 85
72 87
72 94
72 98
72 100
73 6
73 9
73 11
73 13
73 16
73 21
73 22
73 23
73 25
73 27
73 31
73 35
73 42
73 50
73 51
73 55
73 57
73 60
73 61
73 63
73 72
73 74
73 76
73 80
73 82
73 83
73 85
73 86
73 91
73 94
73 95
73 96
73 98
74 5
74 13
74 20
74 25
74 26
74 29
74 32
74 41
74 42
74 50
74 54
74 64
74 74
74 76
74 79
74 81
74 83
74 85
74 92
74 94
74 96
75 3
75 4
75 9
75 11
75 15
75 18
75 19
75 23
75 26
75 29
75 32
75 37
75 38
75 40
75 42
75 43
75 45
75 46
75 51
75 54
75 56
75 57
75 59
75 61
75 63
75 65
75 72
75 73
75 74
75 75
75 78
75 79
75 80
75 84
75 85
75 92
75 93
75 94
75 96
75 98
76 5
76 6
76 10
76 12
76 15
76 19
76 21
76 22
76 26
76 28
76 31
76 34
76 42
76 46
76 47
76 49
76 50
76 51
76 53
76 54
76 57
76 59
76 62
76 66
76 72
76 77
76 78
76 86
76 88
76 93
76 97
76 99
77 2
77 5
77 7
77 12
77 19
77 30
77 31
77 35
77 37
77 38
77 42
77 44
77 48
77 49
77 51
77 54
77 55
77 56
77 60
77 68
77 70
77 72
77 76
77 79
77 80
77 82
77 84
77 88
77 90
77 93
77 94
77 97
77 99
78 4
78 5
78 7
78 11
78 17
78 20
78 21
78 22
78 23
78 25
78 26
78 28
78 30
78 35
78 38
78 44
78 45
78 46
78 48
78 51
78 58
78 60
78 66
78 68
78 70
78 72
78 74
78 76
78 83
78 86
78 89
78 92
78 94
78 96
78 98
79 2
79 4
79 10
79 20
79 25
79 34
79 38
79 45
79 46
79 53
79 55
79 59
79 60
79 68
79 71
79 78
79 80
79 81
79 83
79 87
79 89
79 90
79 91
79 92
79 96
79 97
79 99
80 0
80 2
80 4
80 8
80 9
80 11
80 15
80 20
80 35
80 36
80 38
80 39
80 49
80 55
80 57
80 59
80 71
80 72
80 74
80 75
80 77
80 78
80 79
80 81
80 84
80 88
80 91
80 97
81 11
81 14
81 17
81 21
81 28
81 31
81 32
81 34
81 38
81 43
81 52
81 54
81 56
81 61
81 63
81 66
81 72
81 77
81 81
81 84
81 87
81 88
81 89
81 90
81 91
81 94
81 95
81 96
81 98
82 4
82 6
82 8
82 10
82 11
82 12
82 13
82 17
82 23
82 25
82 26
82 27
82 29
82 30
82 40
82 43
82 47
82 49
82 50
82 52
82 55
82 56
82 57
82 63
82 64
82 65
82 66
82 71
82 76
82 77
82 79
82 81
82 82
82 85
82 91
83 6
83 7
83 8
83 10
83 11
83 13
83 18
83 28
83 36
83 38
83 43
83 44
83 49
83 55
83 56
83 58
83 59
83 60
83 61
83 71
83 76
83 77
83 81
83 84
83 85
83 86
83 95
83 98
83 99
83 100
84 2
84 5
84 12
84 18
84 30
84 31
84 36
84 37
84 43
84 44
84 50
84 52
84 56
84 59
84 63
84 66
84 67
84 69
84 77
84 78
84 80
84 82
84 84
84 90
84 91
84 95
84 96
84 97
84 99
85 0
85 3
85 7
85 10
85 16
85 17
85 21
85 26
85 35
85 39
85 47
85 53
85 56
85 57
85 60
85 64
85 66
85 69
85 77
85 78
85 82
85 83
85 91
85 95
85 98
85 99
86 4
86 10
86 13
86 15
86 16
86 18
86 26
86 28
86 29
86 30
86 35
86 41
86 42
86 48
86 51
86 53
86 54
86 57
86 58
86 61
86 62
86 63
86 66
86 72
86 74
86 75
86 84
86 86
86 88
86 90
86 94
86 95
86 97
86 98
87 0
87 1
87 3
87 4
87 12
87 14
87 15
87 16
87 20
87 21
87 23
87 26
87 28
87 29
87 30
87 32
87 33
87 37
87 40
87 42
87 43
87 44
87 48
87 52
87 55
87 56
87 58
87 59
87 60
87 75
87 87
87 89
87 91
87 98
87 100
88 1
88 2
88 8
88 13
88 17
88 18
88 21
88 24
88 28
88 30
88 35
88 37
88 38
88 43
88 46
88 47
88 49
88 61
88 65
88 67
88 69
88 71
88 76
88 78
88 79
88 80
88 87
88 90
88 97
88 98
89 1
89 3
89 7
89 8
89 9
89 10
89 12
89 13
89 15
89 19
89 24
89 25
89 26
89 27
89 41
89 44
89 46
89 48
89 51
89 53
89 58
89 62
89 65
89 66
89 78
89 83
89 91
89 93
89 94
89 95
89 96
89 98
90 11
90 13
90 25
90 26
90 28
90 31
90 33
90 34
90 35
90 36
90 39
90 41
90 47
90 50
90 54
90 57
90 73
90 74
90 75
90 78
90 79
90 80
90 87
90 88
90 89
90 91
90 93
90 95
90 97
91 9
91 16
91 20
91 21
91 22
91 32
91 33
91 34
91 37
91 43
91 44
91 48
91 51
91 52
91 55
91 56
91 57
91 58
91 60
91 61
91 62
91 63
91 70
91 71
91 77
91 81
91 82
91 92
91 100
92 4
92 11
92 12
92 15
92 23
92 27
92 32
92 33
92 40
92 41
92 42
92 44
92 48
92 52
92 54
92 57
92 58
92 62
92 65
92 66
92 72
92 73
92 76
92 80
92 89
92 96
92 98
93 0
93 2
93 6
93 8
93 12
93 20
93 21
93 23
93 25
93 27
93 28
93 32
93 41
93 42
93 44
93 57
93 62
93 64
93 65
93 70
93 80
93 82
93 87
93 89
93 92
93 94
93 96
93 97
94 0
94 1
94 4
94 6
94 9
94 11
94 14
94 15
94 20
94 26
94 30
94 31
94 34
94 37
94 44
94 46
94 50
94 51
94 52
94 53
94 54
94 66
94 70
94 71
94 76
94 77
94 80
94 83
94 88
94 95
94 99
95 3
95 19
95 20
95 22
95 24
95 25
95 27
95 35
95 43
95 46
95 49
95 52
95 57
95 62
95 63
95 66
95 67
95 73
95 75
95 79
95 85
95 86
95 92
95 95
96 0
96 2
96 5
96 6
96 7
96 13
96 16
96 23
96 26
96 29
96 30
96 34
96 36
96 37
96 41
96 46
96 49
96 50
96 54
96 55
96 62
96 66
96 70
96 71
96 74
96 76
96 79
96 82
96 83
96 84
96 85
96 87
96 88
96 91
96 95
96 97
97 4
97 8
97 9
97 10
97 14
97 15
97 17
97 20
97 24
97 28
97 33
97 37
97 38
97 41
97 43
97 49
97 50
97 52
97 57
97 59
97 63
97 64
97 67
97 68
97 70
97 75
97 77
97 79
97 82
97 85
97 89
97 91
97 93
97 99
97 100
98 2
98 3
98 6
98 7
98 8
98 11
98 13
98 15
98 18
98 21
98 22
98 23
98 29
98 31
98 36
98 37
98 41
98 46
98 48
98 50
98 57
98 64
98 66
98 73
98 79
98 81
98 87
98 89
98 91
98 98
99 0
99 2
99 5
99 8
99 10
99 12
99 13
99 14
99 16
99 23
99 24
99 27
99 41
99 50
99 51
99 58
99 63
99 65
99 66
99 67
99 72
99 75
99 77
99 78
99 87
99 90
99 93
99 94
100 2
100 4
100 7
100 8
100 9
100 11
100 12
100 15
100 19
100 23
100 24
100 27
100 28
100 37
100 39
100 40
100 46
100 47
100 57
100 58
100 62
100 65
100 71
100 76
100 78
100 79
100 81
100 84
100 85
100 87
100 88
100 93
100 97
100 98
