0 3
0 5
0 12
0 15
0 23
0 25
0 26
0 30
0 32
0 33
0 35
0 36
0 37
0 41
0 43
0 44
0 48
0 51
0 52
0 59
0 60
0 61
0 64
0 66
0 72
0 79
0 82
0 85
0 88
0 95
0 96
0 97
1 4
1 13
1 15
1 16
1 20
1 21
1 24
1 32
1 42
1 48
1 51
1 59
1 60
1 62
1 64
1 67
1 69
1 70
1 78
1 80
1 81
1 92
1 98
1 100
2 2
2 8
2 16
2 17
2 20
2 22
2 24
2 26
2 30
2 44
2 46
2 50
2 51
2 52
2 53
2 58
2 59
2 60
2 61
2 62
2 64
2 65
2 67
2 68
2 69
2 70
2 72
2 74
2 83
2 84
2 85
2 86
2 90
2 95
2 96
2 100
3 1
3 4
3 5
3 9
3 11
3 13
3 14
3 15
3 18
3 22
3 23
3 24
3 27
3 29
3 31
3 32
3 34
3 35
3 37
3 48
3 53
3 55
3 62
3 65
3 68
3 72
3 74
3 75
3 76
3 78
3 80
3 85
3 90
3 94
3 98
4 7
4 16
4 27
4 36
4 37
4 38
4 41
4 42
4 47
4 48
4 51
4 53
4 65
4 66
4 75
4 76
4 79
4 80
4 82
4 84
4 85
4 88
4 91
4 96
5 6
5 9
5 16
5 17
5 23
5 25
5 30
5 34
5 35
5 36
5 39
5 40
5 41
5 44
5 48
5 49
5 50
5 52
5 54
5 56
5 58
5 60
5 61
5 64
5 72
5 74
5 78
5 82
5 87
5 90
5 91
5 92
5 93
5 94
5 95
5 96
5 98
6 0
6 6
6 7
6 10
6 11
6 23
6 30
6 31
6 32
6 36
6 37
6 40
6 44
6 49
6 54
6 59
6 66
6 67
6 70
6 75
6 77
6 79
6 81
6 84
6 90
6 95
6 98
7 0
7 2
7 3
7 4
7 6
7 10
7 16
7 19
7 20
7 35
7 38
7 47
7 49
7 50
7 54
7 61
7 64
7 68
7 69
7 70
7 71
7 73
7 78
7 88
7 94
7 95
8 4
8 7
8 10
8 13
8 17
8 20
8 26
8 28
8 29
8 30
8 33
8 35
8 36
8 37
8 39
8 45
8 46
8 51
8 52
8 55
8 60
8 61
8 66
8 67
8 69
8 75
8 76
8 81
8 82
8 85
8 96
8 97
8 99
9 5
9 13
9 20
9 28
9 29
9 32
9 37
9 44
9 47
9 49
9 50
9 51
9 57
9 59
9 65
9 69
9 75
9 76
9 77
9 81
9 83
9 86
9 87
9 89
9 93
9 95
9 96
9 97
10 0
10 2
10 9
10 10
10 22
10 23
10 27
10 30
10 32
10 33
10 40
10 43
10 45
10 46
10 47
10 57
10 58
10 60
10 62
10 63
10 66
10 70
10 76
10 78
10 82
10 83
10 84
10 85
10 87
10 89
10 90
10 91
10 92
10 98
11 5
11 14
11 21
11 22
11 24
11 26
11 27
11 32
11 38
11 40
11 43
11 44
11 51
11 55
11 56
11 57
11 62
11 63
11 73
11 74
11 77
11 83
11 84
11 86
11 87
11 89
11 92
11 98
11 100
12 6
12 13
12 14
12 19
12 20
12 24
12 31
12 32
12 35
12 51
12 53
12 56
12 65
12 66
12 69
12 73
12 77
12 79
12 82
12 83
12 86
12 91
12 95
13 2
13 3
13 5
13 6
13 7
13 9
13 10
13 17
13 18
13 20
13 23
13 26
13 30
13 38
13 49
13 51
13 58
13 66
13 67
13 72
13 74
13 75
13 76
13 81
13 89
13 91
13 92
13 94
13 95
14 1
14 7
14 11
14 12
14 13
14 18
14 19
14 22
14 24
14 26
14 27
14 35
14 50
14 53
14 59
14 64
14 66
14 71
14 72
14 73
14 74
14 82
14 84
14 89
14 90
14 91
14 92
14 99
14 100
15 1
15 6
15 13
15 16
15 18
15 27
15 28
15 32
15 38
15 40
15 41
15 54
15 56
15 59
15 60
15 61
15 65
15 67
15 73
15 75
15 76
15 80
15 86
15 88
15 95
16 5
16 18
16 20
16 21
16 22
16 24
16 27
16 32
16 33
16 37
16 40
16 44
16 55
16 70
16 71
16 73
16 75
16 77
16 82
16 90
16 92
16 93
16 94
16 96
17 0
17 2
17 3
17 4
17 12
17 16
17 17
17 19
17 20
17 21
17 24
17 25
17 30
17 34
17 36
17 38
17 40
17 42
17 43
17 46
17 49
17 52
17 55
17 59
17 60
17 62
17 72
17 86
17 87
17 88
17 89
17 96
17 97
17 98
18 2
18 5
18 6
18 8
18 10
18 11
18 13
18 17
18 25
18 30
18 37
18 38
18 40
18 44
18 45
18 46
18 47
18 62
18 74
18 76
18 84
18 88
18 89
18 95
19 0
19 2
19 5
19 8
19 9
19 12
19 19
19 26
19 28
19 33
19 39
19 41
19 48
19 49
19 50
19 53
19 54
19 56
19 58
19 59
19 60
19 62
19 65
19 67
19 85
19 86
19 87
19 90
19 95
19 99
19 100
20 0
20 1
20 2
20 3
20 4
20 5
20 6
20 7
20 8
20 14
20 17
20 18
20 23
20 24
20 25
20 27
20 32
20 38
20 39
20 57
20 62
20 63
20 71
20 74
20 76
20 78
20 83
20 87
21 11
21 14
21 16
21 17
21 20
21 22
21 27
21 30
21 33
21 39
21 42
21 44
21 45
21 48
21 49
21 52
21 53
21 57
21 59
21 60
21 66
21 70
21 71
21 76
21 82
21 92
21 100
22 0
22 5
22 7
22 10
22 23
22 28
22 32
22 34
22 36
22 39
22 41
22 43
22 50
22 53
22 54
22 59
22 61
22 63
22 68
22 71
22 78
22 84
22 87
22 93
22 95
22 99
23 3
23 6
23 10
23 11
23 15
23 18
23 20
23 22
23 23
23 27
23 28
23 30
23 32
23 41
23 44
23 47
23 48
23 50
23 54
23 56
23 60
23 63
23 70
23 71
23 73
23 74
23 76
23 87
23 88
23 90
23 91
23 98
23 100
24 3
24 6
24 9
24 11
24 13
24 14
24 16
24 20
24 23
24 25
24 26
24 28
24 29
24 34
24 35
24 36
24 39
24 46
24 47
24 50
24 54
24 55
24 57
24 58
24 64
24 67
24 68
24 76
24 85
24 90
24 92
24 93
24 94
24 97
25 0
25 11
25 23
25 25
25 28
25 32
25 33
25 34
25 36
25 40
25 43
25 44
25 45
25 46
25 54
25 57
25 58
25 59
25 60
25 61
25 63
25 64
25 65
25 70
25 72
25 78
25 79
25 82
25 84
25 88
25 90
25 91
25 100
26 0
26 5
26 10
26 16
26 19
26 21
26 22
26 26
26 32
26 33
26 34
26 42
26 46
26 47
26 49
26 55
26 56
26 58
26 64
26 66
26 67
26 68
26 75
26 77
26 80
26 82
26 87
26 93
26 100
27 3
27 4
27 5
27 6
27 9
27 12
27 23
27 24
27 27
27 28
27 30
27 34
27 35
27 39
27 43
27 47
27 52
27 53
27 55
27 66
27 71
27 75
27 76
27 77
27 82
27 83
27 87
27 93
27 95
27 99
27 100
28 3
28 6
28 9
28 10
28 13
28 15
28 16
28 19
28 27
28 29
28 37
28 41
28 43
28 51
28 58
28 59
28 63
28 66
28 69
28 71
28 77
28 79
28 82
28 86
28 87
28 93
28 95
28 96
28 97
29 3
29 5
29 10
29 11
29 12
29 18
29 29
29 31
29 32
29 33
29 35
29 45
29 49
29 55
29 56
29 60
29 62
29 65
29 69
29 70
29 71
29 73
29 79
29 80
29 81
29 84
29 87
29 88
29 90
29 94
29 95
29 96
29 99
29 100
30 2
30 5
30 7
30 8
30 11
30 14
30 15
30 23
30 24
30 29
30 31
30 35
30 37
30 40
30 41
30 45
30 54
30 63
30 66
30 67
30 70
30 73
30 74
30 75
30 76
30 79
30 80
30 81
30 83
30 84
30 85
30 86
30 92
30 93
30 95
30 97
30 99
31 7
31 11
31 16
31 21
31 23
31 28
31 29
31 30
31 37
31 39
31 41
31 45
31 46
31 48
31 50
31 51
31 59
31 62
31 63
31 64
31 67
31 71
31 77
31 78
31 81
31 82
31 87
31 94
31 96
31 98
32 2
32 5
32 6
32 14
32 16
32 19
32 23
32 26
32 32
32 35
32 36
32 37
32 39
32 40
32 43
32 52
32 59
32 60
32 61
32 64
32 68
32 70
32 72
32 73
32 89
32 90
32 91
32 92
32 97
32 99
32 100
33 1
33 2
33 9
33 11
33 13
33 20
33 26
33 28
33 35
33 40
33 42
33 44
33 46
33 50
33 54
33 57
33 60
33 66
33 68
33 71
33 74
33 76
33 77
33 78
33 81
33 84
33 86
33 93
33 98
34 4
34 9
34 12
34 14
34 15
34 17
34 19
34 20
34 21
34 31
34 32
34 39
34 50
34 53
34 54
34 57
34 60
34 63
34 76
34 78
34 79
34 90
34 95
34 97
34 99
35 0
35 1
35 3
35 5
35 8
35 10
35 13
35 15
35 16
35 17
35 18
35 19
35 21
35 28
35 29
35 36
35 38
35 48
35 49
35 50
35 53
35 57
35 59
35 66
35 69
35 83
35 84
35 92
35 93
35 94
35 95
35 96
35 97
35 99
36 4
36 5
36 7
36 9
36 14
36 15
36 16
36 19
36 22
36 28
36 29
36 30
36 31
36 34
36 37
36 38
36 41
36 44
36 46
36 49
36 50
36 51
36 59
36 60
36 61
36 68
36 74
36 76
36 77
36 80
36 82
36 89
36 90
36 93
36 97
37 0
37 1
37 2
37 6
37 9
37 12
37 19
37 20
37 23
37 26
37 28
37 29
37 30
37 34
37 37
37 40
37 41
37 43
37 47
37 48
37 50
37 52
37 58
37 61
37 63
37 69
37 72
37 74
37 78
37 83
37 88
37 89
37 91
37 92
37 94
38 0
38 1
38 3
38 4
38 5
38 10
38 12
38 14
38 24
38 28
38 32
38 36
38 38
38 43
38 47
38 58
38 59
38 70
38 72
38 73
38 74
38 78
38 81
38 82
38 86
38 87
38 90
38 92
38 93
38 94
38 96
38 100
39 1
39 2
39 7
39 10
39 21
39 23
39 26
39 29
39 32
39 35
39 36
39 38
39 40
39 42
39 44
39 45
39 52
39 55
39 56
39 57
39 66
39 75
39 76
39 78
39 79
39 82
39 83
39 87
39 88
39 90
39 93
39 94
39 97
40 0
40 1
40 3
40 4
40 5
40 8
40 9
40 11
40 15
40 25
40 27
40 28
40 34
40 35
40 36
40 41
40 46
40 52
40 60
40 62
40 66
40 71
40 73
40 75
40 80
40 81
40 93
40 96
40 99
41 1
41 3
41 5
41 6
41 11
41 16
41 23
41 26
41 28
41 29
41 33
41 36
41 38
41 44
41 48
41 57
41 58
41 59
41 60
41 66
41 70
41 72
41 74
41 75
41 77
41 93
41 94
41 99
42 0
42 1
42 2
42 8
42 17
42 18
42 20
42 21
42 22
42 23
42 32
42 38
42 39
42 41
42 44
42 49
42 56
42 60
42 63
42 67
42 74
42 77
42 92
42 94
43 1
43 2
43 7
43 15
43 19
43 22
43 28
43 29
43 32
43 33
43 34
43 35
43 39
43 41
43 43
43 45
43 46
43 48
43 53
43 57
43 59
43 63
43 65
43 71
43 74
43 76
43 78
43 79
43 83
43 88
43 89
43 93
43 96
44 0
44 9
44 12
44 13
44 20
44 22
44 23
44 31
44 36
44 37
44 38
44 39
44 41
44 44
44 45
44 46
44 47
44 48
44 49
44 51
44 69
44 72
44 77
44 81
44 82
44 86
44 88
44 90
44 93
44 97
44 98
44 100
45 3
45 9
45 11
45 16
45 23
45 27
45 28
45 30
45 34
45 40
45 49
45 50
45 59
45 62
45 64
45 65
45 68
45 71
45 74
45 76
45 79
45 84
45 86
45 88
45 89
45 91
45 93
45 100
46 2
46 5
46 8
46 9
46 10
46 17
46 20
46 22
46 23
46 34
46 38
46 39
46 42
46 45
46 46
46 51
46 56
46 57
46 58
46 61
46 62
46 66
46 68
46 73
46 74
46 77
46 79
46 81
46 84
46 89
46 92
46 94
46 95
46 99
47 1
47 2
47 3
47 11
47 16
47 18
47 19
47 20
47 21
47 23
47 28
47 38
47 39
47 40
47 41
47 43
47 46
47 47
47 48
47 49
47 58
47 63
47 64
47 65
47 66
47 71
47 73
47 75
47 76
47 79
47 81
47 83
47 88
47 94
47 97
47 99
48 0
48 3
48 6
48 8
48 9
48 11
48 22
48 23
48 26
48 28
48 30
48 33
48 36
48 39
48 42
48 43
48 53
48 54
48 57
48 65
48 67
48 68
48 71
48 73
48 80
48 85
48 90
48 91
48 96
48 98
49 10
49 18
49 21
49 23
49 25
49 29
49 31
49 34
49 39
49 41
49 43
49 44
49 46
49 54
49 57
49 62
49 64
49 69
49 70
49 71
49 72
49 78
49 79
49 81
49 83
49 85
49 92
49 95
50 1
50 4
50 8
50 9
50 10
50 14
50 21
50 25
50 31
50 32
50 33
50 37
50 38
50 41
50 44
50 50
50 53
50 58
50 60
50 68
50 74
50 77
50 78
50 84
50 87
50 88
50 90
50 93
50 96
50 100
51 2
51 6
51 8
51 10
51 14
51 17
51 21
51 23
51 25
51 27
51 28
51 41
51 43
51 44
51 47
51 48
51 53
51 58
51 59
51 60
51 61
51 71
51 73
51 76
51 80
51 86
51 91
51 93
51 95
51 97
51 99
52 11
52 17
52 19
52 22
52 27
52 28
52 31
52 33
52 34
52 39
52 44
52 45
52 54
52 73
52 75
52 78
52 84
52 86
52 87
52 89
52 90
52 97
52 98
52 100
53 1
53 2
53 4
53 5
53 7
53 8
53 9
53 13
53 15
53 16
53 26
53 46
53 49
53 59
53 61
53 63
53 71
53 75
53 76
53 78
53 79
53 81
53 82
53 85
53 88
53 89
53 93
53 96
53 97
53 100
54 1
54 5
54 8
54 11
54 12
54 19
54 24
54 31
54 34
54 36
54 37
54 41
54 45
54 46
54 53
54 55
54 56
54 57
54 59
54 67
54 71
54 74
54 85
54 90
54 91
54 92
54 94
55 0
55 6
55 8
55 17
55 20
55 22
55 25
55 26
55 28
55 30
55 33
55 40
55 41
55 50
55 52
55 55
55 56
55 57
55 58
55 61
55 65
55 67
55 75
55 80
55 83
55 87
55 90
55 91
55 97
55 98
56 4
56 5
56 7
56 15
56 19
56 20
56 25
56 26
56 29
56 33
56 35
56 41
56 42
56 45
56 48
56 51
56 57
56 62
56 69
56 71
56 73
56 77
56 84
56 88
56 89
56 93
56 97
57 6
57 8
57 9
57 11
57 17
57 20
57 21
57 25
57 31
57 34
57 35
57 49
57 62
57 63
57 67
57 69
57 77
57 87
57 89
57 98
58 5
58 8
58 9
58 14
58 15
58 19
58 27
58 28
58 29
58 31
58 32
58 35
58 39
58 47
58 48
58 53
58 57
58 59
58 60
58 63
58 65
58 67
58 73
58 74
58 77
58 80
58 85
58 93
58 94
58 97
58 99
58 100
59 0
59 1
59 2
59 9
59 13
59 21
59 22
59 23
59 25
59 26
59 30
59 31
59 33
59 37
59 41
59 42
59 44
59 48
59 55
59 56
59 59
59 60
59 67
59 69
59 72
59 74
59 75
59 77
59 79
59 81
59 82
59 96
59 98
59 100
60 0
60 4
60 5
60 9
60 19
60 21
60 22
60 26
60 35
60 37
60 40
60 41
60 47
60 52
60 53
60 55
60 56
60 62
60 63
60 69
60 70
60 72
60 75
60 77
60 78
60 83
60 84
60 85
60 87
60 90
60 92
60 93
60 96
61 7
61 11
61 15
61 16
61 18
61 31
61 38
61 40
61 42
61 46
61 50
61 51
61 52
61 53
61 54
61 56
61 60
61 63
61 64
61 70
61 73
61 79
61 88
61 90
61 98
62 0
62 2
62 9
62 11
62 15
62 16
62 20
62 25
62 27
62 30
62 36
62 37
62 38
62 40
62 44
62 49
62 50
62 52
62 57
62 59
62 64
62 67
62 75
62 84
62 90
62 96
62 97
63 2
63 3
63 6
63 14
63 15
63 17
63 19
63 22
63 23
63 24
63 31
63 34
63 41
63 46
63 48
63 51
63 53
63 55
63 58
63 59
63 61
63 62
63 66
63 68
63 70
63 74
63 76
63 77
63 78
63 80
63 81
63 82
63 85
63 89
63 91
63 94
63 97
63 100
64 4
64 8
64 10
64 13
64 17
64 20
64 23
64 25
64 27
64 30
64 31
64 32
64 37
64 38
64 42
64 50
64 53
64 59
64 62
64 64
64 67
64 68
64 71
64 74
64 78
64 79
64 84
64 85
64 86
64 91
64 96
64 100
65 3
65 5
65 6
65 8
65 11
65 16
65 24
65 27
65 32
65 33
65 37
65 41
65 45
65 47
65 48
65 50
65 51
65 53
65 55
65 56
65 59
65 62
65 64
65 66
65 70
65 72
65 73
65 74
65 80
65 85
65 87
65 88
65 93
65 95
65 96
65 100
66 4
66 5
66 6
66 13
66 14
66 16
66 22
66 27
66 31
66 33
66 35
66 38
66 43
66 44
66 45
66 46
66 48
66 49
66 53
66 55
66 62
66 68
66 69
66 72
66 73
66 74
66 78
66 80
66 81
66 82
66 85
66 88
66 89
66 91
66 94
66 95
67 2
67 7
67 9
67 11
67 15
67 16
67 18
67 19
67 22
67 23
67 24
67 26
67 27
67 30
67 35
67 38
67 40
67 41
67 49
67 50
67 51
67 52
67 53
67 56
67 57
67 67
67 70
67 71
67 78
67 80
67 81
67 86
67 98
67 99
67 100
68 5
68 6
68 17
68 21
68 22
68 24
68 26
68 27
68 28
68 34
68 47
68 51
68 55
68 57
68 58
68 59
68 61
68 62
68 64
68 67
68 71
68 73
68 76
68 78
68 80
68 90
68 92
68 95
69 4
69 5
69 9
69 11
69 13
69 25
69 30
69 33
69 36
69 38
69 42
69 50
69 53
69 55
69 58
69 63
69 66
69 68
69 69
69 70
69 71
69 72
69 74
69 79
69 82
69 90
69 96
70 3
70 6
70 7
70 17
70 21
70 26
70 28
70 29
70 30
70 40
70 43
70 49
70 51
70 58
70 60
70 62
70 64
70 65
70 66
70 67
70 74
70 79
70 83
70 88
70 90
70 94
70 96
71 2
71 10
71 13
71 14
71 15
71 16
71 18
71 22
71 25
71 26
71 32
71 34
71 36
71 41
71 45
71 47
71 48
71 49
71 52
71 57
71 58
71 60
71 61
71 62
71 63
71 64
71 68
71 69
71 70
71 72
71 81
71 83
71 89
71 94
71 96
71 99
72 7
72 10
72 16
72 17
72 19
72 20
72 21
72 23
72 26
72 29
72 35
72 45
72 52
72 59
72 66
72 69
72 71
72 74
72 75
72 76
72 82
72 83
72 90
72 93
73 7
73 9
73 14
73 15
73 19
73 20
73 25
73 27
73 31
73 33
73 34
73 36
73 46
73 47
73 50
73 53
73 54
73 57
73 61
73 68
73 70
73 71
73 79
73 81
73 82
73 86
73 88
73 92
73 98
73 100
74 2
74 4
74 5
74 7
74 8
74 10
74 16
74 20
74 21
74 25
74 28
74 33
74 34
74 39
74 41
74 44
74 48
74 51
74 52
74 60
74 62
74 68
74 72
74 73
74 75
74 79
74 85
74 87
74 88
74 89
74 90
74 93
74 94
74 98
75 0
75 4
75 12
75 15
75 17
75 18
75 20
75 23
75 28
75 31
75 33
75 35
75 37
75 40
75 42
75 43
75 45
75 57
75 59
75 60
75 61
75 63
75 69
75 74
75 76
75 79
75 80
75 88
75 90
75 94
75 96
76 2
76 4
76 9
76 10
76 14
76 18
76 25
76 26
76 31
76 38
76 40
76 45
76 49
76 51
76 53
76 56
76 60
76 63
76 66
76 67
76 76
76 79
76 82
76 87
76 89
76 93
77 0
77 1
77 3
77 4
77 15
77 17
77 23
77 25
77 32
77 33
77 38
77 42
77 43
77 47
77 49
77 54
77 55
77 57
77 58
77 60
77 63
77 66
77 70
77 73
77 78
77 79
77 81
77 83
77 87
77 91
77 92
77 95
77 100
78 5
78 12
78 14
78 16
78 19
78 23
78 24
78 27
78 30
78 33
78 34
78 35
78 38
78 41
78 43
78 44
78 46
78 52
78 53
78 57
78 60
78 62
78 64
78 65
78 66
78 70
78 71
78 74
78 78
78 80
78 84
78 85
78 88
78 91
78 99
78 100
79 10
79 11
79 12
79 18
79 22
79 23
79 26
79 27
79 29
79 34
79 42
79 45
79 50
79 52
79 62
79 64
79 66
79 69
79 75
79 81
79 83
79 86
79 93
79 96
79 99
80 1
80 9
80 17
80 19
80 20
80 22
80 26
80 27
80 30
80 40
80 42
80 45
80 48
80 52
80 56
80 58
80 61
80 66
80 74
80 76
80 79
80 80
80 81
80 82
80 84
80 97
80 98
80 100
81 0
81 5
81 6
81 8
81 10
81 13
81 14
81 16
81 18
81 20
81 21
81 22
81 26
81 28
81 30
81 34
81 37
81 38
81 40
81 41
81 45
81 46
81 53
81 57
81 58
81 66
81 72
81 77
81 80
81 88
81 89
81 90
81 91
81 92
81 96
81 99
82 0
82 2
82 5
82 11
82 13
82 14
82 18
82 22
82 25
82 26
82 28
82 47
82 49
82 50
82 51
82 52
82 55
82 56
82 60
82 61
82 62
82 70
82 84
82 85
82 86
82 91
82 92
82 93
82 94
82 95
82 97
82 100
83 3
83 5
83 12
83 20
83 25
83 27
83 28
83 45
83 50
83 54
83 64
83 66
83 68
83 71
83 73
83 75
83 77
83 78
83 85
83 86
83 89
83 92
83 93
83 96
83 97
83 98
83 99
83 100
84 0
84 4
84 6
84 12
84 17
84 18
84 19
84 22
84 23
84 33
84 37
84 39
84 41
84 44
84 48
84 51
84 53
84 55
84 57
84 62
84 64
84 75
84 78
84 82
84 83
84 85
84 87
84 89
84 99
85 0
85 1
85 7
85 22
85 27
85 30
85 34
85 36
85 37
85 38
85 39
85 43
85 45
85 52
85 58
85 60
85 63
85 78
85 81
85 82
85 83
85 84
85 86
85 92
85 94
85 97
85 99
85 100
86 0
86 2
86 3
86 8
86 10
86 14
86 16
86 18
86 23
86 24
86 27
86 29
86 30
86 31
86 34
86 42
86 43
86 54
86 57
86 65
86 67
86 68
86 69
86 70
86 71
86 86
86 95
86 100
87 0
87 2
87 5
87 7
87 10
87 13
87 15
87 22
87 24
87 30
87 31
87 32
87 33
87 35
87 39
87 44
87 45
87 48
87 49
87 50
87 56
87 59
87 61
87 68
87 75
87 81
87 84
87 90
87 94
87 95
88 0
88 12
88 13
88 14
88 18
88 19
88 20
88 27
88 30
88 34
88 36
88 45
88 48
88 50
88 51
88 52
88 55
88 64
88 66
88 68
88 69
88 70
88 75
88 78
88 80
88 82
88 83
88 86
88 91
88 93
88 94
89 1
89 3
89 15
89 18
89 20
89 22
89 27
89 30
89 33
89 37
89 38
89 43
89 47
89 49
89 52
89 54
89 56
89 58
89 60
89 63
89 67
89 68
89 69
89 70
89 71
89 81
89 86
89 87
89 90
89 91
89 100
90 0
90 4
90 5
90 9
90 10
90 11
90 16
90 22
90 25
90 29
90 30
90 31
90 32
90 34
90 47
90 50
90 51
90 58
90 59
90 68
90 69
90 71
90 73
90 74
90 75
90 78
90 81
90 82
90 88
90 89
90 94
90 100
91 6
91 11
91 14
91 15
91 21
91 24
91 33
91 37
91 42
91 44
91 46
91 49
91 54
91 59
91 60
91 63
91 64
91 66
91 69
91 71
91 73
91 74
91 78
91 80
91 82
91 83
91 84
91 89
91 90
91 99
92 4
92 5
92 11
92 12
92 16
92 32
92 40
92 43
92 44
92 50
92 54
92 59
92 60
92 63
92 64
92 65
92 66
92 74
92 81
92 83
92 86
92 88
92 93
92 94
92 98
93 0
93 5
93 6
93 7
93 8
93 9
93 10
93 14
93 16
93 19
93 23
93 27
93 31
93 34
93 37
93 40
93 41
93 43
93 47
93 50
93 54
93 61
93 62
93 63
93 68
93 69
93 79
93 80
93 84
93 87
93 91
93 97
93 99
93 100
94 0
94 3
94 4
94 6
94 15
94 16
94 17
94 18
94 19
94 22
94 39
94 51
94 55
94 57
94 62
94 65
94 66
94 67
94 75
94 76
94 77
94 79
94 80
94 84
94 89
94 90
94 91
94 92
94 94
94 97
94 100
95 0
95 4
95 5
95 9
95 14
95 20
95 30
95 31
95 32
95 34
95 35
95 39
95 40
95 43
95 44
95 47
95 48
95 50
95 56
95 59
95 66
95 74
95 76
95 80
95 84
95 97
96 1
96 5
96 16
96 23
96 24
96 29
96 34
96 38
96 44
96 47
96 48
96 49
96 55
96 61
96 66
96 67
96 68
96 78
96 82
96 83
96 84
96 85
96 87
96 92
96 95
96 96
96 98
97 3
97 7
97 9
97 11
97 20
97 21
97 23
97 24
97 25
97 26
97 27
97 28
97 29
97 30
97 34
97 39
97 40
97 43
97 49
97 58
97 60
97 80
97 82
97 83
97 85
97 88
97 90
97 97
97 100
98 0
98 1
98 2
98 3
98 5
98 6
98 12
98 14
98 21
98 22
98 23
98 30
98 33
98 41
98 48
98 55
98 57
98 63
98 71
98 74
98 79
98 83
98 84
98 93
98 95
98 98
98 100
99 3
99 8
99 9
99 11
99 12
99 13
99 18
99 19
99 22
99 25
99 29
99 35
99 40
99 43
99 45
99 50
99 59
99 60
99 66
99 73
99 74
99 77
99 78
99 88
99 89
99 93
99 95
99 98
99 99
100 1
100 4
100 10
100 12
100 17
100 20
100 21
100 23
100 24
100 26
100 28
100 33
100 36
100 39
100 41
100 43
100 44
100 46
100 48
100 52
100 59
100 64
100 65
100 75
100 76
100 77
100 81
100 82
100 83
100 90
100 91
100 92
100 95
100 97
100 100
