0 0
0 3
0 11
0 14
0 15
0 16
0 24
0 26
0 27
0 28
0 29
0 31
0 32
0 34
0 39
0 44
0 48
0 52
0 54
0 61
0 62
0 71
0 72
0 73
0 85
0 87
0 90
0 94
0 97
1 1
1 3
1 4
1 6
1 7
1 8
1 9
1 12
1 18
1 19
1 20
1 26
1 29
1 34
1 41
1 46
1 47
1 49
1 52
1 58
1 60
1 66
1 68
1 69
1 74
1 75
1 81
1 85
1 86
1 87
1 88
1 89
1 94
1 96
2 1
2 3
2 6
2 7
2 9
2 12
2 13
2 16
2 21
2 22
2 27
2 28
2 30
2 35
2 41
2 42
2 51
2 61
2 63
2 64
2 70
2 71
2 75
2 78
2 88
2 89
2 90
2 92
2 95
2 99
3 0
3 4
3 5
3 8
3 11
3 12
3 13
3 16
3 18
3 20
3 24
3 26
3 27
3 28
3 34
3 35
3 37
3 41
3 46
3 57
3 62
3 65
3 67
3 68
3 70
3 80
3 82
3 86
3 95
4 1
4 8
4 9
4 14
4 16
4 18
4 23
4 24
4 37
4 42
4 45
4 50
4 53
4 54
4 55
4 62
4 66
4 71
4 75
4 77
4 84
4 85
4 93
4 94
4 96
4 100
5 0
5 1
5 8
5 10
5 12
5 17
5 22
5 23
5 24
5 27
5 29
5 33
5 34
5 38
5 43
5 48
5 52
5 56
5 57
5 59
5 65
5 69
5 73
5 74
5 87
5 89
5 94
5 95
5 97
6 2
6 10
6 11
6 15
6 16
6 20
6 23
6 24
6 28
6 38
6 47
6 48
6 51
6 55
6 56
6 57
6 60
6 66
6 72
6 75
6 77
6 84
6 87
6 88
6 93
6 97
7 1
7 2
7 5
7 6
7 9
7 12
7 16
7 17
7 28
7 34
7 39
7 41
7 44
7 49
7 52
7 56
7 60
7 63
7 68
7 69
7 70
7 71
7 74
7 78
7 80
7 85
7 86
7 90
7 92
7 96
7 97
7 98
7 100
8 1
8 4
8 8
8 15
8 25
8 33
8 34
8 38
8 39
8 40
8 47
8 50
8 54
8 58
8 62
8 63
8 69
8 70
8 72
8 75
8 78
8 80
8 85
8 86
8 93
8 96
8 97
8 98
9 3
9 6
9 8
9 9
9 15
9 19
9 23
9 25
9 29
9 34
9 36
9 38
9 39
9 40
9 41
9 44
9 50
9 52
9 55
9 59
9 62
9 64
9 65
9 66
9 67
9 68
9 69
9 72
9 79
9 82
9 84
9 87
9 92
9 93
9 94
9 96
10 0
10 2
10 6
10 12
10 18
10 20
10 21
10 23
10 34
10 39
10 45
10 46
10 47
10 52
10 59
10 61
10 72
10 77
10 80
10 81
10 82
10 84
10 86
10 91
10 94
10 95
10 97
11 0
11 3
11 6
11 9
11 10
11 15
11 18
11 20
11 21
11 24
11 25
11 29
11 30
11 32
11 37
11 38
11 44
11 45
11 51
11 52
11 55
11 59
11 63
11 65
11 69
11 73
11 80
11 81
11 84
11 87
11 97
11 99
11 100
12 0
12 6
12 7
12 10
12 12
12 15
12 26
12 32
12 34
12 37
12 40
12 43
12 44
12 46
12 51
12 53
12 55
12 61
12 63
12 65
12 66
12 73
12 75
12 76
12 77
12 80
12 82
12 83
12 86
12 88
12 94
12 99
12 100
13 1
13 5
13 6
13 10
13 15
13 22
13 25
13 26
13 29
13 31
13 33
13 37
13 47
13 52
13 54
13 55
13 56
13 57
13 65
13 66
13 68
13 73
13 75
13 76
13 82
13 86
13 90
13 94
13 96
13 98
13 100
14 0
14 1
14 2
14 8
14 10
14 11
14 26
14 30
14 31
14 32
14 33
14 34
14 38
14 42
14 44
14 51
14 56
14 64
14 72
14 73
14 75
14 76
14 78
14 81
14 85
14 86
14 87
14 92
14 94
14 100
15 1
15 4
15 8
15 14
15 22
15 23
15 25
15 30
15 31
15 39
15 40
15 46
15 50
15 59
15 61
15 66
15 68
15 73
15 74
15 75
15 81
15 85
15 91
15 99
15 100
16 1
16 7
16 12
16 14
16 19
16 22
16 25
16 33
16 34
16 39
16 41
16 61
16 62
16 64
16 67
16 68
16 72
16 73
16 74
16 82
16 83
16 91
16 94
16 96
17 2
17 3
17 4
17 5
17 6
17 9
17 10
17 13
17 14
17 15
17 16
17 17
17 22
17 23
17 27
17 28
17 29
17 33
17 38
17 39
17 40
17 41
17 42
17 43
17 44
17 47
17 50
17 56
17 60
17 62
17 67
17 69
17 71
17 72
17 73
17 74
17 75
17 98
17 100
18 1
18 3
18 4
18 7
18 9
18 12
18 19
18 20
18 23
18 26
18 29
18 36
18 38
18 39
18 40
18 41
18 43
18 44
18 45
18 47
18 51
18 53
18 59
18 60
18 62
18 63
18 71
18 80
18 81
18 84
18 85
18 86
18 90
18 95
18 97
19 4
19 7
19 10
19 12
19 13
19 18
19 19
19 20
19 22
19 31
19 32
19 46
19 47
19 52
19 53
19 55
19 60
19 62
19 64
19 72
19 73
19 77
19 78
19 92
19 96
19 99
19 100
20 2
20 5
20 9
20 11
20 13
20 21
20 27
20 33
20 38
20 41
20 45
20 47
20 48
20 49
20 50
20 59
20 67
20 72
20 74
20 78
20 82
20 90
20 96
20 98
20 100
21 2
21 3
21 13
21 16
21 20
21 24
21 25
21 26
21 30
21 31
21 32
21 35
21 36
21 47
21 49
21 52
21 53
21 54
21 58
21 71
21 73
21 75
21 76
21 81
21 83
21 84
21 86
21 87
21 90
21 96
21 99
22 0
22 10
22 12
22 14
22 16
22 20
22 22
22 26
22 32
22 37
22 43
22 48
22 49
22 51
22 57
22 59
22 61
22 67
22 70
22 72
22 74
22 85
22 86
22 99
23 3
23 16
23 20
23 22
23 23
23 27
23 31
23 39
23 43
23 50
23 54
23 56
23 58
23 60
23 62
23 65
23 67
23 75
23 82
23 84
23 86
23 89
23 90
23 94
24 0
24 4
24 5
24 6
24 9
24 12
24 13
24 16
24 21
24 29
24 36
24 44
24 48
24 49
24 51
24 52
24 54
24 55
24 58
24 59
24 61
24 62
24 63
24 70
24 74
24 80
24 92
24 93
24 96
24 99
24 100
25 0
25 5
25 11
25 12
25 18
25 20
25 25
25 26
25 29
25 30
25 43
25 44
25 48
25 49
25 52
25 53
25 54
25 55
25 60
25 61
25 62
25 63
25 65
25 66
25 68
25 71
25 72
25 74
25 75
25 78
25 79
25 82
25 83
25 85
25 90
26 3
26 5
26 11
26 17
26 19
26 21
26 23
26 24
26 25
26 32
26 35
26 39
26 43
26 44
26 45
26 49
26 52
26 55
26 61
26 63
26 64
26 72
26 76
26 78
26 81
26 85
26 87
26 89
26 92
26 93
26 95
26 96
26 97
26 100
27 6
27 12
27 16
27 25
27 28
27 29
27 31
27 34
27 40
27 44
27 52
27 53
27 57
27 58
27 59
27 61
27 64
27 68
27 74
27 76
27 78
27 79
27 83
27 90
27 91
27 96
27 97
27 99
28 4
28 7
28 8
28 9
28 10
28 12
28 14
28 17
28 18
28 19
28 25
28 29
28 31
28 32
28 35
28 37
28 41
28 45
28 47
28 56
28 59
28 65
28 72
28 73
28 74
28 75
28 79
28 82
28 86
28 88
28 89
28 93
28 94
28 95
28 99
29 9
29 14
29 15
29 16
29 23
29 24
29 26
29 27
29 30
29 33
29 39
29 44
29 45
29 53
29 55
29 57
29 64
29 67
29 69
29 70
29 71
29 72
29 75
29 77
29 78
29 85
29 95
30 7
30 8
30 9
30 12
30 13
30 17
30 19
30 22
30 23
30 24
30 25
30 28
30 33
30 35
30 38
30 39
30 43
30 48
30 49
30 51
30 59
30 63
30 65
30 66
30 79
30 98
30 99
31 6
31 7
31 11
31 16
31 19
31 23
31 25
31 26
31 29
31 32
31 33
31 35
31 39
31 43
31 44
31 48
31 50
31 51
31 54
31 55
31 59
31 60
31 61
31 62
31 63
31 69
31 73
31 75
31 76
31 78
31 79
31 83
31 85
31 87
31 88
31 93
31 94
31 95
31 100
32 0
32 5
32 10
32 13
32 14
32 16
32 18
32 33
32 39
32 40
32 44
32 48
32 55
32 60
32 61
32 66
32 67
32 69
32 70
32 72
32 75
32 77
32 79
32 80
32 86
32 93
32 95
32 100
33 1
33 2
33 4
33 9
33 10
33 12
33 15
33 18
33 23
33 24
33 26
33 27
33 31
33 32
33 34
33 35
33 36
33 37
33 41
33 48
33 50
33 53
33 54
33 58
33 63
33 66
33 67
33 76
33 78
33 82
33 86
33 88
33 96
33 97
33 98
33 99
34 6
34 7
34 19
34 20
34 21
34 24
34 28
34 30
34 32
34 34
34 41
34 42
34 44
34 47
34 49
34 51
34 52
34 53
34 55
34 59
34 61
34 62
34 80
34 81
34 85
34 86
34 87
34 89
34 94
34 97
34 98
34 100
35 0
35 2
35 3
35 6
35 13
35 14
35 21
35 24
35 26
35 27
35 29
35 32
35 35
35 39
35 40
35 42
35 43
35 49
35 50
35 53
35 58
35 59
35 65
35 67
35 71
35 74
35 76
35 77
35 80
35 83
35 88
35 90
35 92
35 93
35 94
35 98
36 1
36 5
36 7
36 8
36 12
36 17
36 20
36 21
36 22
36 23
36 31
36 33
36 39
36 44
36 45
36 48
36 58
36 59
36 61
36 62
36 67
36 70
36 80
36 83
36 85
36 88
36 89
36 91
36 93
36 94
36 98
37 3
37 6
37 8
37 13
37 14
37 15
37 25
37 29
37 30
37 36
37 37
37 41
37 42
37 44
37 46
37 50
37 51
37 52
37 55
37 56
37 58
37 59
37 61
37 64
37 65
37 68
37 69
37 80
37 83
37 86
37 87
37 91
37 94
37 97
38 2
38 4
38 6
38 13
38 14
38 15
38 16
38 29
38 31
38 41
38 46
38 47
38 51
38 52
38 53
38 55
38 56
38 58
38 60
38 64
38 72
38 77
38 86
38 89
38 91
38 94
38 96
38 97
39 1
39 2
39 4
39 8
39 22
39 42
39 43
39 44
39 48
39 50
39 52
39 54
39 55
39 61
39 68
39 72
39 74
39 75
39 76
39 79
39 85
39 88
39 95
39 96
39 100
40 3
40 4
40 5
40 10
40 16
40 17
40 23
40 31
40 34
40 39
40 40
40 41
40 42
40 43
40 46
40 51
40 53
40 54
40 55
40 57
40 61
40 65
40 68
40 69
40 70
40 73
40 77
40 80
40 97
40 100
41 0
41 4
41 7
41 8
41 10
41 11
41 12
41 14
41 17
41 23
41 24
41 28
41 31
41 32
41 38
41 45
41 48
41 52
41 53
41 54
41 55
41 58
41 59
41 66
41 69
41 77
41 79
41 80
41 81
41 85
41 91
41 92
41 96
41 98
42 0
42 4
42 5
42 20
42 22
42 27
42 30
42 31
42 35
42 36
42 39
42 41
42 44
42 47
42 50
42 51
42 55
42 62
42 70
42 72
42 83
42 84
42 85
42 86
42 87
42 90
42 91
42 93
42 95
42 96
42 97
42 98
42 99
43 3
43 4
43 7
43 9
43 10
43 15
43 16
43 17
43 19
43 22
43 24
43 29
43 33
43 34
43 37
43 43
43 46
43 47
43 49
43 50
43 52
43 63
43 67
43 73
43 78
43 80
43 81
43 82
43 95
43 97
43 99
44 0
44 3
44 10
44 11
44 13
44 26
44 29
44 30
44 31
44 33
44 34
44 36
44 38
44 47
44 48
44 51
44 52
44 58
44 63
44 65
44 66
44 69
44 73
44 81
44 82
44 88
44 89
44 90
44 91
44 94
44 96
44 97
44 98
44 99
45 3
45 4
45 15
45 16
45 18
45 21
45 25
45 29
45 30
45 37
45 39
45 42
45 44
45 51
45 52
45 53
45 54
45 55
45 56
45 58
45 60
45 61
45 65
45 71
45 72
45 78
45 80
45 83
45 84
45 86
45 87
45 88
45 90
45 93
45 94
45 96
46 1
46 4
46 6
46 9
46 15
46 16
46 17
46 18
46 19
46 20
46 24
46 25
46 31
46 32
46 34
46 35
46 36
46 40
46 43
46 45
46 48
46 49
46 52
46 53
46 54
46 56
46 57
46 60
46 63
46 66
46 68
46 76
46 84
46 88
46 90
46 92
46 95
46 96
46 98
47 0
47 5
47 8
47 10
47 22
47 26
47 31
47 35
47 38
47 39
47 45
47 48
47 49
47 51
47 52
47 53
47 57
47 58
47 60
47 61
47 64
47 69
47 70
47 73
47 81
47 84
47 86
47 89
47 92
47 94
47 96
47 98
48 4
48 9
48 11
48 12
48 13
48 15
48 18
48 19
48 22
48 23
48 25
48 28
48 31
48 36
48 38
48 46
48 48
48 50
48 52
48 54
48 55
48 57
48 60
48 61
48 65
48 69
48 72
48 74
48 75
48 76
48 78
48 90
48 92
48 94
48 98
48 100
49 3
49 4
49 6
49 7
49 13
49 14
49 17
49 19
49 35
49 36
49 39
49 41
49 43
49 44
49 45
49 48
49 54
49 57
49 59
49 60
49 66
49 75
49 76
49 81
49 82
49 84
49 85
49 90
49 91
49 92
49 93
49 94
49 97
50 0
50 2
50 3
50 6
50 7
50 8
50 9
50 10
50 20
50 21
50 22
50 27
50 32
50 34
50 36
50 47
50 51
50 54
50 56
50 58
50 59
50 60
50 63
50 73
50 76
50 78
50 87
50 92
50 96
50 99
50 100
51 1
51 3
51 7
51 11
51 12
51 13
51 15
51 17
51 24
51 31
51 37
51 38
51 44
51 52
51 55
51 59
51 60
51 66
51 68
51 75
51 76
51 79
51 80
51 81
51 85
51 89
51 90
51 92
51 96
51 97
51 100
52 0
52 1
52 2
52 5
52 7
52 9
52 13
52 15
52 20
52 21
52 22
52 25
52 26
52 30
52 32
52 34
52 38
52 45
52 49
52 52
52 54
52 55
52 57
52 61
52 66
52 68
52 72
52 75
52 77
52 82
52 86
52 89
52 91
53 0
53 2
53 6
53 11
53 12
53 14
53 15
53 16
53 21
53 22
53 23
53 29
53 41
53 43
53 47
53 50
53 53
53 54
53 56
53 57
53 60
53 69
53 71
53 78
53 79
53 83
53 97
53 99
54 4
54 6
54 7
54 8
54 13
54 14
54 20
54 26
54 29
54 35
54 37
54 39
54 42
54 43
54 45
54 54
54 64
54 71
54 74
54 75
54 76
54 79
54 80
54 82
54 83
54 85
54 91
54 92
54 98
54 99
55 1
55 2
55 9
55 10
55 11
55 15
55 18
55 28
55 30
55 31
55 36
55 37
55 38
55 40
55 41
55 45
55 46
55 55
55 60
55 67
55 68
55 71
55 79
55 82
55 84
55 85
55 87
55 88
55 95
56 0
56 5
56 8
56 13
56 15
56 17
56 27
56 28
56 30
56 32
56 33
56 35
56 37
56 42
56 46
56 59
56 62
56 64
56 65
56 67
56 71
56 83
56 84
56 86
56 91
56 92
56 98
56 99
56 100
57 0
57 3
57 4
57 6
57 10
57 14
57 15
57 18
57 32
57 35
57 41
57 42
57 46
57 59
57 61
57 62
57 63
57 65
57 66
57 67
57 80
57 91
57 93
57 98
58 1
58 2
58 3
58 5
58 6
58 9
58 15
58 17
58 20
58 23
58 24
58 28
58 39
58 43
58 44
58 45
58 46
58 52
58 54
58 57
58 59
58 64
58 65
58 68
58 72
58 78
58 86
58 88
58 91
58 94
58 97
58 98
59 0
59 2
59 6
59 7
59 8
59 11
59 19
59 21
59 23
59 26
59 27
59 28
59 30
59 32
59 36
59 38
59 41
59 45
59 51
59 52
59 53
59 58
59 59
59 61
59 62
59 63
59 68
59 69
59 70
59 74
59 76
59 77
59 80
59 84
59 85
59 87
59 91
59 93
59 96
59 98
60 3
60 4
60 5
60 7
60 9
60 10
60 15
60 16
60 19
60 22
60 24
60 28
60 30
60 31
60 36
60 41
60 42
60 46
60 48
60 49
60 50
60 51
60 52
60 56
60 64
60 66
60 73
60 84
60 87
60 96
61 2
61 4
61 5
61 7
61 8
61 15
61 17
61 19
61 23
61 24
61 25
61 33
61 34
61 35
61 36
61 38
61 39
61 41
61 43
61 44
61 46
61 48
61 54
61 60
61 61
61 63
61 64
61 66
61 67
61 69
61 77
61 78
61 82
61 84
61 87
61 88
61 92
61 97
62 2
62 9
62 11
62 15
62 16
62 17
62 19
62 20
62 28
62 30
62 33
62 35
62 41
62 47
62 50
62 53
62 54
62 60
62 61
62 63
62 64
62 65
62 72
62 74
62 76
62 78
62 79
62 81
62 88
62 89
62 93
62 95
62 100
63 3
63 8
63 10
63 12
63 21
63 24
63 25
63 32
63 41
63 48
63 49
63 50
63 55
63 56
63 57
63 58
63 61
63 65
63 73
63 77
63 79
63 84
63 86
63 91
63 95
64 1
64 4
64 5
64 7
64 11
64 12
64 18
64 21
64 24
64 47
64 48
64 49
64 51
64 52
64 56
64 60
64 61
64 62
64 65
64 66
64 67
64 69
64 70
64 71
64 72
64 74
64 75
64 76
64 80
64 81
64 86
64 93
64 98
64 99
65 0
65 6
65 9
65 28
65 29
65 36
65 41
65 43
65 46
65 49
65 58
65 62
65 68
65 70
65 72
65 74
65 76
65 81
65 82
65 83
65 86
65 87
65 89
65 90
65 95
65 98
65 100
66 3
66 23
66 25
66 31
66 42
66 48
66 49
66 51
66 54
66 59
66 60
66 74
67 5
67 7
67 8
67 16
67 20
67 24
67 27
67 33
67 35
67 36
67 37
67 38
67 39
67 41
67 47
67 48
67 60
67 61
67 67
67 71
67 77
67 78
67 80
67 85
67 88
67 89
67 91
67 92
68 1
68 9
68 10
68 11
68 13
68 19
68 21
68 25
68 26
68 36
68 38
68 42
68 47
68 50
68 53
68 55
68 57
68 59
68 61
68 65
68 79
68 81
68 85
68 87
68 89
68 95
68 96
68 97
68 100
69 0
69 7
69 9
69 12
69 13
69 18
69 20
69 22
69 26
69 29
69 40
69 49
69 50
69 52
69 55
69 62
69 72
69 73
69 76
69 78
69 81
69 84
69 88
69 90
69 96
69 97
69 98
69 99
70 7
70 8
70 13
70 15
70 18
70 28
70 30
70 33
70 34
70 35
70 37
70 40
70 42
70 46
70 48
70 50
70 52
70 57
70 59
70 61
70 62
70 63
70 64
70 65
70 68
70 71
70 72
70 78
70 85
70 87
70 90
70 94
70 100
71 1
71 2
71 3
71 11
71 14
71 15
71 17
71 25
71 26
71 29
71 30
71 31
71 32
71 36
71 38
71 40
71 50
71 52
71 55
71 58
71 64
71 65
71 66
71 78
71 80
71 87
71 91
71 92
71 93
72 4
72 14
72 16
72 17
72 21
72 22
72 26
72 29
72 36
72 37
72 38
72 42
72 47
72 48
72 49
72 50
72 52
72 59
72 66
72 70
72 73
72 74
72 86
72 89
72 90
72 91
72 99
73 3
73 5
73 7
73 8
73 10
73 12
73 15
73 18
73 20
73 26
73 28
73 29
73 35
73 36
73 49
73 55
73 56
73 59
73 61
73 68
73 71
73 74
73 75
73 78
73 82
73 84
73 88
73 89
73 100
74 1
74 10
74 11
74 12
74 16
74 17
74 21
74 25
74 26
74 28
74 40
74 41
74 42
74 49
74 50
74 51
74 59
74 61
74 68
74 69
74 70
74 72
74 73
74 79
74 83
74 88
74 91
74 93
74 95
74 97
74 98
75 1
75 3
75 7
75 20
75 29
75 33
75 34
75 39
75 41
75 44
75 47
75 49
75 50
75 51
75 59
75 63
75 64
75 68
75 73
75 74
75 75
75 80
75 83
75 92
75 93
75 99
76 0
76 4
76 6
76 8
76 11
76 17
76 19
76 21
76 23
76 27
76 29
76 31
76 37
76 40
76 41
76 48
76 50
76 51
76 63
76 64
76 66
76 69
76 82
76 87
76 90
76 91
76 93
76 95
76 99
77 1
77 10
77 11
77 12
77 24
77 28
77 29
77 32
77 37
77 42
77 59
77 61
77 62
77 67
77 72
77 74
77 77
77 81
77 89
77 90
77 93
77 95
77 99
78 2
78 5
78 8
78 9
78 12
78 19
78 22
78 29
78 30
78 31
78 36
78 37
78 38
78 39
78 48
78 50
78 52
78 56
78 57
78 58
78 60
78 64
78 66
78 72
78 74
78 75
78 77
78 78
78 84
78 85
78 91
78 93
78 96
78 98
79 4
79 7
79 14
79 17
79 18
79 19
79 23
79 24
79 28
79 32
79 38
79 39
79 43
79 54
79 56
79 58
79 66
79 67
79 77
79 79
79 83
79 86
79 94
79 95
79 99
80 0
80 2
80 4
80 5
80 6
80 7
80 8
80 10
80 16
80 17
80 23
80 29
80 34
80 35
80 38
80 42
80 43
80 46
80 47
80 48
80 49
80 51
80 55
80 58
80 61
80 66
80 67
80 69
80 71
80 76
80 80
80 88
80 89
80 95
80 96
80 98
80 100
81 1
81 3
81 6
81 7
81 11
81 13
81 14
81 22
81 24
81 30
81 38
81 43
81 46
81 47
81 58
81 59
81 63
81 71
81 73
81 78
81 80
81 83
82 1
82 5
82 8
82 9
82 10
82 20
82 21
82 22
82 23
82 36
82 37
82 39
82 41
82 42
82 46
82 47
82 51
82 56
82 60
82 68
82 75
82 76
82 79
82 80
82 82
82 84
82 85
82 90
82 94
83 2
83 7
83 10
83 13
83 15
83 20
83 27
83 37
83 41
83 45
83 49
83 51
83 54
83 58
83 61
83 66
83 70
83 71
83 73
83 77
83 80
83 82
83 83
83 85
83 86
83 90
83 100
84 0
84 1
84 4
84 7
84 8
84 9
84 10
84 16
84 22
84 24
84 29
84 30
84 34
84 36
84 38
84 40
84 41
84 54
84 58
84 69
84 70
84 72
84 75
84 82
84 87
84 88
84 90
84 100
85 19
85 22
85 23
85 24
85 25
85 28
85 32
85 40
85 41
85 42
85 44
85 45
85 49
85 53
85 60
85 65
85 72
85 73
85 76
85 81
85 82
85 86
85 92
85 96
85 99
86 0
86 5
86 6
86 12
86 13
86 16
86 17
86 23
86 24
86 25
86 27
86 29
86 34
86 36
86 37
86 38
86 44
86 46
86 49
86 52
86 53
86 54
86 58
86 61
86 62
86 66
86 68
86 71
86 75
86 76
86 78
86 82
86 83
86 84
86 87
86 89
86 92
86 93
86 98
86 100
87 1
87 2
87 3
87 7
87 8
87 11
87 12
87 21
87 23
87 27
87 29
87 31
87 32
87 35
87 43
87 44
87 46
87 47
87 51
87 56
87 59
87 61
87 65
87 82
87 88
87 89
87 90
87 97
87 98
87 100
88 9
88 12
88 14
88 16
88 17
88 18
88 24
88 28
88 34
88 35
88 36
88 38
88 42
88 49
88 51
88 54
88 55
88 57
88 70
88 73
88 80
88 88
88 90
88 92
88 93
88 95
88 98
89 1
89 2
89 3
89 4
89 6
89 15
89 17
89 21
89 28
89 31
89 42
89 46
89 48
89 49
89 52
89 54
89 59
89 60
89 66
89 71
89 73
89 76
89 79
89 80
89 82
89 83
89 92
89 93
89 94
89 95
89 96
89 99
90 1
90 5
90 6
90 7
90 11
90 12
90 15
90 24
90 31
90 32
90 34
90 36
90 38
90 43
90 45
90 46
90 47
90 50
90 52
90 53
90 58
90 62
90 71
90 75
90 80
90 84
90 87
90 88
90 95
90 97
91 2
91 3
91 8
91 12
91 17
91 18
91 24
91 28
91 31
91 35
91 44
91 48
91 50
91 51
91 52
91 55
91 56
91 61
91 65
91 67
91 69
91 79
91 80
91 85
91 87
91 90
91 97
91 99
92 7
92 9
92 12
92 13
92 17
92 18
92 29
92 33
92 37
92 42
92 46
92 47
92 51
92 54
92 58
92 59
92 60
92 66
92 69
92 70
92 75
92 81
92 89
92 92
93 3
93 4
93 7
93 8
93 15
93 18
93 20
93 22
93 24
93 26
93 28
93 30
93 33
93 37
93 50
93 51
93 55
93 58
93 68
93 69
93 71
93 73
93 74
93 77
93 80
93 85
93 86
93 87
93 92
93 97
93 100
94 5
94 8
94 13
94 14
94 21
94 22
94 23
94 29
94 30
94 35
94 38
94 40
94 46
94 50
94 54
94 57
94 63
94 64
94 72
94 83
94 86
94 89
94 91
94 98
95 4
95 7
95 9
95 10
95 16
95 21
95 22
95 23
95 26
95 27
95 28
95 29
95 31
95 33
95 35
95 37
95 39
95 43
95 47
95 58
95 59
95 60
95 65
95 69
95 70
95 76
95 78
95 81
95 86
95 88
95 93
95 96
96 1
96 6
96 12
96 17
96 19
96 22
96 24
96 25
96 31
96 34
96 38
96 39
96 41
96 43
96 46
96 47
96 49
96 50
96 52
96 56
96 63
96 65
96 76
96 77
96 79
96 89
96 93
96 96
96 99
97 2
97 8
97 9
97 18
97 22
97 24
97 25
97 40
97 42
97 48
97 50
97 54
97 55
97 60
97 61
97 62
97 63
97 65
97 76
97 81
97 82
97 83
97 85
97 86
97 87
97 89
97 94
97 96
97 100
98 7
98 10
98 13
98 14
98 15
98 19
98 25
98 27
98 30
98 31
98 32
98 35
98 36
98 39
98 41
98 47
98 48
98 49
98 52
98 56
98 59
98 61
98 62
98 67
98 72
98 75
98 80
98 82
98 83
98 84
98 86
98 88
98 91
98 93
98 94
98 99
99 4
99 10
99 12
99 18
99 30
99 31
99 34
99 36
99 37
99 38
99 41
99 42
99 45
99 46
99 49
99 50
99 51
99 53
99 54
99 70
99 71
99 74
99 76
99 83
99 99
99 100
100 2
100 3
100 9
100 11
100 12
100 13
100 15
100 16
100 17
100 18
100 21
100 27
100 28
100 31
100 46
100 49
100 55
100 57
100 65
100 68
100 70
100 75
100 76
100 79
100 80
100 86
100 95
100 96
100 99
