0 2
0 5
0 6
0 7
0 12
0 15
0 19
0 24
0 28
0 30
0 32
0 33
0 39
0 40
0 43
0 45
0 47
0 50
0 52
0 55
0 56
0 59
0 60
0 61
0 69
0 70
0 74
0 80
0 81
0 82
0 83
0 87
0 90
0 91
0 92
0 95
0 98
0 100
1 1
1 6
1 7
1 8
1 10
1 11
1 14
1 18
1 28
1 29
1 36
1 39
1 41
1 47
1 49
1 52
1 53
1 59
1 64
1 66
1 69
1 70
1 71
1 72
1 73
1 75
1 78
1 79
1 80
1 81
1 82
1 83
1 87
1 89
1 94
1 96
1 99
1 100
2 2
2 5
2 6
2 12
2 15
2 16
2 17
2 18
2 22
2 28
2 29
2 32
2 35
2 36
2 40
2 43
2 44
2 47
2 51
2 53
2 55
2 65
2 69
2 71
2 74
2 75
2 81
2 82
2 84
2 87
2 88
2 98
3 2
3 3
3 4
3 7
3 8
3 10
3 12
3 19
3 22
3 24
3 25
3 33
3 35
3 39
3 44
3 46
3 48
3 54
3 61
3 65
3 72
3 74
3 78
3 85
3 87
3 97
3 98
3 99
4 2
4 6
4 7
4 8
4 9
4 11
4 12
4 15
4 19
4 22
4 23
4 25
4 27
4 33
4 36
4 42
4 44
4 47
4 49
4 51
4 60
4 69
4 72
4 73
4 79
4 87
4 91
4 94
4 97
4 98
4 99
4 100
5 0
5 3
5 5
5 8
5 11
5 15
5 17
5 18
5 21
5 22
5 23
5 24
5 26
5 27
5 31
5 38
5 40
5 44
5 48
5 52
5 55
5 59
5 62
5 63
5 64
5 68
5 74
5 76
5 81
5 83
5 87
5 88
5 89
5 94
5 100
6 0
6 2
6 3
6 4
6 7
6 9
6 12
6 18
6 23
6 25
6 27
6 34
6 35
6 36
6 43
6 44
6 45
6 61
6 63
6 64
6 66
6 67
6 68
6 72
6 76
6 77
6 81
6 82
6 83
6 85
6 86
6 88
6 89
6 93
6 97
6 100
7 1
7 3
7 8
7 9
7 14
7 15
7 17
7 18
7 21
7 22
7 23
7 35
7 36
7 44
7 47
7 49
7 50
7 51
7 53
7 57
7 58
7 59
7 60
7 63
7 64
7 65
7 72
7 73
7 81
7 86
7 89
8 3
8 5
8 9
8 10
8 14
8 15
8 16
8 17
8 26
8 32
8 34
8 41
8 42
8 49
8 58
8 65
8 73
8 81
8 84
8 88
8 90
8 98
8 99
9 1
9 7
9 10
9 14
9 18
9 20
9 22
9 30
9 37
9 38
9 39
9 40
9 41
9 48
9 51
9 54
9 55
9 57
9 60
9 62
9 64
9 65
9 70
9 73
9 74
9 75
9 76
9 80
9 83
9 85
9 86
9 91
9 93
9 97
9 99
9 100
10 3
10 11
10 17
10 23
10 26
10 28
10 30
10 31
10 32
10 33
10 40
10 41
10 55
10 58
10 60
10 61
10 62
10 66
10 67
10 70
10 75
10 78
10 79
10 81
10 82
10 85
10 94
11 1
11 4
11 5
11 6
11 7
11 8
11 9
11 11
11 12
11 15
11 21
11 22
11 28
11 29
11 31
11 33
11 36
11 39
11 42
11 45
11 50
11 51
11 53
11 57
11 58
11 63
11 64
11 71
11 75
11 76
11 82
11 84
11 88
11 90
11 92
11 93
11 98
11 100
12 0
12 4
12 17
12 20
12 22
12 29
12 39
12 46
12 47
12 56
12 57
12 63
12 64
12 65
12 66
12 72
12 73
12 74
12 80
12 81
12 82
12 84
12 86
12 87
12 89
12 92
12 94
12 96
13 2
13 8
13 9
13 17
13 19
13 21
13 25
13 26
13 28
13 32
13 37
13 38
13 40
13 42
13 46
13 47
13 50
13 58
13 65
13 66
13 67
13 69
13 70
13 71
13 78
13 80
13 93
13 94
13 96
13 97
14 1
14 4
14 6
14 11
14 14
14 16
14 17
14 20
14 27
14 32
14 33
14 34
14 35
14 36
14 39
14 41
14 42
14 44
14 45
14 46
14 51
14 58
14 59
14 63
14 67
14 74
14 80
14 82
14 88
14 89
14 91
14 94
14 95
14 96
15 2
15 3
15 6
15 8
15 16
15 17
15 18
15 20
15 22
15 24
15 26
15 33
15 34
15 40
15 41
15 44
15 45
15 50
15 51
15 53
15 54
15 70
15 72
15 78
15 84
15 86
15 91
15 92
15 94
16 8
16 9
16 11
16 15
16 23
16 24
16 26
16 28
16 33
16 34
16 39
16 42
16 43
16 44
16 52
16 56
16 58
16 60
16 64
16 72
16 74
16 77
16 78
16 82
16 86
16 91
16 93
16 95
16 97
16 99
17 2
17 4
17 7
17 10
17 16
17 21
17 22
17 27
17 29
17 30
17 32
17 35
17 43
17 46
17 47
17 48
17 54
17 57
17 61
17 67
17 71
17 79
17 82
17 86
17 87
17 94
17 98
17 99
18 1
18 7
18 10
18 11
18 13
18 15
18 20
18 23
18 24
18 25
18 29
18 32
18 34
18 37
18 39
18 41
18 46
18 51
18 52
18 57
18 58
18 59
18 61
18 63
18 64
18 66
18 72
18 74
18 81
18 83
18 89
18 91
18 93
18 94
18 95
19 1
19 9
19 12
19 18
19 19
19 21
19 22
19 26
19 27
19 28
19 29
19 34
19 44
19 47
19 66
19 67
19 69
19 72
19 73
19 76
19 79
19 80
19 85
19 87
19 88
19 90
19 93
19 96
20 2
20 3
20 4
20 5
20 9
20 13
20 14
20 21
20 25
20 27
20 30
20 36
20 38
20 40
20 41
20 42
20 43
20 48
20 50
20 51
20 53
20 54
20 57
20 62
20 65
20 66
20 67
20 68
20 69
20 70
20 75
20 76
20 82
20 93
21 1
21 2
21 5
21 10
21 12
21 15
21 19
21 21
21 29
21 30
21 33
21 36
21 38
21 39
21 50
21 52
21 55
21 58
21 60
21 61
21 63
21 66
21 67
21 68
21 74
21 76
21 81
21 84
21 90
21 93
21 94
21 95
22 2
22 3
22 8
22 13
22 16
22 19
22 23
22 28
22 31
22 33
22 39
22 40
22 42
22 48
22 52
22 54
22 55
22 56
22 66
22 68
22 75
22 82
22 84
22 85
22 86
22 88
22 91
22 95
22 97
23 0
23 11
23 14
23 19
23 22
23 23
23 24
23 31
23 38
23 43
23 47
23 50
23 51
23 57
23 67
23 68
23 69
23 70
23 72
23 74
23 77
23 78
23 79
23 88
23 93
23 95
23 96
24 5
24 6
24 8
24 10
24 11
24 20
24 21
24 23
24 24
24 30
24 35
24 38
24 40
24 41
24 42
24 48
24 51
24 57
24 59
24 65
24 66
24 67
24 81
24 85
24 87
24 89
24 93
24 94
24 96
24 98
25 0
25 1
25 5
25 10
25 11
25 12
25 13
25 18
25 22
25 23
25 34
25 35
25 44
25 45
25 48
25 50
25 54
25 55
25 57
25 59
25 60
25 65
25 66
25 67
25 81
25 82
25 85
25 89
25 91
25 92
26 2
26 3
26 5
26 8
26 14
26 15
26 19
26 22
26 24
26 31
26 32
26 34
26 37
26 43
26 54
26 57
26 59
26 62
26 66
26 67
26 72
26 74
26 79
26 80
26 83
26 85
26 86
26 88
26 89
26 91
26 98
26 99
27 1
27 2
27 6
27 8
27 13
27 14
27 23
27 24
27 25
27 28
27 29
27 30
27 31
27 33
27 34
27 35
27 36
27 40
27 41
27 43
27 44
27 48
27 50
27 52
27 54
27 56
27 59
27 60
27 64
27 67
27 69
27 70
27 75
27 79
27 80
27 82
27 91
27 92
27 93
28 0
28 2
28 3
28 4
28 5
28 6
28 7
28 10
28 12
28 13
28 16
28 18
28 20
28 32
28 33
28 37
28 38
28 40
28 42
28 51
28 53
28 58
28 64
28 71
28 83
28 92
28 93
28 97
29 2
29 3
29 8
29 14
29 19
29 20
29 21
29 25
29 29
29 31
29 33
29 37
29 41
29 45
29 51
29 55
29 58
29 59
29 68
29 69
29 72
29 73
29 81
29 83
29 86
29 91
29 92
29 94
29 97
30 19
30 22
30 24
30 25
30 27
30 32
30 37
30 38
30 46
30 51
30 52
30 53
30 56
30 57
30 62
30 71
30 77
30 78
30 79
30 84
30 87
30 92
30 97
30 100
31 2
31 7
31 10
31 11
31 16
31 25
31 26
31 33
31 34
31 35
31 39
31 42
31 43
31 44
31 48
31 50
31 53
31 55
31 58
31 60
31 61
31 65
31 67
31 69
31 71
31 73
31 80
31 81
31 82
31 86
31 88
31 89
31 92
31 94
31 97
32 0
32 4
32 12
32 19
32 21
32 28
32 30
32 33
32 36
32 37
32 41
32 45
32 47
32 50
32 54
32 58
32 59
32 61
32 62
32 63
32 66
32 70
32 80
32 84
32 86
32 88
32 93
32 95
32 96
32 97
32 98
32 99
32 100
33 4
33 7
33 13
33 15
33 16
33 17
33 18
33 25
33 31
33 32
33 33
33 37
33 39
33 50
33 55
33 57
33 64
33 68
33 71
33 74
33 77
33 87
33 88
33 89
33 91
33 93
33 96
33 100
34 1
34 2
34 13
34 14
34 17
34 19
34 26
34 27
34 28
34 30
34 40
34 42
34 43
34 45
34 46
34 49
34 51
34 52
34 55
34 57
34 60
34 62
34 63
34 65
34 66
34 70
34 72
34 73
34 76
34 77
34 78
34 79
34 85
34 87
34 92
34 93
34 94
34 99
35 8
35 11
35 12
35 20
35 21
35 24
35 25
35 27
35 31
35 34
35 45
35 49
35 51
35 52
35 57
35 61
35 71
35 72
35 75
35 77
35 79
35 80
35 81
35 84
35 91
35 92
35 93
36 1
36 2
36 4
36 8
36 12
36 13
36 15
36 20
36 24
36 31
36 33
36 35
36 46
36 49
36 50
36 55
36 57
36 65
36 70
36 74
36 83
36 85
36 87
36 92
36 93
37 2
37 14
37 18
37 19
37 20
37 36
37 38
37 39
37 42
37 47
37 54
37 55
37 56
37 58
37 65
37 66
37 68
37 72
37 76
37 83
37 86
37 90
37 95
38 2
38 4
38 5
38 11
38 16
38 20
38 23
38 30
38 31
38 36
38 41
38 53
38 55
38 56
38 58
38 61
38 62
38 63
38 68
38 69
38 70
38 71
38 73
38 76
38 78
38 79
38 85
38 89
38 91
38 92
38 94
38 96
38 98
39 1
39 10
39 15
39 16
39 18
39 26
39 27
39 28
39 29
39 30
39 34
39 36
39 38
39 39
39 40
39 41
39 48
39 53
39 54
39 56
39 61
39 65
39 71
39 73
39 75
39 76
39 79
39 85
39 89
39 90
39 94
39 97
39 98
39 99
40 0
40 2
40 4
40 7
40 8
40 10
40 11
40 13
40 17
40 18
40 24
40 29
40 31
40 35
40 37
40 38
40 43
40 45
40 46
40 49
40 50
40 52
40 55
40 56
40 59
40 63
40 68
40 70
40 74
40 76
40 80
40 81
40 85
40 88
40 93
40 94
40 95
40 96
40 97
40 100
41 8
41 11
41 12
41 16
41 17
41 18
41 20
41 21
41 22
41 24
41 25
41 32
41 35
41 37
41 38
41 40
41 41
41 44
41 51
41 55
41 60
41 61
41 62
41 63
41 67
41 69
41 70
41 71
41 76
41 77
41 85
41 87
41 90
41 91
41 92
41 93
41 95
41 98
41 100
42 3
42 4
42 7
42 9
42 12
42 13
42 14
42 15
42 21
42 26
42 27
42 36
42 39
42 40
42 42
42 52
42 55
42 56
42 58
42 60
42 69
42 83
42 84
42 85
42 91
42 94
42 96
42 99
43 2
43 4
43 11
43 12
43 18
43 21
43 25
43 26
43 30
43 42
43 51
43 55
43 56
43 59
43 60
43 62
43 65
43 72
43 78
43 79
43 83
43 87
43 93
43 96
43 97
43 100
44 6
44 13
44 14
44 16
44 19
44 20
44 30
44 31
44 32
44 37
44 47
44 50
44 52
44 56
44 60
44 67
44 68
44 70
44 72
44 73
44 77
44 79
44 84
44 85
44 88
44 94
44 95
44 96
44 97
44 100
45 1
45 11
45 14
45 15
45 28
45 35
45 36
45 37
45 45
45 52
45 56
45 57
45 61
45 62
45 69
45 71
45 75
45 76
45 77
45 80
45 88
45 89
45 95
45 96
45 97
45 99
46 1
46 3
46 7
46 9
46 10
46 11
46 18
46 21
46 25
46 27
46 30
46 31
46 32
46 34
46 39
46 43
46 53
46 54
46 64
46 67
46 68
46 74
46 75
46 76
46 77
46 78
46 79
46 82
46 85
46 89
46 91
46 94
46 96
46 99
47 0
47 5
47 6
47 10
47 11
47 17
47 19
47 21
47 22
47 29
47 31
47 34
47 36
47 37
47 41
47 43
47 44
47 46
47 47
47 48
47 49
47 59
47 75
47 78
47 86
47 88
47 92
47 93
47 97
47 100
48 4
48 5
48 7
48 8
48 9
48 16
48 23
48 27
48 28
48 35
48 37
48 38
48 43
48 45
48 48
48 52
48 56
48 58
48 66
48 69
48 73
48 80
48 84
48 87
48 91
48 97
48 98
48 100
49 0
49 2
49 11
49 13
49 15
49 20
49 27
49 29
49 30
49 33
49 39
49 43
49 44
49 45
49 48
49 49
49 57
49 69
49 71
49 78
49 79
49 80
49 82
49 84
49 87
49 88
49 96
49 97
50 0
50 4
50 13
50 15
50 17
50 19
50 20
50 23
50 27
50 33
50 34
50 37
50 40
50 43
50 44
50 46
50 49
50 51
50 52
50 59
50 60
50 65
50 68
50 69
50 70
50 71
50 73
50 75
50 77
50 78
50 88
50 89
50 90
50 94
50 97
50 100
51 0
51 1
51 5
51 6
51 9
51 10
51 13
51 16
51 21
51 22
51 25
51 32
51 35
51 42
51 43
51 46
51 58
51 59
51 61
51 62
51 64
51 66
51 67
51 69
51 77
51 87
51 88
51 90
51 92
51 95
51 99
52 0
52 1
52 4
52 12
52 13
52 17
52 23
52 27
52 28
52 29
52 30
52 35
52 36
52 37
52 38
52 42
52 43
52 47
52 53
52 60
52 61
52 64
52 77
52 79
52 84
52 85
52 89
52 90
52 92
52 94
52 96
52 97
53 1
53 11
53 17
53 26
53 27
53 30
53 33
53 34
53 37
53 38
53 47
53 58
53 59
53 60
53 74
53 75
53 79
53 84
53 86
53 87
53 88
53 91
53 93
53 94
53 96
53 97
54 2
54 7
54 14
54 18
54 25
54 26
54 27
54 29
54 34
54 39
54 46
54 49
54 52
54 53
54 54
54 57
54 63
54 66
54 69
54 72
54 79
54 84
54 85
54 97
54 99
55 1
55 2
55 3
55 9
55 16
55 18
55 20
55 22
55 23
55 33
55 35
55 38
55 42
55 44
55 46
55 48
55 50
55 51
55 54
55 55
55 56
55 60
55 63
55 64
55 76
55 78
55 87
55 91
55 93
55 94
55 98
55 100
56 0
56 1
56 4
56 8
56 10
56 13
56 18
56 21
56 24
56 28
56 29
56 31
56 33
56 36
56 38
56 46
56 49
56 50
56 53
56 55
56 59
56 65
56 72
56 73
56 78
56 79
56 81
56 84
56 87
56 88
56 89
56 97
57 7
57 10
57 13
57 14
57 15
57 16
57 18
57 20
57 22
57 30
57 31
57 33
57 37
57 42
57 48
57 53
57 56
57 59
57 61
57 62
57 66
57 67
57 71
57 72
57 73
57 74
57 78
57 88
57 93
57 94
57 96
57 98
58 3
58 6
58 7
58 11
58 15
58 17
58 18
58 21
58 22
58 24
58 29
58 34
58 38
58 39
58 40
58 41
58 44
58 45
58 46
58 49
58 51
58 62
58 63
58 66
58 69
58 72
58 84
58 87
58 94
58 97
58 99
59 0
59 7
59 10
59 21
59 29
59 30
59 33
59 38
59 40
59 41
59 46
59 53
59 54
59 55
59 58
59 68
59 69
59 71
59 76
59 85
59 88
59 92
59 94
59 97
59 98
60 4
60 8
60 9
60 19
60 22
60 26
60 28
60 29
60 30
60 38
60 40
60 41
60 49
60 53
60 57
60 61
60 65
60 67
60 68
60 70
60 71
60 75
60 80
60 84
60 88
60 89
60 93
60 94
60 98
60 99
61 2
61 7
61 8
61 15
61 18
61 19
61 21
61 25
61 26
61 37
61 39
61 40
61 43
61 44
61 45
61 47
61 48
61 58
61 61
61 65
61 67
61 69
61 71
61 76
61 82
61 88
61 92
61 95
61 96
61 98
62 0
62 3
62 6
62 9
62 13
62 14
62 16
62 17
62 19
62 25
62 27
62 28
62 30
62 32
62 33
62 36
62 38
62 43
62 45
62 46
62 47
62 49
62 52
62 57
62 64
62 65
62 69
62 71
62 76
62 82
62 83
62 86
62 87
62 88
62 92
62 95
62 97
62 98
62 99
63 1
63 3
63 7
63 8
63 9
63 10
63 11
63 12
63 21
63 23
63 24
63 28
63 32
63 35
63 44
63 45
63 47
63 51
63 52
63 55
63 57
63 60
63 62
63 63
63 69
63 73
63 79
63 85
63 88
63 89
63 90
63 91
63 92
63 93
64 0
64 1
64 6
64 14
64 16
64 17
64 21
64 25
64 29
64 30
64 34
64 38
64 41
64 43
64 47
64 55
64 56
64 62
64 63
64 67
64 69
64 70
64 72
64 75
64 77
64 79
64 80
64 81
64 86
64 88
64 89
64 90
64 92
64 98
65 0
65 7
65 8
65 9
65 11
65 13
65 16
65 17
65 19
65 20
65 21
65 27
65 28
65 33
65 37
65 38
65 39
65 41
65 42
65 44
65 45
65 48
65 53
65 61
65 63
65 72
65 77
65 78
65 79
65 83
65 85
65 86
65 96
65 100
66 0
66 2
66 5
66 9
66 10
66 13
66 14
66 16
66 18
66 19
66 21
66 25
66 29
66 31
66 32
66 36
66 38
66 40
66 43
66 53
66 54
66 55
66 57
66 60
66 62
66 63
66 64
66 69
66 74
66 75
66 76
66 78
66 79
66 81
66 83
66 85
66 91
66 96
66 98
66 100
67 3
67 6
67 11
67 19
67 20
67 25
67 27
67 31
67 33
67 43
67 46
67 50
67 51
67 55
67 56
67 59
67 62
67 64
67 69
67 74
67 80
67 82
67 97
68 0
68 1
68 4
68 6
68 7
68 13
68 14
68 15
68 17
68 19
68 21
68 26
68 27
68 31
68 33
68 35
68 40
68 42
68 44
68 45
68 49
68 51
68 53
68 58
68 59
68 63
68 69
68 70
68 72
68 73
68 84
68 86
68 87
68 93
68 96
68 97
69 2
69 3
69 5
69 7
69 11
69 12
69 18
69 19
69 20
69 23
69 25
69 27
69 28
69 30
69 32
69 36
69 41
69 51
69 54
69 57
69 58
69 59
69 66
69 69
69 70
69 71
69 75
69 79
69 81
69 84
69 85
69 89
69 92
69 96
69 97
69 99
70 0
70 3
70 9
70 10
70 12
70 23
70 25
70 29
70 30
70 31
70 33
70 37
70 41
70 42
70 43
70 50
70 51
70 65
70 66
70 68
70 69
70 74
70 77
70 83
70 87
70 88
70 94
70 95
70 96
71 1
71 10
71 12
71 16
71 20
71 23
71 28
71 33
71 39
71 41
71 43
71 45
71 48
71 50
71 53
71 61
71 63
71 66
71 67
71 79
71 80
71 81
71 84
71 86
71 89
71 93
71 98
72 0
72 3
72 5
72 7
72 11
72 14
72 19
72 20
72 30
72 33
72 35
72 37
72 40
72 46
72 49
72 52
72 59
72 66
72 72
72 74
72 76
72 78
72 85
72 87
72 88
72 89
72 91
72 94
72 95
72 97
72 98
72 100
73 4
73 14
73 16
73 21
73 22
73 23
73 26
73 27
73 33
73 34
73 36
73 37
73 38
73 42
73 43
73 48
73 61
73 62
73 63
73 66
73 67
73 68
73 70
73 75
73 77
73 82
73 86
73 88
73 92
73 94
73 99
74 8
74 11
74 13
74 17
74 23
74 26
74 28
74 38
74 39
74 40
74 42
74 43
74 48
74 50
74 53
74 55
74 58
74 60
74 62
74 66
74 74
74 75
74 77
74 80
74 81
74 86
74 87
74 89
74 97
74 99
75 3
75 9
75 16
75 19
75 22
75 25
75 26
75 28
75 32
75 35
75 41
75 43
75 44
75 45
75 55
75 57
75 60
75 64
75 65
75 67
75 68
75 69
75 71
75 75
75 76
75 78
75 87
75 89
75 95
75 96
76 2
76 6
76 10
76 13
76 16
76 18
76 21
76 23
76 28
76 29
76 31
76 32
76 34
76 37
76 39
76 40
76 41
76 42
76 43
76 45
76 47
76 48
76 55
76 68
76 71
76 72
76 76
76 78
76 79
76 81
76 83
76 85
76 86
76 87
76 88
76 90
76 91
76 92
76 100
77 1
77 2
77 6
77 11
77 18
77 23
77 25
77 27
77 29
77 34
77 38
77 40
77 41
77 44
77 52
77 54
77 56
77 59
77 64
77 65
77 67
77 69
77 70
77 73
77 74
77 79
77 81
77 85
77 88
77 90
77 91
77 96
77 97
77 98
78 0
78 1
78 5
78 6
78 9
78 10
78 13
78 14
78 23
78 29
78 33
78 35
78 38
78 42
78 49
78 57
78 58
78 59
78 60
78 64
78 79
78 80
78 82
78 83
78 92
78 95
78 98
78 99
78 100
79 5
79 6
79 8
79 10
79 11
79 15
79 17
79 19
79 33
79 36
79 37
79 41
79 46
79 47
79 54
79 56
79 58
79 61
79 63
79 65
79 66
79 68
79 71
79 72
79 73
79 74
79 76
79 80
79 84
79 85
79 86
79 89
79 90
79 95
79 97
79 100
80 0
80 2
80 6
80 8
80 9
80 12
80 18
80 22
80 26
80 30
80 31
80 34
80 36
80 40
80 42
80 48
80 50
80 58
80 61
80 62
80 64
80 66
80 79
80 83
80 86
80 87
80 94
80 96
80 97
81 1
81 3
81 12
81 16
81 21
81 27
81 29
81 30
81 31
81 32
81 40
81 45
81 46
81 50
81 52
81 53
81 56
81 62
81 70
81 77
81 79
81 82
81 87
81 88
81 89
81 95
81 97
82 5
82 8
82 10
82 12
82 17
82 22
82 25
82 27
82 28
82 29
82 36
82 37
82 38
82 39
82 40
82 45
82 49
82 60
82 62
82 64
82 66
82 67
82 68
82 76
82 79
82 87
82 88
82 93
82 94
82 97
82 98
82 99
83 0
83 1
83 6
83 10
83 15
83 19
83 20
83 24
83 26
83 27
83 31
83 33
83 35
83 37
83 38
83 39
83 41
83 42
83 47
83 52
83 55
83 56
83 60
83 61
83 62
83 66
83 70
83 77
83 79
83 81
83 85
83 90
83 91
83 92
83 94
83 97
83 99
83 100
84 0
84 1
84 10
84 11
84 14
84 17
84 20
84 33
84 36
84 38
84 39
84 42
84 43
84 45
84 46
84 48
84 51
84 55
84 58
84 61
84 64
84 79
84 80
84 81
84 83
84 84
84 87
84 93
84 95
84 96
84 100
85 0
85 2
85 6
85 10
85 11
85 12
85 17
85 19
85 23
85 31
85 32
85 33
85 36
85 38
85 40
85 49
85 50
85 53
85 56
85 58
85 59
85 66
85 68
85 73
85 76
85 79
85 86
85 95
85 98
86 3
86 11
86 14
86 17
86 21
86 27
86 35
86 37
86 39
86 40
86 41
86 43
86 44
86 50
86 52
86 55
86 60
86 66
86 67
86 70
86 71
86 75
86 76
86 77
86 78
86 79
86 89
86 92
86 93
87 2
87 3
87 12
87 13
87 14
87 16
87 19
87 24
87 26
87 30
87 40
87 41
87 46
87 51
87 52
87 54
87 59
87 61
87 74
87 75
87 76
87 81
87 83
87 86
87 89
87 91
87 94
88 3
88 7
88 14
88 16
88 18
88 20
88 24
88 25
88 27
88 28
88 33
88 35
88 37
88 38
88 42
88 45
88 46
88 47
88 57
88 58
88 61
88 64
88 65
88 70
88 73
88 74
88 75
88 76
88 77
88 78
88 79
88 80
88 87
88 90
88 95
88 96
89 3
89 4
89 5
89 6
89 8
89 9
89 12
89 15
89 18
89 21
89 24
89 25
89 26
89 28
89 30
89 31
89 36
89 37
89 39
89 40
89 49
89 55
89 59
89 65
89 71
89 76
89 77
89 80
89 81
89 87
89 89
89 91
89 93
89 99
90 0
90 1
90 2
90 3
90 4
90 6
90 9
90 14
90 17
90 18
90 19
90 21
90 26
90 28
90 31
90 32
90 33
90 35
90 37
90 38
90 46
90 53
90 65
90 69
90 73
90 74
90 75
90 76
90 78
90 80
90 81
90 83
90 88
90 91
90 92
90 95
90 98
90 100
91 0
91 3
91 9
91 12
91 13
91 14
91 15
91 18
91 19
91 25
91 27
91 28
91 31
91 35
91 41
91 42
91 45
91 51
91 52
91 54
91 63
91 69
91 72
91 79
91 81
91 83
91 87
91 93
91 94
91 97
91 98
91 99
92 2
92 7
92 8
92 10
92 12
92 15
92 16
92 19
92 31
92 32
92 36
92 38
92 57
92 58
92 59
92 63
92 64
92 66
92 67
92 77
92 79
92 80
92 82
92 84
92 92
92 96
92 98
93 4
93 6
93 8
93 10
93 17
93 18
93 19
93 22
93 26
93 29
93 42
93 44
93 52
93 58
93 71
93 72
93 76
93 79
93 86
93 87
93 89
93 92
93 94
93 95
94 1
94 4
94 5
94 8
94 10
94 13
94 14
94 16
94 18
94 22
94 23
94 24
94 29
94 32
94 60
94 67
94 70
94 71
94 72
94 76
94 81
94 85
94 88
94 91
94 94
94 95
94 98
95 0
95 3
95 4
95 7
95 15
95 19
95 23
95 29
95 30
95 36
95 37
95 41
95 43
95 44
95 47
95 48
95 49
95 58
95 60
95 65
95 68
95 69
95 72
95 73
95 74
95 75
95 79
95 84
95 85
95 92
95 95
95 100
96 0
96 1
96 3
96 5
96 11
96 12
96 13
96 19
96 22
96 25
96 30
96 31
96 34
96 35
96 38
96 42
96 46
96 47
96 48
96 53
96 55
96 61
96 62
96 65
96 68
96 69
96 71
96 78
96 81
96 88
96 91
96 94
96 95
97 1
97 6
97 8
97 13
97 14
97 23
97 25
97 27
97 29
97 35
97 44
97 48
97 50
97 51
97 52
97 54
97 55
97 57
97 66
97 67
97 70
97 73
97 80
97 83
97 88
97 89
97 95
97 97
98 0
98 1
98 8
98 10
98 11
98 15
98 16
98 17
98 18
98 19
98 22
98 23
98 24
98 25
98 26
98 32
98 36
98 41
98 50
98 51
98 53
98 57
98 58
98 59
98 65
98 68
98 72
98 73
98 74
98 77
98 78
98 79
98 84
98 85
98 87
98 91
98 92
98 93
98 96
99 4
99 5
99 8
99 16
99 20
99 23
99 32
99 33
99 40
99 41
99 55
99 57
99 60
99 62
99 63
99 65
99 67
99 70
99 72
99 77
99 78
99 82
99 85
99 86
99 97
99 100
100 3
100 5
100 6
100 23
100 27
100 29
100 31
100 41
100 46
100 47
100 51
100 55
100 57
100 63
100 66
100 70
100 71
100 78
100 80
100 86
100 88
100 89
100 94
100 99
