0 2
0 4
0 7
0 13
0 14
0 15
0 21
0 22
0 26
0 34
0 36
0 45
0 51
0 53
0 55
0 62
0 65
0 71
0 72
0 75
0 80
0 83
0 84
0 90
0 91
0 93
0 98
0 100
1 3
1 5
1 7
1 12
1 19
1 22
1 24
1 31
1 32
1 33
1 47
1 50
1 51
1 52
1 55
1 67
1 69
1 71
1 74
1 79
1 81
1 82
1 84
1 85
1 87
1 91
1 96
1 99
1 100
2 1
2 3
2 7
2 9
2 15
2 18
2 20
2 21
2 27
2 29
2 30
2 34
2 43
2 56
2 57
2 58
2 64
2 68
2 69
2 70
2 77
2 78
2 79
2 81
2 84
2 86
2 89
2 97
2 98
2 99
2 100
3 16
3 18
3 19
3 22
3 23
3 24
3 25
3 26
3 27
3 32
3 33
3 34
3 35
3 49
3 58
3 59
3 60
3 64
3 67
3 73
3 74
3 78
3 87
3 91
3 93
3 94
3 97
3 99
4 2
4 5
4 7
4 13
4 14
4 16
4 19
4 20
4 22
4 25
4 29
4 37
4 39
4 40
4 41
4 43
4 44
4 47
4 52
4 54
4 57
4 59
4 60
4 62
4 63
4 64
4 69
4 70
4 80
4 82
4 83
4 84
4 86
4 88
4 89
4 90
4 100
5 1
5 2
5 6
5 10
5 11
5 19
5 20
5 25
5 26
5 27
5 28
5 32
5 33
5 35
5 36
5 38
5 41
5 43
5 53
5 55
5 61
5 62
5 64
5 68
5 69
5 72
5 77
5 78
5 79
5 85
5 89
5 90
5 96
6 1
6 3
6 6
6 14
6 16
6 23
6 26
6 33
6 36
6 40
6 45
6 50
6 54
6 59
6 64
6 67
6 69
6 70
6 71
6 72
6 74
6 75
6 82
6 85
6 87
6 88
6 90
6 95
6 96
6 97
6 99
7 7
7 8
7 16
7 18
7 20
7 21
7 25
7 27
7 33
7 34
7 36
7 37
7 38
7 44
7 45
7 46
7 52
7 55
7 57
7 59
7 64
7 66
7 67
7 71
7 74
7 76
7 77
7 79
7 80
7 81
7 84
7 89
7 90
7 93
7 100
8 0
8 4
8 9
8 12
8 14
8 17
8 27
8 31
8 32
8 38
8 42
8 44
8 46
8 47
8 49
8 51
8 67
8 68
8 69
8 70
8 71
8 74
8 76
8 81
8 83
8 87
8 88
8 90
8 91
8 96
9 0
9 1
9 3
9 7
9 8
9 9
9 10
9 11
9 12
9 13
9 21
9 24
9 27
9 33
9 34
9 37
9 42
9 44
9 47
9 49
9 55
9 57
9 58
9 59
9 61
9 65
9 66
9 67
9 69
9 70
9 74
9 77
9 94
9 95
9 98
10 2
10 3
10 5
10 8
10 17
10 20
10 21
10 22
10 24
10 26
10 31
10 34
10 39
10 43
10 48
10 49
10 53
10 56
10 58
10 59
10 69
10 70
10 71
10 78
10 81
10 88
10 89
10 91
10 98
11 6
11 7
11 11
11 13
11 18
11 22
11 23
11 32
11 34
11 41
11 49
11 53
11 54
11 55
11 57
11 59
11 60
11 61
11 63
11 65
11 69
11 79
11 80
11 83
11 92
11 95
12 4
12 5
12 15
12 17
12 23
12 29
12 34
12 40
12 41
12 50
12 52
12 60
12 65
12 67
12 70
12 75
12 78
12 83
12 84
12 86
12 88
12 90
12 96
12 99
13 1
13 5
13 6
13 12
13 17
13 31
13 35
13 40
13 41
13 42
13 44
13 50
13 53
13 67
13 68
13 70
13 71
13 73
13 79
13 82
13 84
13 86
13 89
13 94
13 95
13 98
13 99
13 100
14 0
14 4
14 17
14 18
14 21
14 27
14 29
14 33
14 35
14 36
14 42
14 48
14 52
14 54
14 57
14 58
14 61
14 65
14 69
14 72
14 74
14 75
14 76
14 77
14 85
14 91
14 93
14 95
15 0
15 1
15 3
15 6
15 11
15 16
15 20
15 23
15 28
15 32
15 34
15 39
15 45
15 57
15 59
15 62
15 67
15 68
15 71
15 72
15 73
15 75
15 77
15 81
15 87
15 88
15 95
15 96
15 99
15 100
16 5
16 8
16 9
16 17
16 27
16 30
16 31
16 32
16 33
16 36
16 39
16 41
16 44
16 45
16 49
16 50
16 51
16 53
16 63
16 65
16 73
16 76
16 79
16 83
16 84
16 86
16 87
16 93
16 96
16 97
17 5
17 6
17 8
17 12
17 13
17 16
17 29
17 33
17 36
17 38
17 43
17 51
17 52
17 54
17 55
17 62
17 67
17 68
17 74
17 75
17 79
17 82
17 83
17 84
17 86
17 88
17 89
17 90
17 91
17 93
17 94
17 96
18 0
18 1
18 3
18 8
18 9
18 22
18 27
18 28
18 32
18 37
18 40
18 44
18 50
18 60
18 66
18 74
18 75
18 83
18 88
18 92
18 96
18 97
18 100
19 1
19 2
19 6
19 9
19 10
19 11
19 15
19 17
19 22
19 26
19 31
19 36
19 39
19 44
19 52
19 53
19 55
19 58
19 59
19 64
19 68
19 69
19 74
19 76
19 77
19 81
19 84
19 89
19 94
19 97
19 98
20 2
20 6
20 7
20 13
20 17
20 23
20 31
20 33
20 43
20 44
20 45
20 49
20 54
20 64
20 65
20 67
20 74
20 81
20 82
20 86
20 88
20 89
20 90
20 91
20 92
20 98
21 2
21 3
21 11
21 16
21 21
21 28
21 30
21 33
21 34
21 42
21 45
21 53
21 56
21 58
21 59
21 63
21 65
21 75
21 76
21 77
21 79
21 91
21 92
21 99
21 100
22 4
22 6
22 7
22 9
22 15
22 19
22 22
22 24
22 26
22 28
22 29
22 31
22 38
22 40
22 46
22 47
22 48
22 49
22 51
22 52
22 54
22 55
22 60
22 62
22 64
22 67
22 68
22 69
22 70
22 73
22 75
22 80
22 81
22 84
22 91
22 92
22 99
23 1
23 3
23 4
23 6
23 8
23 9
23 13
23 17
23 21
23 26
23 29
23 33
23 37
23 38
23 40
23 47
23 50
23 51
23 55
23 57
23 58
23 62
23 67
23 72
23 73
23 78
23 81
23 85
23 88
23 95
23 100
24 3
24 6
24 9
24 12
24 17
24 21
24 24
24 25
24 31
24 32
24 34
24 36
24 38
24 40
24 42
24 44
24 46
24 48
24 49
24 54
24 62
24 63
24 64
24 67
24 69
24 71
24 74
24 78
24 80
24 85
24 87
25 1
25 7
25 10
25 17
25 18
25 23
25 27
25 39
25 52
25 68
25 71
25 76
25 79
25 82
25 83
25 84
25 85
25 89
25 90
25 94
25 95
25 99
26 2
26 4
26 9
26 11
26 12
26 13
26 19
26 28
26 49
26 50
26 51
26 57
26 61
26 62
26 63
26 66
26 79
26 83
26 85
26 87
26 90
26 91
26 92
26 94
26 95
26 96
26 99
27 1
27 2
27 5
27 7
27 20
27 26
27 34
27 35
27 36
27 37
27 40
27 48
27 49
27 50
27 52
27 62
27 63
27 66
27 70
27 77
27 78
27 82
27 87
27 92
27 94
27 98
27 100
28 4
28 5
28 9
28 10
28 14
28 16
28 20
28 26
28 32
28 39
28 41
28 47
28 48
28 51
28 54
28 57
28 59
28 60
28 62
28 65
28 67
28 72
28 75
28 77
28 78
28 80
28 84
28 87
28 89
28 90
28 91
28 93
28 95
28 97
28 99
29 4
29 5
29 6
29 12
29 13
29 23
29 26
29 28
29 35
29 40
29 41
29 47
29 48
29 51
29 53
29 54
29 56
29 59
29 62
29 65
29 67
29 68
29 69
29 75
29 76
29 77
29 78
29 79
29 80
29 85
29 89
29 91
30 2
30 3
30 5
30 6
30 8
30 13
30 22
30 24
30 26
30 27
30 36
30 38
30 39
30 40
30 42
30 45
30 48
30 51
30 53
30 54
30 56
30 58
30 59
30 60
30 69
30 70
30 73
30 74
30 76
30 80
30 81
30 85
30 92
30 93
30 98
31 5
31 9
31 12
31 13
31 14
31 15
31 16
31 18
31 21
31 24
31 25
31 26
31 34
31 35
31 37
31 40
31 43
31 50
31 52
31 54
31 58
31 59
31 60
31 61
31 64
31 69
31 72
31 75
31 76
31 77
31 80
31 82
31 84
31 88
31 93
31 95
31 98
31 100
32 0
32 2
32 8
32 11
32 20
32 25
32 34
32 36
32 39
32 44
32 45
32 46
32 47
32 49
32 50
32 51
32 55
32 59
32 63
32 64
32 67
32 71
32 74
32 75
32 78
32 79
32 84
32 86
32 88
32 90
32 94
32 95
32 100
33 0
33 1
33 2
33 6
33 7
33 8
33 9
33 17
33 30
33 37
33 39
33 41
33 43
33 44
33 45
33 46
33 47
33 48
33 50
33 57
33 63
33 68
33 69
33 76
33 79
33 82
33 86
33 91
33 94
34 3
34 4
34 8
34 25
34 26
34 27
34 28
34 29
34 32
34 33
34 39
34 43
34 44
34 50
34 58
34 60
34 65
34 68
34 69
34 73
34 77
34 81
34 85
34 89
34 91
34 95
34 97
34 98
35 4
35 5
35 8
35 11
35 13
35 14
35 19
35 22
35 25
35 28
35 29
35 30
35 37
35 40
35 41
35 43
35 47
35 49
35 52
35 55
35 56
35 57
35 61
35 66
35 68
35 69
35 70
35 76
35 77
35 78
35 80
35 89
35 95
35 99
36 1
36 8
36 13
36 17
36 23
36 32
36 37
36 40
36 42
36 43
36 49
36 55
36 56
36 59
36 63
36 65
36 67
36 71
36 72
36 83
36 84
36 87
36 91
37 3
37 10
37 12
37 15
37 26
37 29
37 31
37 35
37 39
37 41
37 42
37 43
37 51
37 52
37 56
37 57
37 58
37 61
37 65
37 71
37 73
37 75
37 78
37 80
37 81
37 82
37 84
37 87
37 95
37 96
37 97
38 0
38 2
38 5
38 14
38 16
38 17
38 23
38 26
38 27
38 32
38 33
38 40
38 44
38 50
38 52
38 55
38 58
38 60
38 65
38 66
38 67
38 68
38 69
38 75
38 79
38 82
38 90
38 92
38 93
38 96
38 98
38 100
39 2
39 5
39 10
39 13
39 15
39 20
39 24
39 25
39 27
39 33
39 42
39 53
39 58
39 62
39 67
39 73
39 83
39 84
39 89
39 91
39 92
39 93
39 94
39 95
40 2
40 8
40 12
40 13
40 18
40 19
40 26
40 28
40 30
40 32
40 33
40 34
40 38
40 39
40 41
40 45
40 46
40 51
40 55
40 59
40 60
40 65
40 72
40 85
40 90
40 96
40 97
41 3
41 5
41 7
41 9
41 13
41 18
41 21
41 23
41 25
41 33
41 37
41 40
41 43
41 44
41 48
41 49
41 50
41 57
41 58
41 59
41 62
41 65
41 72
41 76
41 85
41 90
42 5
42 6
42 7
42 19
42 26
42 29
42 32
42 33
42 39
42 41
42 61
42 62
42 63
42 66
42 68
42 72
42 73
42 76
42 90
42 94
42 98
43 2
43 4
43 5
43 6
43 7
43 10
43 13
43 17
43 22
43 28
43 29
43 31
43 32
43 34
43 38
43 41
43 43
43 46
43 47
43 49
43 52
43 60
43 71
43 74
43 77
43 79
43 80
43 85
43 89
43 91
43 94
43 97
43 98
43 99
44 0
44 6
44 16
44 17
44 20
44 24
44 25
44 28
44 31
44 33
44 38
44 47
44 50
44 52
44 53
44 54
44 55
44 59
44 61
44 72
44 73
44 80
44 82
44 83
44 85
44 86
44 92
44 93
44 94
44 99
44 100
45 4
45 6
45 8
45 9
45 15
45 19
45 21
45 23
45 25
45 34
45 47
45 48
45 50
45 53
45 59
45 63
45 78
45 80
45 81
45 83
45 86
45 91
45 94
46 3
46 4
46 8
46 10
46 11
46 12
46 14
46 22
46 25
46 26
46 30
46 33
46 34
46 37
46 38
46 44
46 48
46 49
46 51
46 57
46 64
46 66
46 67
46 68
46 69
46 70
46 73
46 77
46 81
46 84
46 85
46 88
46 90
46 93
46 99
47 1
47 3
47 4
47 5
47 8
47 13
47 14
47 15
47 17
47 18
47 19
47 21
47 22
47 26
47 37
47 38
47 40
47 45
47 49
47 51
47 55
47 57
47 61
47 64
47 65
47 70
47 75
47 76
47 83
47 98
48 10
48 17
48 19
48 26
48 27
48 29
48 30
48 31
48 32
48 34
48 40
48 51
48 53
48 54
48 57
48 59
48 63
48 66
48 67
48 75
48 80
48 81
48 87
48 90
48 91
48 92
48 94
49 4
49 5
49 7
49 10
49 16
49 18
49 20
49 22
49 23
49 26
49 32
49 37
49 40
49 42
49 43
49 45
49 48
49 53
49 54
49 59
49 63
49 65
49 66
49 67
49 69
49 71
49 75
49 79
49 81
49 82
49 83
49 84
49 86
49 95
49 100
50 0
50 1
50 2
50 6
50 7
50 14
50 20
50 22
50 25
50 26
50 30
50 39
50 40
50 41
50 42
50 43
50 45
50 47
50 51
50 55
50 56
50 58
50 66
50 67
50 69
50 78
50 79
50 81
50 85
50 87
50 94
50 96
50 99
50 100
51 0
51 1
51 3
51 7
51 13
51 15
51 20
51 21
51 23
51 26
51 29
51 34
51 37
51 38
51 39
51 41
51 48
51 49
51 50
51 58
51 59
51 63
51 66
51 67
51 70
51 71
51 74
51 76
51 87
51 89
51 94
51 96
52 0
52 3
52 6
52 10
52 15
52 16
52 21
52 22
52 25
52 27
52 32
52 34
52 37
52 40
52 42
52 46
52 50
52 53
52 60
52 65
52 81
52 82
52 85
52 88
52 91
52 92
52 98
53 4
53 5
53 6
53 9
53 12
53 15
53 31
53 33
53 40
53 46
53 56
53 58
53 60
53 62
53 68
53 69
53 70
53 75
53 76
53 77
53 82
53 83
53 86
53 89
53 90
53 92
53 99
53 100
54 3
54 5
54 6
54 9
54 10
54 11
54 18
54 24
54 28
54 30
54 32
54 35
54 37
54 40
54 46
54 49
54 55
54 59
54 64
54 65
54 67
54 70
54 73
54 74
54 82
54 84
54 85
54 90
54 94
54 97
55 2
55 3
55 6
55 12
55 13
55 14
55 24
55 26
55 30
55 33
55 37
55 39
55 42
55 44
55 45
55 47
55 51
55 55
55 57
55 65
55 68
55 69
55 81
55 82
55 90
55 92
55 94
55 97
55 99
56 0
56 1
56 5
56 9
56 11
56 15
56 17
56 21
56 22
56 25
56 26
56 28
56 31
56 37
56 43
56 45
56 49
56 52
56 63
56 66
56 73
56 75
56 80
56 86
56 88
56 89
56 91
57 0
57 11
57 14
57 24
57 26
57 28
57 34
57 40
57 41
57 43
57 47
57 54
57 58
57 60
57 61
57 62
57 64
57 66
57 71
57 73
57 77
57 85
57 87
57 88
57 90
57 97
58 6
58 7
58 10
58 11
58 16
58 17
58 21
58 24
58 25
58 27
58 28
58 29
58 30
58 31
58 32
58 33
58 36
58 37
58 43
58 44
58 48
58 49
58 53
58 59
58 65
58 66
58 67
58 68
58 69
58 73
58 81
58 83
58 91
58 92
58 93
58 96
59 0
59 1
59 3
59 4
59 6
59 7
59 8
59 9
59 13
59 16
59 17
59 18
59 24
59 29
59 31
59 33
59 43
59 45
59 46
59 47
59 54
59 57
59 59
59 62
59 70
59 72
59 77
59 78
59 82
59 86
59 88
59 91
59 94
59 95
59 98
59 99
59 100
60 1
60 2
60 4
60 7
60 11
60 16
60 17
60 21
60 24
60 25
60 28
60 32
60 34
60 35
60 39
60 43
60 44
60 47
60 49
60 50
60 52
60 54
60 55
60 58
60 61
60 64
60 67
60 70
60 73
60 75
60 79
60 80
60 84
60 85
60 86
60 90
60 95
60 98
60 99
61 6
61 9
61 11
61 14
61 16
61 17
61 19
61 21
61 22
61 23
61 26
61 27
61 30
61 31
61 33
61 36
61 39
61 41
61 44
61 46
61 49
61 51
61 53
61 56
61 65
61 66
61 71
61 72
61 74
61 75
61 76
61 77
61 81
61 83
61 85
61 86
61 92
61 95
61 99
61 100
62 6
62 7
62 9
62 11
62 14
62 20
62 24
62 28
62 32
62 38
62 40
62 41
62 43
62 50
62 53
62 57
62 61
62 69
62 75
62 79
62 80
62 81
62 82
62 85
62 89
62 90
62 91
63 3
63 4
63 9
63 10
63 11
63 12
63 22
63 23
63 28
63 29
63 32
63 39
63 40
63 43
63 48
63 52
63 53
63 54
63 60
63 64
63 65
63 69
63 71
63 74
63 75
63 78
63 87
63 89
63 92
64 1
64 4
64 5
64 6
64 7
64 13
64 24
64 26
64 31
64 41
64 43
64 45
64 46
64 52
64 54
64 59
64 62
64 65
64 69
64 71
64 76
64 77
64 85
64 86
64 92
64 93
64 98
64 99
64 100
65 4
65 5
65 6
65 7
65 10
65 17
65 18
65 19
65 21
65 30
65 35
65 36
65 37
65 38
65 39
65 47
65 52
65 53
65 55
65 57
65 60
65 71
65 74
65 78
65 80
65 84
65 94
65 96
65 100
66 5
66 10
66 14
66 15
66 17
66 18
66 19
66 23
66 32
66 34
66 39
66 41
66 50
66 51
66 52
66 53
66 54
66 55
66 57
66 63
66 69
66 74
66 79
66 80
66 81
66 86
66 88
66 92
66 98
66 99
66 100
67 1
67 2
67 10
67 12
67 15
67 19
67 20
67 21
67 31
67 33
67 37
67 40
67 45
67 58
67 60
67 66
67 70
67 73
67 84
67 88
67 89
67 90
67 95
68 0
68 5
68 10
68 14
68 15
68 17
68 20
68 22
68 25
68 28
68 30
68 31
68 32
68 36
68 38
68 39
68 40
68 44
68 49
68 52
68 53
68 56
68 59
68 61
68 65
68 71
68 74
68 76
68 79
68 85
68 86
68 92
68 93
68 94
68 96
68 100
69 0
69 1
69 2
69 7
69 13
69 14
69 24
69 30
69 33
69 37
69 38
69 40
69 45
69 47
69 49
69 50
69 51
69 56
69 57
69 62
69 65
69 67
69 70
69 76
69 78
69 80
69 81
69 82
69 84
69 90
69 95
70 1
70 4
70 20
70 23
70 24
70 27
70 31
70 32
70 34
70 43
70 44
70 45
70 46
70 48
70 49
70 53
70 63
70 72
70 74
70 78
70 82
70 83
70 88
70 89
70 92
70 97
70 98
71 0
71 2
71 5
71 11
71 13
71 22
71 23
71 25
71 26
71 27
71 30
71 33
71 42
71 44
71 47
71 49
71 52
71 53
71 57
71 68
71 71
71 73
71 75
71 78
71 79
71 81
71 83
71 88
71 90
71 96
72 0
72 1
72 3
72 5
72 7
72 10
72 15
72 24
72 25
72 27
72 28
72 31
72 35
72 38
72 43
72 45
72 46
72 48
72 49
72 51
72 57
72 60
72 64
72 68
72 69
72 72
72 74
72 81
72 82
72 85
72 88
72 90
72 94
72 97
73 0
73 4
73 9
73 12
73 13
73 15
73 17
73 21
73 22
73 23
73 27
73 36
73 38
73 43
73 45
73 47
73 57
73 63
73 73
73 75
73 79
73 80
73 81
73 83
73 85
73 88
73 89
73 91
73 96
74 2
74 3
74 4
74 5
74 7
74 9
74 11
74 17
74 21
74 26
74 27
74 28
74 30
74 40
74 46
74 50
74 54
74 55
74 73
74 76
74 79
74 80
74 82
74 94
74 95
74 98
75 2
75 4
75 7
75 10
75 20
75 32
75 33
75 37
75 38
75 39
75 41
75 42
75 51
75 55
75 58
75 59
75 65
75 67
75 68
75 69
75 74
75 79
75 88
75 91
75 99
76 2
76 3
76 8
76 12
76 14
76 16
76 17
76 19
76 21
76 23
76 28
76 29
76 33
76 34
76 36
76 37
76 39
76 40
76 42
76 48
76 55
76 58
76 69
76 70
76 73
76 74
76 83
76 85
76 86
76 87
76 93
76 97
76 98
77 4
77 14
77 16
77 19
77 21
77 22
77 23
77 24
77 29
77 35
77 37
77 40
77 42
77 49
77 51
77 52
77 56
77 57
77 62
77 63
77 64
77 65
77 66
77 67
77 69
77 72
77 74
77 75
77 76
77 79
77 80
77 89
77 94
77 95
77 97
77 100
78 0
78 3
78 4
78 7
78 13
78 16
78 22
78 28
78 36
78 37
78 39
78 41
78 42
78 46
78 49
78 59
78 60
78 62
78 66
78 69
78 70
78 71
78 73
78 76
78 83
78 86
78 88
78 91
78 97
78 99
79 6
79 11
79 12
79 15
79 17
79 19
79 22
79 28
79 33
79 42
79 48
79 49
79 55
79 56
79 61
79 62
79 63
79 69
79 73
79 79
79 80
79 82
79 88
79 90
79 96
79 97
80 3
80 7
80 8
80 14
80 19
80 22
80 23
80 28
80 30
80 31
80 33
80 37
80 48
80 49
80 50
80 53
80 56
80 57
80 61
80 63
80 64
80 75
80 77
80 78
80 79
80 80
80 83
80 84
80 86
80 92
80 93
80 94
80 95
81 1
81 2
81 4
81 6
81 9
81 16
81 19
81 20
81 23
81 24
81 25
81 26
81 28
81 29
81 31
81 34
81 43
81 47
81 58
81 60
81 61
81 62
81 63
81 67
81 69
81 71
81 76
81 79
81 80
81 86
81 90
81 94
81 99
82 3
82 4
82 7
82 15
82 28
82 35
82 39
82 41
82 42
82 52
82 55
82 57
82 60
82 63
82 65
82 72
82 77
82 78
82 79
82 80
82 94
82 96
83 1
83 2
83 5
83 7
83 8
83 10
83 14
83 16
83 17
83 19
83 25
83 26
83 28
83 33
83 34
83 39
83 42
83 50
83 52
83 53
83 62
83 64
83 69
83 73
83 77
83 88
83 89
83 90
83 92
83 93
83 94
84 0
84 1
84 2
84 4
84 6
84 9
84 13
84 19
84 20
84 24
84 25
84 26
84 30
84 31
84 33
84 39
84 41
84 42
84 44
84 45
84 55
84 58
84 61
84 63
84 64
84 68
84 73
84 79
84 81
84 90
84 92
84 94
84 97
85 0
85 7
85 10
85 11
85 12
85 14
85 16
85 17
85 25
85 26
85 28
85 33
85 35
85 37
85 41
85 54
85 57
85 62
85 64
85 65
85 66
85 68
85 74
85 86
85 89
85 90
85 91
85 98
85 100
86 4
86 12
86 20
86 21
86 24
86 29
86 33
86 36
86 45
86 46
86 47
86 48
86 49
86 51
86 53
86 58
86 60
86 63
86 67
86 68
86 71
86 73
86 74
86 75
86 78
86 82
86 84
86 85
86 86
86 89
86 90
86 91
86 93
86 99
87 16
87 21
87 23
87 24
87 25
87 30
87 34
87 45
87 46
87 50
87 53
87 68
87 70
87 73
87 76
87 77
87 90
87 93
87 95
87 99
88 0
88 5
88 7
88 9
88 10
88 12
88 18
88 25
88 28
88 29
88 30
88 41
88 43
88 44
88 45
88 48
88 49
88 50
88 56
88 57
88 59
88 64
88 70
88 72
88 81
88 84
88 87
88 92
88 97
88 99
88 100
89 4
89 7
89 9
89 10
89 15
89 16
89 17
89 21
89 25
89 26
89 28
89 30
89 40
89 42
89 45
89 57
89 59
89 65
89 66
89 67
89 69
89 71
89 72
89 74
89 75
89 76
89 79
89 84
89 87
89 89
89 94
89 99
89 100
90 0
90 14
90 19
90 21
90 22
90 25
90 26
90 28
90 30
90 31
90 35
90 39
90 44
90 45
90 46
90 49
90 50
90 51
90 52
90 56
90 57
90 65
90 66
90 74
90 75
90 79
90 89
90 91
90 93
90 98
91 1
91 2
91 7
91 8
91 17
91 29
91 30
91 31
91 32
91 35
91 39
91 41
91 42
91 45
91 46
91 48
91 51
91 52
91 54
91 61
91 62
91 63
91 65
91 67
91 74
91 75
91 76
91 79
91 80
91 82
91 84
91 89
91 92
91 97
91 99
92 1
92 2
92 6
92 8
92 15
92 17
92 18
92 25
92 26
92 30
92 31
92 33
92 34
92 37
92 42
92 46
92 48
92 53
92 54
92 60
92 62
92 63
92 64
92 66
92 67
92 70
92 71
92 74
92 80
92 84
92 88
92 97
93 0
93 2
93 3
93 5
93 6
93 7
93 11
93 13
93 21
93 23
93 26
93 33
93 36
93 41
93 42
93 48
93 50
93 52
93 54
93 56
93 61
93 62
93 65
93 67
93 68
93 79
93 82
93 86
93 87
93 88
93 89
93 91
93 94
93 95
93 96
93 98
94 1
94 5
94 8
94 20
94 24
94 25
94 27
94 30
94 33
94 38
94 41
94 49
94 51
94 52
94 53
94 54
94 62
94 63
94 66
94 73
94 76
94 89
94 92
94 93
94 95
94 96
94 97
94 99
95 1
95 8
95 18
95 22
95 26
95 27
95 28
95 29
95 40
95 44
95 50
95 52
95 65
95 69
95 70
95 72
95 74
95 75
95 77
95 80
95 86
95 87
95 93
96 3
96 5
96 6
96 7
96 9
96 10
96 14
96 16
96 18
96 20
96 27
96 30
96 39
96 41
96 46
96 53
96 54
96 55
96 56
96 61
96 63
96 64
96 69
96 71
96 72
96 74
96 75
96 79
96 81
96 85
96 96
96 97
96 99
97 4
97 7
97 8
97 15
97 16
97 27
97 28
97 32
97 38
97 41
97 45
97 50
97 60
97 61
97 65
97 66
97 68
97 70
97 71
97 79
97 86
97 87
97 91
97 99
98 0
98 2
98 4
98 8
98 9
98 14
98 18
98 24
98 26
98 28
98 31
98 39
98 43
98 51
98 54
98 57
98 60
98 63
98 68
98 71
98 74
98 81
98 82
98 84
98 89
98 91
98 92
98 97
98 98
99 1
99 7
99 13
99 20
99 23
99 25
99 26
99 28
99 30
99 33
99 35
99 42
99 53
99 55
99 57
99 61
99 66
99 75
99 77
99 84
99 88
99 89
100 1
100 3
100 5
100 10
100 11
100 14
100 15
100 18
100 29
100 30
100 34
100 35
100 38
100 39
100 42
100 43
100 48
100 49
100 50
100 52
100 58
100 59
100 65
100 68
100 71
100 79
100 80
100 82
100 84
100 95
100 100
