0 2
0 3
0 5
0 6
0 9
0 13
0 18
0 21
0 26
0 27
0 30
0 32
0 34
0 45
0 46
0 50
0 52
0 60
0 62
0 64
0 71
0 72
0 73
0 75
0 78
0 81
0 82
0 85
0 94
0 95
0 97
0 98
1 1
1 10
1 13
1 18
1 26
1 27
1 30
1 31
1 33
1 39
1 41
1 42
1 43
1 47
1 59
1 62
1 63
1 66
1 72
1 73
1 74
1 78
1 82
1 83
1 89
1 92
1 94
1 96
2 1
2 4
2 5
2 8
2 9
2 10
2 12
2 19
2 21
2 25
2 29
2 31
2 33
2 35
2 40
2 41
2 45
2 47
2 48
2 55
2 61
2 62
2 63
2 69
2 73
2 77
2 79
2 80
2 81
2 88
3 2
3 3
3 8
3 11
3 12
3 14
3 15
3 17
3 18
3 26
3 32
3 34
3 40
3 49
3 50
3 53
3 54
3 60
3 65
3 66
3 70
3 71
3 75
3 76
3 77
3 82
3 84
3 90
3 91
3 92
3 93
3 94
3 95
3 96
3 100
4 4
4 8
4 14
4 15
4 18
4 20
4 23
4 25
4 26
4 27
4 30
4 40
4 41
4 42
4 44
4 50
4 53
4 55
4 56
4 58
4 59
4 62
4 65
4 66
4 69
4 75
4 81
4 83
4 84
4 89
4 90
4 91
4 92
5 5
5 10
5 12
5 13
5 17
5 21
5 22
5 24
5 28
5 29
5 38
5 42
5 43
5 46
5 48
5 49
5 55
5 57
5 59
5 60
5 63
5 66
5 67
5 71
5 72
5 79
5 81
5 91
5 94
5 96
5 97
5 100
6 0
6 2
6 8
6 11
6 18
6 20
6 21
6 23
6 29
6 31
6 32
6 33
6 36
6 39
6 44
6 47
6 51
6 52
6 56
6 62
6 68
6 71
6 80
6 87
6 89
6 93
6 97
6 99
6 100
7 5
7 6
7 8
7 10
7 15
7 16
7 19
7 30
7 42
7 44
7 45
7 47
7 51
7 52
7 54
7 55
7 56
7 57
7 59
7 60
7 62
7 71
7 85
7 86
7 87
7 90
7 94
7 95
7 97
7 98
7 100
8 1
8 2
8 6
8 8
8 11
8 12
8 14
8 15
8 17
8 19
8 24
8 25
8 30
8 34
8 36
8 43
8 50
8 57
8 58
8 59
8 67
8 68
8 70
8 72
8 75
8 76
8 77
8 83
8 84
8 89
8 98
9 1
9 6
9 7
9 11
9 15
9 18
9 21
9 28
9 34
9 35
9 37
9 39
9 46
9 54
9 55
9 59
9 61
9 62
9 69
9 71
9 73
9 75
9 77
9 78
9 81
9 83
9 84
9 87
9 89
9 90
9 91
10 1
10 5
10 6
10 10
10 13
10 17
10 23
10 24
10 25
10 28
10 30
10 39
10 42
10 43
10 48
10 51
10 52
10 56
10 62
10 63
10 66
10 72
10 78
10 81
10 84
10 89
10 91
10 93
10 97
10 99
11 8
11 10
11 12
11 20
11 21
11 23
11 27
11 29
11 35
11 36
11 37
11 42
11 43
11 44
11 46
11 51
11 56
11 58
11 63
11 68
11 71
11 77
11 78
11 79
11 82
11 88
11 90
11 92
11 94
11 95
11 97
11 98
11 100
12 0
12 1
12 2
12 3
12 7
12 8
12 11
12 13
12 14
12 15
12 19
12 22
12 29
12 31
12 32
12 33
12 39
12 40
12 41
12 53
12 56
12 62
12 65
12 66
12 68
12 70
12 71
12 77
12 80
12 82
12 84
12 86
12 87
12 88
12 89
12 91
12 95
12 97
12 99
13 1
13 2
13 4
13 6
13 8
13 14
13 15
13 17
13 19
13 24
13 29
13 34
13 35
13 39
13 44
13 45
13 51
13 54
13 55
13 57
13 61
13 64
13 66
13 72
13 73
13 77
13 78
13 80
13 81
13 86
13 87
13 88
13 90
13 92
14 1
14 2
14 4
14 10
14 12
14 15
14 17
14 27
14 28
14 36
14 38
14 50
14 55
14 58
14 59
14 60
14 64
14 68
14 69
14 71
14 73
14 75
14 79
14 84
14 91
14 98
15 2
15 7
15 8
15 9
15 16
15 19
15 21
15 27
15 35
15 36
15 37
15 45
15 49
15 51
15 53
15 54
15 61
15 65
15 72
15 74
15 75
15 76
15 82
15 83
15 84
15 87
15 90
15 91
15 92
15 96
15 99
15 100
16 6
16 7
16 9
16 10
16 16
16 21
16 23
16 25
16 28
16 29
16 36
16 39
16 41
16 42
16 44
16 47
16 52
16 53
16 60
16 67
16 69
16 70
16 71
16 79
16 82
16 83
16 84
16 87
16 88
16 90
16 95
16 97
16 98
17 0
17 2
17 4
17 8
17 18
17 24
17 27
17 30
17 31
17 38
17 42
17 43
17 49
17 50
17 54
17 61
17 68
17 70
17 71
17 72
17 76
17 78
17 79
17 82
17 83
17 84
17 85
17 88
17 93
17 94
17 100
18 1
18 4
18 7
18 13
18 15
18 16
18 22
18 23
18 24
18 26
18 27
18 29
18 31
18 33
18 37
18 45
18 47
18 49
18 63
18 65
18 69
18 72
18 73
18 76
18 77
18 78
18 80
18 81
18 85
18 87
18 88
18 89
18 90
18 96
18 100
19 1
19 2
19 10
19 13
19 19
19 21
19 22
19 25
19 26
19 27
19 32
19 33
19 41
19 42
19 43
19 52
19 55
19 62
19 68
19 69
19 77
19 78
19 80
19 83
19 85
19 89
19 90
19 95
19 97
19 99
19 100
20 5
20 6
20 12
20 13
20 15
20 17
20 22
20 23
20 27
20 29
20 39
20 46
20 47
20 51
20 52
20 53
20 56
20 58
20 60
20 61
20 62
20 63
20 74
20 80
20 83
20 85
20 86
20 90
20 94
20 98
21 0
21 7
21 8
21 10
21 14
21 16
21 20
21 21
21 23
21 24
21 27
21 29
21 30
21 31
21 32
21 33
21 39
21 40
21 46
21 51
21 53
21 54
21 57
21 60
21 65
21 66
21 67
21 68
21 70
21 76
21 87
21 89
21 90
21 93
21 94
21 95
22 1
22 2
22 4
22 9
22 10
22 15
22 25
22 31
22 32
22 40
22 42
22 49
22 51
22 57
22 61
22 65
22 68
22 72
22 74
22 78
22 81
22 87
22 89
22 92
22 93
23 7
23 20
23 21
23 22
23 26
23 27
23 32
23 33
23 44
23 49
23 51
23 57
23 58
23 60
23 61
23 62
23 63
23 64
23 71
23 77
23 84
23 85
23 95
23 100
24 0
24 8
24 10
24 11
24 12
24 13
24 14
24 18
24 23
24 25
24 27
24 34
24 35
24 36
24 39
24 43
24 46
24 47
24 50
24 52
24 54
24 56
24 59
24 60
24 63
24 66
24 68
24 76
24 81
24 84
24 86
24 87
24 95
25 6
25 9
25 10
25 11
25 19
25 25
25 26
25 28
25 29
25 42
25 47
25 51
25 52
25 53
25 54
25 61
25 71
25 73
25 84
25 85
25 86
25 88
25 91
25 92
25 94
25 96
25 97
25 98
26 2
26 3
26 10
26 11
26 17
26 18
26 23
26 25
26 29
26 33
26 34
26 35
26 38
26 40
26 44
26 45
26 47
26 52
26 56
26 58
26 61
26 63
26 71
26 74
26 78
26 86
26 87
26 91
26 94
26 96
27 0
27 1
27 4
27 6
27 7
27 23
27 24
27 33
27 35
27 38
27 39
27 41
27 44
27 45
27 46
27 51
27 52
27 57
27 58
27 61
27 70
27 75
27 76
27 78
27 85
27 89
27 90
27 91
27 92
27 95
27 97
28 4
28 8
28 9
28 12
28 16
28 19
28 20
28 23
28 24
28 25
28 27
28 31
28 32
28 36
28 42
28 43
28 46
28 48
28 51
28 53
28 62
28 71
28 73
28 75
28 78
28 79
28 80
28 82
28 85
28 90
28 95
28 99
29 3
29 8
29 9
29 12
29 13
29 20
29 26
29 29
29 33
29 42
29 49
29 54
29 56
29 57
29 58
29 67
29 68
29 72
29 74
29 80
29 86
29 90
29 92
29 93
29 95
29 96
29 98
29 100
30 0
30 10
30 11
30 12
30 17
30 20
30 23
30 29
30 32
30 33
30 38
30 45
30 55
30 57
30 60
30 62
30 63
30 70
30 72
30 74
30 75
30 79
30 80
30 84
30 86
30 92
30 99
30 100
31 5
31 8
31 9
31 10
31 12
31 16
31 18
31 20
31 22
31 23
31 27
31 29
31 37
31 40
31 45
31 51
31 52
31 55
31 58
31 60
31 61
31 68
31 71
31 74
31 76
31 78
31 80
31 81
31 87
31 92
31 93
32 3
32 4
32 6
32 12
32 21
32 23
32 30
32 34
32 36
32 39
32 40
32 42
32 46
32 47
32 49
32 52
32 54
32 55
32 60
32 61
32 66
32 74
32 75
32 76
32 81
32 84
32 96
32 97
32 100
33 0
33 5
33 7
33 8
33 15
33 20
33 27
33 30
33 35
33 36
33 37
33 46
33 50
33 53
33 58
33 64
33 68
33 70
33 75
33 76
33 77
33 82
33 84
33 87
33 88
33 91
34 1
34 2
34 5
34 15
34 17
34 18
34 19
34 25
34 31
34 32
34 34
34 36
34 37
34 38
34 41
34 45
34 46
34 47
34 50
34 61
34 63
34 66
34 67
34 70
34 74
34 80
34 83
34 85
34 86
34 87
34 90
34 95
34 99
35 1
35 2
35 5
35 8
35 11
35 12
35 14
35 16
35 21
35 27
35 35
35 36
35 38
35 39
35 40
35 48
35 56
35 59
35 60
35 63
35 64
35 66
35 68
35 70
35 80
35 87
35 92
35 98
35 100
36 5
36 7
36 8
36 9
36 10
36 12
36 20
36 22
36 28
36 30
36 32
36 33
36 36
36 38
36 39
36 43
36 46
36 49
36 53
36 58
36 62
36 63
36 66
36 71
36 76
36 82
36 87
36 92
37 7
37 8
37 11
37 23
37 31
37 33
37 40
37 43
37 53
37 55
37 56
37 57
37 62
37 66
37 75
37 76
37 79
37 83
37 85
37 89
37 92
37 94
38 2
38 3
38 5
38 7
38 11
38 14
38 15
38 17
38 18
38 22
38 26
38 32
38 33
38 37
38 40
38 45
38 48
38 49
38 50
38 52
38 54
38 55
38 58
38 65
38 68
38 73
38 80
38 82
38 87
38 88
38 89
38 91
38 93
38 96
38 99
38 100
39 2
39 6
39 8
39 9
39 14
39 15
39 17
39 21
39 24
39 29
39 35
39 38
39 40
39 41
39 44
39 47
39 54
39 62
39 63
39 66
39 67
39 69
39 70
39 82
39 92
39 94
39 97
40 0
40 3
40 6
40 9
40 12
40 14
40 17
40 18
40 19
40 20
40 30
40 32
40 33
40 36
40 37
40 42
40 43
40 45
40 46
40 48
40 49
40 60
40 64
40 70
40 79
40 80
40 82
40 83
40 87
40 90
41 8
41 10
41 13
41 14
41 17
41 22
41 28
41 29
41 32
41 35
41 36
41 40
41 41
41 42
41 43
41 50
41 59
41 61
41 64
41 65
41 67
41 72
41 75
41 80
41 82
41 85
41 93
42 0
42 3
42 8
42 9
42 12
42 26
42 27
42 31
42 36
42 42
42 45
42 51
42 54
42 56
42 61
42 62
42 66
42 68
42 72
42 74
42 75
42 79
42 83
42 86
42 89
42 92
42 100
43 6
43 7
43 11
43 20
43 23
43 28
43 29
43 31
43 36
43 38
43 45
43 49
43 52
43 54
43 56
43 63
43 64
43 65
43 67
43 71
43 75
43 80
43 85
43 86
43 90
43 92
43 93
43 96
43 100
44 2
44 6
44 9
44 14
44 15
44 22
44 24
44 26
44 27
44 28
44 33
44 34
44 35
44 39
44 43
44 46
44 50
44 56
44 64
44 65
44 72
44 73
44 74
44 77
44 80
44 81
44 83
44 86
44 88
44 90
44 95
45 1
45 10
45 11
45 12
45 13
45 14
45 18
45 23
45 26
45 29
45 31
45 32
45 34
45 35
45 38
45 39
45 40
45 49
45 56
45 70
45 75
45 80
45 83
45 90
45 91
45 93
45 94
45 100
46 5
46 9
46 10
46 19
46 21
46 22
46 23
46 26
46 28
46 30
46 33
46 40
46 56
46 58
46 59
46 66
46 84
46 96
47 6
47 7
47 16
47 24
47 25
47 26
47 29
47 31
47 32
47 34
47 36
47 37
47 43
47 45
47 48
47 50
47 56
47 58
47 62
47 67
47 71
47 72
47 76
47 81
47 90
47 91
47 93
47 95
47 97
48 0
48 2
48 4
48 5
48 14
48 15
48 17
48 18
48 22
48 23
48 25
48 26
48 27
48 30
48 31
48 33
48 42
48 46
48 48
48 52
48 56
48 61
48 62
48 63
48 65
48 67
48 69
48 72
48 74
48 79
48 83
48 86
48 88
48 90
48 91
48 97
49 1
49 10
49 14
49 17
49 22
49 24
49 25
49 27
49 28
49 29
49 30
49 34
49 48
49 50
49 57
49 60
49 62
49 65
49 68
49 70
49 73
49 78
49 80
49 83
49 87
49 100
50 0
50 1
50 2
50 8
50 17
50 21
50 26
50 28
50 30
50 31
50 32
50 33
50 37
50 40
50 41
50 42
50 46
50 47
50 50
50 54
50 55
50 62
50 65
50 78
50 79
50 80
50 82
50 85
50 87
50 95
51 2
51 3
51 18
51 21
51 22
51 23
51 27
51 29
51 31
51 36
51 37
51 41
51 49
51 52
51 55
51 56
51 57
51 58
51 61
51 62
51 66
51 68
51 69
51 71
51 76
51 92
51 98
52 1
52 2
52 5
52 12
52 13
52 16
52 17
52 19
52 24
52 25
52 27
52 28
52 38
52 42
52 45
52 49
52 51
52 52
52 54
52 57
52 59
52 64
52 65
52 69
52 71
52 72
52 73
52 74
52 85
52 87
52 88
52 90
52 93
52 96
53 2
53 3
53 6
53 7
53 8
53 15
53 16
53 20
53 24
53 25
53 26
53 27
53 29
53 30
53 32
53 33
53 36
53 41
53 44
53 51
53 53
53 55
53 56
53 60
53 61
53 63
53 65
53 67
53 74
53 85
53 92
53 93
53 94
53 95
53 98
53 99
53 100
54 2
54 7
54 9
54 11
54 19
54 25
54 26
54 27
54 29
54 31
54 36
54 40
54 41
54 51
54 53
54 54
54 56
54 58
54 64
54 65
54 66
54 70
54 72
54 74
54 79
54 83
54 85
54 95
54 98
54 99
55 1
55 2
55 10
55 13
55 18
55 19
55 20
55 27
55 28
55 32
55 33
55 35
55 36
55 37
55 39
55 41
55 44
55 48
55 50
55 52
55 53
55 54
55 55
55 60
55 64
55 68
55 70
55 74
55 76
55 81
55 83
55 85
55 86
55 95
55 96
55 98
56 1
56 3
56 9
56 10
56 12
56 13
56 14
56 19
56 20
56 21
56 22
56 26
56 28
56 30
56 31
56 32
56 33
56 34
56 40
56 43
56 47
56 50
56 51
56 54
56 58
56 61
56 65
56 69
56 71
56 72
56 73
56 74
56 76
56 79
56 80
56 81
56 89
56 90
56 93
56 95
57 7
57 12
57 13
57 14
57 15
57 19
57 23
57 24
57 25
57 27
57 33
57 48
57 51
57 52
57 54
57 55
57 56
57 60
57 61
57 62
57 63
57 78
57 80
57 85
57 87
57 89
57 95
57 96
57 99
58 2
58 6
58 8
58 10
58 17
58 18
58 24
58 33
58 39
58 40
58 41
58 42
58 43
58 49
58 51
58 59
58 60
58 62
58 63
58 69
58 77
58 78
58 79
58 82
58 84
58 85
58 88
58 90
58 92
58 95
58 97
58 98
59 4
59 7
59 10
59 12
59 22
59 23
59 28
59 30
59 33
59 40
59 41
59 42
59 43
59 45
59 47
59 49
59 57
59 64
59 65
59 71
59 74
59 77
59 79
59 80
59 86
59 89
59 94
59 98
60 7
60 10
60 15
60 16
60 21
60 32
60 34
60 41
60 43
60 47
60 48
60 50
60 54
60 59
60 60
60 68
60 71
60 73
60 76
60 81
60 84
60 88
60 90
60 91
60 92
60 96
61 4
61 8
61 12
61 13
61 16
61 20
61 21
61 27
61 31
61 35
61 36
61 37
61 39
61 43
61 46
61 54
61 57
61 59
61 60
61 63
61 66
61 68
61 69
61 76
61 90
61 97
61 98
61 99
62 0
62 2
62 7
62 13
62 14
62 22
62 24
62 25
62 28
62 34
62 36
62 37
62 39
62 40
62 41
62 44
62 45
62 46
62 52
62 58
62 60
62 67
62 69
62 70
62 71
62 73
62 75
62 76
62 83
62 85
62 89
62 90
62 96
62 98
63 0
63 2
63 9
63 10
63 18
63 21
63 25
63 27
63 32
63 33
63 34
63 42
63 47
63 55
63 58
63 60
63 63
63 65
63 68
63 71
63 73
63 75
63 79
63 82
63 83
63 84
63 86
63 87
63 88
63 89
63 91
63 94
63 95
63 96
63 99
64 0
64 3
64 5
64 8
64 12
64 19
64 20
64 21
64 23
64 29
64 37
64 40
64 41
64 44
64 49
64 51
64 53
64 58
64 61
64 66
64 70
64 75
64 78
64 84
64 89
64 90
64 97
64 99
64 100
65 2
65 6
65 7
65 8
65 10
65 12
65 14
65 22
65 23
65 27
65 28
65 29
65 31
65 40
65 46
65 50
65 55
65 59
65 60
65 61
65 62
65 63
65 64
65 65
65 67
65 69
65 72
65 73
65 81
65 84
65 88
65 90
65 94
65 96
66 0
66 4
66 13
66 15
66 17
66 20
66 26
66 29
66 30
66 31
66 37
66 39
66 43
66 60
66 61
66 62
66 63
66 64
66 69
66 73
66 78
66 79
66 80
66 83
66 84
66 85
66 86
66 88
66 89
66 99
67 4
67 7
67 8
67 9
67 14
67 15
67 17
67 18
67 27
67 32
67 33
67 34
67 35
67 37
67 39
67 40
67 46
67 48
67 50
67 51
67 60
67 62
67 64
67 65
67 67
67 70
67 78
67 79
67 80
67 81
67 83
67 85
67 87
67 91
67 96
67 97
67 99
68 1
68 2
68 5
68 7
68 10
68 14
68 15
68 16
68 18
68 21
68 23
68 24
68 30
68 33
68 35
68 39
68 40
68 41
68 45
68 47
68 52
68 54
68 68
68 70
68 71
68 72
68 75
68 77
68 81
68 84
68 88
68 92
68 96
68 98
68 100
69 4
69 6
69 12
69 14
69 16
69 20
69 22
69 27
69 28
69 30
69 35
69 37
69 38
69 45
69 49
69 50
69 54
69 56
69 58
69 60
69 61
69 62
69 65
69 69
69 74
69 87
69 89
69 90
70 0
70 2
70 6
70 7
70 10
70 14
70 15
70 21
70 22
70 24
70 25
70 28
70 31
70 33
70 37
70 40
70 44
70 54
70 55
70 56
70 57
70 58
70 59
70 61
70 65
70 67
70 70
70 72
70 78
70 81
70 82
70 89
70 91
70 93
70 94
70 97
71 3
71 5
71 9
71 13
71 15
71 17
71 27
71 32
71 38
71 39
71 42
71 45
71 46
71 52
71 56
71 59
71 60
71 61
71 63
71 65
71 66
71 68
71 69
71 71
71 76
71 78
71 84
71 86
71 91
72 0
72 1
72 2
72 4
72 14
72 15
72 19
72 31
72 32
72 33
72 37
72 44
72 47
72 50
72 56
72 57
72 61
72 62
72 63
72 64
72 67
72 72
72 74
72 77
72 78
72 80
72 82
72 85
72 86
72 87
72 88
72 94
72 98
72 99
73 1
73 3
73 5
73 8
73 11
73 14
73 15
73 17
73 20
73 21
73 22
73 23
73 24
73 29
73 30
73 34
73 39
73 42
73 45
73 46
73 49
73 54
73 62
73 63
73 67
73 77
73 82
73 83
73 89
73 90
73 93
74 2
74 4
74 5
74 9
74 15
74 17
74 18
74 19
74 20
74 23
74 26
74 27
74 28
74 34
74 36
74 37
74 38
74 46
74 51
74 53
74 59
74 62
74 64
74 65
74 68
74 70
74 74
74 75
74 77
74 78
74 80
74 89
74 94
74 100
75 0
75 1
75 6
75 12
75 17
75 22
75 23
75 26
75 27
75 28
75 33
75 36
75 44
75 48
75 52
75 53
75 56
75 59
75 60
75 61
75 63
75 64
75 66
75 67
75 68
75 77
75 78
75 82
75 87
75 90
76 1
76 2
76 5
76 6
76 10
76 12
76 13
76 15
76 17
76 19
76 25
76 26
76 28
76 29
76 33
76 34
76 43
76 45
76 47
76 49
76 50
76 51
76 62
76 63
76 64
76 65
76 67
76 72
76 76
76 85
76 86
76 89
76 98
76 99
77 3
77 9
77 11
77 15
77 17
77 25
77 26
77 33
77 36
77 37
77 45
77 47
77 50
77 58
77 61
77 62
77 63
77 66
77 67
77 68
77 78
77 79
77 84
77 86
77 90
77 97
77 98
77 99
77 100
78 6
78 9
78 10
78 11
78 12
78 21
78 23
78 24
78 28
78 30
78 32
78 33
78 36
78 37
78 43
78 51
78 52
78 55
78 66
78 77
78 79
78 82
78 85
78 90
78 93
78 95
78 98
78 99
79 1
79 6
79 7
79 9
79 10
79 14
79 20
79 26
79 27
79 29
79 38
79 39
79 42
79 44
79 48
79 55
79 59
79 61
79 62
79 65
79 66
79 67
79 73
79 79
79 81
79 82
79 83
79 84
79 88
79 89
79 90
80 5
80 8
80 9
80 12
80 14
80 15
80 26
80 27
80 34
80 39
80 41
80 43
80 46
80 48
80 51
80 53
80 55
80 56
80 58
80 61
80 63
80 64
80 66
80 68
80 75
80 77
80 86
80 93
80 95
80 96
80 97
81 1
81 4
81 7
81 8
81 9
81 12
81 14
81 22
81 25
81 29
81 30
81 46
81 47
81 61
81 64
81 70
81 72
81 75
81 76
81 77
81 78
81 88
81 91
81 100
82 6
82 8
82 9
82 10
82 11
82 12
82 15
82 19
82 22
82 26
82 28
82 30
82 31
82 36
82 39
82 40
82 42
82 43
82 44
82 50
82 54
82 56
82 57
82 67
82 71
82 72
82 74
82 75
82 76
82 77
82 79
82 80
82 84
82 85
82 86
82 90
83 0
83 5
83 8
83 10
83 13
83 16
83 18
83 25
83 26
83 27
83 35
83 37
83 50
83 51
83 59
83 60
83 61
83 63
83 65
83 67
83 68
83 69
83 71
83 74
83 75
83 76
83 82
83 89
83 94
83 100
84 0
84 2
84 4
84 5
84 7
84 11
84 14
84 17
84 20
84 26
84 29
84 33
84 34
84 35
84 42
84 47
84 50
84 58
84 60
84 64
84 69
84 70
84 71
84 72
84 73
84 74
84 79
84 82
84 83
84 88
84 93
84 94
84 97
85 0
85 5
85 6
85 7
85 14
85 15
85 16
85 17
85 22
85 31
85 33
85 36
85 39
85 41
85 43
85 44
85 46
85 47
85 48
85 50
85 52
85 55
85 57
85 62
85 64
85 70
85 72
85 73
85 75
85 77
85 79
85 84
85 85
85 86
85 89
85 91
85 94
85 97
85 99
86 1
86 3
86 9
86 14
86 19
86 20
86 23
86 25
86 28
86 32
86 36
86 38
86 40
86 42
86 43
86 44
86 45
86 47
86 49
86 56
86 57
86 64
86 70
86 72
86 75
86 76
86 77
86 80
86 82
86 84
86 87
86 89
86 91
86 92
86 93
86 94
86 95
87 1
87 3
87 4
87 5
87 12
87 16
87 18
87 22
87 23
87 24
87 25
87 33
87 34
87 41
87 43
87 45
87 52
87 56
87 63
87 66
87 68
87 70
87 76
87 78
87 85
87 86
88 0
88 1
88 12
88 14
88 19
88 21
88 22
88 25
88 27
88 35
88 41
88 44
88 46
88 57
88 60
88 61
88 70
88 73
88 75
88 79
88 88
88 90
88 92
88 100
89 1
89 8
89 13
89 15
89 16
89 21
89 25
89 29
89 30
89 35
89 40
89 41
89 42
89 51
89 55
89 61
89 62
89 64
89 69
89 70
89 71
89 75
89 77
89 78
89 80
89 81
89 89
89 93
90 1
90 5
90 7
90 14
90 15
90 19
90 21
90 25
90 26
90 27
90 31
90 33
90 34
90 36
90 38
90 40
90 42
90 45
90 50
90 51
90 52
90 56
90 59
90 60
90 64
90 66
90 68
90 75
90 76
90 80
90 82
90 86
90 96
90 98
91 5
91 6
91 8
91 13
91 16
91 20
91 22
91 24
91 28
91 35
91 41
91 46
91 57
91 62
91 64
91 66
91 67
91 68
91 71
91 74
91 76
91 83
91 85
92 4
92 6
92 9
92 11
92 15
92 16
92 17
92 19
92 22
92 25
92 29
92 31
92 32
92 35
92 36
92 38
92 40
92 41
92 51
92 54
92 57
92 62
92 64
92 65
92 67
92 68
92 71
92 74
92 75
92 76
92 78
92 81
92 87
92 89
92 90
93 5
93 10
93 17
93 18
93 21
93 26
93 31
93 39
93 43
93 50
93 52
93 55
93 56
93 59
93 64
93 66
93 69
93 74
93 79
93 81
93 83
93 87
93 89
93 95
93 97
93 98
93 100
94 2
94 8
94 13
94 17
94 18
94 25
94 26
94 27
94 28
94 31
94 37
94 39
94 41
94 46
94 47
94 60
94 61
94 62
94 67
94 69
94 86
94 87
94 92
94 95
94 100
95 1
95 2
95 6
95 7
95 11
95 14
95 16
95 17
95 21
95 23
95 44
95 47
95 48
95 51
95 56
95 62
95 63
95 66
95 73
95 76
95 78
95 79
95 82
95 84
95 86
95 89
95 91
95 92
95 93
95 95
95 96
95 99
96 1
96 2
96 3
96 4
96 5
96 11
96 17
96 24
96 25
96 28
96 29
96 30
96 36
96 44
96 51
96 54
96 55
96 61
96 62
96 64
96 66
96 67
96 68
96 77
96 82
96 84
96 86
96 87
96 89
96 95
96 96
96 98
96 99
97 3
97 6
97 13
97 15
97 22
97 24
97 25
97 29
97 32
97 44
97 45
97 47
97 51
97 53
97 54
97 58
97 61
97 63
97 65
97 68
97 71
97 74
97 87
97 90
97 91
97 92
97 94
97 97
98 1
98 3
98 4
98 5
98 9
98 12
98 13
98 14
98 19
98 20
98 21
98 22
98 28
98 33
98 35
98 36
98 37
98 41
98 42
98 45
98 48
98 53
98 54
98 60
98 62
98 70
98 72
98 77
98 82
98 84
98 86
98 87
98 89
98 91
98 92
98 99
99 2
99 11
99 17
99 23
99 26
99 29
99 30
99 33
99 34
99 38
99 40
99 41
99 44
99 46
99 47
99 48
99 56
99 60
99 61
99 62
99 67
99 71
99 72
99 73
99 79
99 81
99 84
99 96
99 97
99 98
99 100
100 11
100 21
100 23
100 25
100 26
100 28
100 32
100 35
100 40
100 43
100 44
100 45
100 46
100 49
100 50
100 56
100 59
100 65
100 71
100 72
100 74
100 79
100 82
100 88
100 91
100 92
100 96
100 99
100 100
