0 3
0 4
0 11
0 15
0 17
0 22
0 24
0 28
0 33
0 36
0 39
0 40
0 43
0 44
0 51
0 53
0 54
0 60
0 61
0 69
0 70
0 73
0 83
0 84
0 85
0 93
0 94
0 97
1 1
1 5
1 6
1 8
1 9
1 14
1 20
1 23
1 26
1 27
1 28
1 32
1 34
1 37
1 38
1 44
1 46
1 47
1 48
1 54
1 55
1 56
1 59
1 62
1 63
1 64
1 66
1 70
1 75
1 83
1 97
1 98
2 0
2 4
2 5
2 7
2 8
2 15
2 17
2 20
2 22
2 23
2 32
2 34
2 37
2 43
2 46
2 52
2 54
2 55
2 66
2 67
2 68
2 71
2 79
2 81
2 82
2 87
2 90
2 92
2 93
2 95
2 97
2 98
2 100
3 8
3 9
3 11
3 18
3 21
3 31
3 33
3 34
3 37
3 38
3 41
3 47
3 51
3 58
3 59
3 60
3 62
3 63
3 64
3 66
3 68
3 69
3 70
3 72
3 77
3 84
3 86
3 87
3 89
3 94
3 99
4 1
4 2
4 5
4 6
4 7
4 8
4 10
4 15
4 17
4 20
4 24
4 30
4 32
4 33
4 38
4 40
4 43
4 46
4 47
4 52
4 56
4 62
4 63
4 69
4 70
4 75
4 78
4 87
4 90
4 91
4 92
4 97
5 0
5 3
5 5
5 9
5 14
5 19
5 20
5 21
5 28
5 29
5 32
5 35
5 38
5 39
5 43
5 46
5 52
5 56
5 64
5 71
5 73
5 74
5 76
5 83
5 84
5 85
5 87
5 93
5 95
5 97
5 98
5 99
6 1
6 7
6 9
6 10
6 13
6 15
6 16
6 19
6 24
6 27
6 30
6 33
6 34
6 36
6 37
6 50
6 52
6 54
6 57
6 64
6 65
6 71
6 73
6 75
6 77
6 80
6 83
6 91
6 92
6 93
7 9
7 10
7 12
7 17
7 19
7 27
7 31
7 36
7 37
7 42
7 45
7 47
7 49
7 55
7 61
7 63
7 70
7 73
7 75
7 77
7 79
7 83
7 87
7 91
7 92
7 95
7 96
8 4
8 6
8 8
8 9
8 14
8 23
8 24
8 25
8 27
8 28
8 29
8 30
8 34
8 35
8 37
8 38
8 39
8 40
8 42
8 43
8 44
8 47
8 52
8 54
8 57
8 61
8 64
8 69
8 74
8 75
8 76
8 77
8 83
8 85
8 88
8 95
8 99
9 0
9 3
9 4
9 9
9 10
9 11
9 15
9 16
9 28
9 29
9 33
9 34
9 38
9 40
9 41
9 44
9 46
9 47
9 51
9 54
9 55
9 58
9 63
9 73
9 76
9 78
9 79
9 81
9 86
9 89
9 90
9 93
9 94
9 95
9 96
9 97
9 98
10 3
10 4
10 8
10 9
10 10
10 11
10 15
10 20
10 24
10 26
10 27
10 29
10 31
10 33
10 34
10 35
10 43
10 48
10 49
10 57
10 59
10 64
10 67
10 74
10 79
10 81
10 87
10 89
10 93
10 98
11 0
11 1
11 3
11 7
11 8
11 10
11 20
11 21
11 22
11 23
11 29
11 30
11 32
11 33
11 34
11 35
11 42
11 43
11 46
11 48
11 49
11 53
11 55
11 57
11 59
11 61
11 62
11 64
11 67
11 71
11 73
11 74
11 78
11 80
11 87
11 89
11 92
11 93
11 97
11 99
12 0
12 1
12 7
12 12
12 21
12 29
12 30
12 33
12 37
12 41
12 51
12 53
12 54
12 56
12 58
12 59
12 62
12 68
12 73
12 76
12 79
12 81
12 83
12 91
12 94
12 97
12 100
13 1
13 12
13 21
13 24
13 35
13 37
13 39
13 43
13 44
13 48
13 50
13 51
13 53
13 54
13 56
13 66
13 67
13 68
13 71
13 80
13 82
13 94
13 96
13 98
14 6
14 10
14 14
14 15
14 19
14 26
14 32
14 34
14 44
14 46
14 48
14 50
14 52
14 56
14 58
14 59
14 62
14 65
14 69
14 80
14 81
14 82
14 88
14 89
14 90
14 93
14 98
15 1
15 2
15 6
15 10
15 12
15 16
15 17
15 18
15 25
15 26
15 38
15 42
15 46
15 49
15 51
15 55
15 59
15 63
15 66
15 73
15 74
15 75
15 83
15 84
15 86
15 87
15 88
15 91
15 92
15 94
15 100
16 0
16 2
16 5
16 6
16 7
16 10
16 17
16 21
16 22
16 25
16 27
16 29
16 31
16 34
16 35
16 36
16 37
16 41
16 43
16 44
16 46
16 48
16 51
16 57
16 59
16 64
16 65
16 73
16 75
16 78
16 85
16 86
16 96
16 99
17 4
17 8
17 13
17 14
17 20
17 24
17 26
17 28
17 30
17 33
17 34
17 35
17 36
17 42
17 59
17 60
17 64
17 74
17 76
17 80
17 83
17 90
17 98
17 99
18 2
18 4
18 9
18 11
18 13
18 14
18 16
18 17
18 18
18 21
18 27
18 30
18 31
18 33
18 37
18 44
18 49
18 52
18 55
18 63
18 64
18 66
18 68
18 71
18 75
18 78
18 80
18 87
18 89
18 93
18 100
19 6
19 7
19 8
19 9
19 10
19 11
19 13
19 16
19 25
19 30
19 33
19 36
19 37
19 41
19 45
19 47
19 48
19 57
19 59
19 62
19 67
19 69
19 70
19 71
19 73
19 77
19 79
19 84
19 92
19 93
19 94
19 97
20 5
20 18
20 26
20 27
20 31
20 33
20 34
20 38
20 41
20 53
20 65
20 67
20 68
20 70
20 71
20 74
20 76
20 77
20 81
20 83
20 91
20 96
21 1
21 4
21 12
21 15
21 18
21 21
21 22
21 26
21 28
21 30
21 34
21 38
21 40
21 41
21 51
21 52
21 55
21 60
21 61
21 64
21 74
21 75
21 82
21 84
21 87
21 89
21 92
21 99
22 4
22 6
22 7
22 9
22 12
22 14
22 15
22 17
22 20
22 21
22 27
22 28
22 33
22 36
22 38
22 41
22 46
22 53
22 54
22 57
22 61
22 64
22 67
22 68
22 71
22 72
22 74
22 75
22 81
22 83
22 89
22 92
22 98
22 100
23 2
23 4
23 11
23 12
23 13
23 14
23 16
23 17
23 20
23 25
23 26
23 36
23 40
23 43
23 50
23 56
23 57
23 58
23 60
23 68
23 73
23 74
23 77
23 81
23 82
23 84
23 85
23 89
23 90
23 94
23 95
23 96
23 97
23 98
23 100
24 1
24 3
24 10
24 19
24 20
24 21
24 23
24 25
24 35
24 36
24 41
24 47
24 48
24 51
24 57
24 59
24 62
24 69
24 71
24 72
24 74
24 76
24 86
24 87
24 88
24 89
24 95
24 97
24 99
24 100
25 3
25 5
25 7
25 9
25 14
25 17
25 22
25 28
25 37
25 39
25 44
25 46
25 50
25 51
25 57
25 59
25 60
25 61
25 65
25 67
25 68
25 72
25 76
25 80
25 82
25 89
25 91
25 92
25 93
25 97
25 99
26 6
26 8
26 12
26 26
26 28
26 32
26 33
26 36
26 40
26 43
26 44
26 45
26 49
26 51
26 53
26 57
26 59
26 65
26 68
26 70
26 71
26 75
26 83
26 86
26 91
26 94
27 5
27 10
27 12
27 14
27 18
27 24
27 30
27 37
27 47
27 48
27 53
27 57
27 60
27 62
27 66
27 70
27 86
27 90
27 95
27 100
28 0
28 15
28 16
28 18
28 19
28 20
28 21
28 24
28 25
28 26
28 30
28 33
28 34
28 39
28 42
28 50
28 59
28 63
28 68
28 71
28 75
28 76
28 82
28 83
28 96
29 0
29 5
29 7
29 8
29 10
29 13
29 15
29 19
29 21
29 26
29 34
29 44
29 49
29 51
29 53
29 54
29 55
29 59
29 62
29 64
29 65
29 69
29 77
29 82
29 84
29 89
29 92
29 93
29 100
30 0
30 2
30 5
30 9
30 16
30 19
30 25
30 27
30 32
30 35
30 37
30 41
30 43
30 45
30 49
30 50
30 52
30 58
30 62
30 65
30 77
30 78
30 80
30 82
30 87
30 89
30 95
30 98
30 99
31 0
31 3
31 6
31 7
31 9
31 15
31 23
31 27
31 28
31 31
31 34
31 35
31 37
31 39
31 43
31 49
31 50
31 51
31 58
31 60
31 61
31 64
31 65
31 67
31 68
31 69
31 70
31 75
31 81
31 92
31 97
31 99
32 7
32 9
32 11
32 13
32 14
32 15
32 19
32 21
32 24
32 25
32 26
32 37
32 38
32 40
32 44
32 55
32 58
32 59
32 60
32 62
32 63
32 66
32 69
32 71
32 75
32 81
32 85
32 87
32 88
32 94
32 98
33 5
33 6
33 12
33 15
33 18
33 20
33 23
33 33
33 34
33 35
33 38
33 43
33 46
33 47
33 48
33 53
33 54
33 57
33 58
33 60
33 61
33 62
33 66
33 67
33 70
33 72
33 81
33 83
33 86
33 89
33 90
33 94
33 96
33 100
34 6
34 14
34 20
34 31
34 32
34 34
34 37
34 39
34 41
34 47
34 48
34 52
34 55
34 59
34 62
34 68
34 71
34 72
34 76
34 77
34 78
34 82
34 84
34 86
34 87
34 91
34 93
34 95
35 4
35 6
35 13
35 19
35 25
35 26
35 27
35 28
35 32
35 35
35 38
35 43
35 47
35 59
35 69
35 71
35 77
35 87
35 89
35 90
35 91
35 92
35 93
35 98
36 1
36 2
36 5
36 6
36 9
36 14
36 17
36 18
36 23
36 31
36 35
36 42
36 44
36 49
36 50
36 54
36 57
36 61
36 62
36 63
36 64
36 65
36 74
36 77
36 78
36 80
36 83
36 87
36 90
36 91
36 92
36 94
36 98
37 6
37 7
37 11
37 14
37 24
37 27
37 33
37 45
37 48
37 53
37 55
37 58
37 60
37 61
37 70
37 71
37 72
37 75
37 78
37 81
37 82
37 87
37 88
37 89
37 90
37 92
37 96
37 99
38 2
38 4
38 11
38 13
38 15
38 18
38 20
38 28
38 38
38 39
38 58
38 61
38 62
38 64
38 71
38 73
38 77
38 79
38 88
38 92
38 93
38 98
39 0
39 6
39 7
39 8
39 16
39 18
39 19
39 28
39 32
39 33
39 34
39 38
39 46
39 55
39 56
39 63
39 64
39 69
39 72
39 77
39 78
39 79
39 80
39 86
39 90
39 95
40 1
40 3
40 8
40 10
40 11
40 12
40 24
40 26
40 30
40 46
40 47
40 49
40 51
40 54
40 64
40 65
40 69
40 71
40 77
40 80
40 81
40 84
40 88
40 92
40 94
40 95
40 96
40 97
40 98
40 99
40 100
41 3
41 8
41 13
41 16
41 17
41 19
41 21
41 26
41 30
41 32
41 34
41 35
41 40
41 41
41 44
41 48
41 58
41 63
41 64
41 66
41 70
41 73
41 75
41 78
41 80
41 82
41 86
41 96
42 1
42 3
42 7
42 8
42 10
42 13
42 16
42 20
42 21
42 28
42 30
42 33
42 34
42 35
42 46
42 48
42 51
42 53
42 61
42 65
42 70
42 71
42 83
42 84
42 86
42 89
42 90
42 91
42 94
43 4
43 10
43 11
43 12
43 13
43 14
43 17
43 21
43 22
43 24
43 26
43 27
43 28
43 32
43 36
43 38
43 43
43 45
43 54
43 65
43 77
43 81
43 84
43 87
43 88
43 93
44 1
44 14
44 16
44 17
44 20
44 24
44 26
44 28
44 29
44 32
44 33
44 36
44 38
44 44
44 46
44 48
44 51
44 53
44 57
44 59
44 61
44 62
44 66
44 67
44 68
44 72
44 75
44 83
44 84
44 85
44 89
44 93
44 94
44 95
45 0
45 4
45 5
45 9
45 11
45 15
45 17
45 20
45 21
45 22
45 24
45 36
45 39
45 45
45 46
45 47
45 51
45 52
45 57
45 60
45 61
45 66
45 74
45 75
45 80
45 83
45 90
45 96
45 98
46 5
46 10
46 11
46 12
46 17
46 18
46 23
46 42
46 48
46 49
46 50
46 58
46 60
46 62
46 68
46 71
46 77
46 78
46 81
46 83
46 84
46 85
46 86
46 94
46 95
46 97
47 12
47 13
47 17
47 18
47 19
47 20
47 24
47 26
47 31
47 34
47 39
47 41
47 43
47 47
47 50
47 53
47 59
47 67
47 69
47 76
47 77
47 80
47 82
47 84
47 85
47 87
47 89
47 90
47 92
47 93
47 95
47 100
48 2
48 3
48 4
48 8
48 12
48 13
48 25
48 33
48 34
48 42
48 43
48 44
48 51
48 53
48 56
48 58
48 62
48 67
48 68
48 69
48 71
48 72
48 74
48 80
48 87
48 95
48 99
49 2
49 8
49 9
49 10
49 12
49 13
49 16
49 25
49 28
49 31
49 38
49 41
49 43
49 47
49 54
49 62
49 70
49 74
49 75
49 77
49 79
49 81
49 84
49 92
49 94
49 97
49 99
50 0
50 3
50 5
50 7
50 9
50 10
50 11
50 26
50 28
50 30
50 31
50 34
50 35
50 39
50 42
50 43
50 46
50 47
50 52
50 54
50 58
50 59
50 63
50 68
50 72
50 75
50 78
50 80
50 81
50 82
50 83
50 89
50 91
50 96
50 98
50 99
51 2
51 3
51 4
51 8
51 13
51 18
51 20
51 22
51 26
51 35
51 40
51 42
51 43
51 47
51 51
51 57
51 58
51 59
51 60
51 62
51 66
51 67
51 68
51 69
51 71
51 73
51 75
51 79
51 82
51 83
51 97
51 99
52 1
52 2
52 9
52 10
52 14
52 23
52 28
52 31
52 35
52 39
52 46
52 59
52 60
52 62
52 63
52 65
52 75
52 78
52 80
52 81
52 82
52 87
52 88
52 89
52 92
52 93
52 97
52 100
53 3
53 4
53 5
53 7
53 8
53 16
53 20
53 24
53 25
53 28
53 30
53 35
53 42
53 46
53 47
53 48
53 50
53 52
53 53
53 59
53 61
53 64
53 65
53 70
53 71
53 76
53 80
53 81
53 82
53 83
53 87
53 93
53 94
53 96
53 99
54 1
54 7
54 8
54 17
54 18
54 19
54 20
54 21
54 24
54 26
54 27
54 29
54 31
54 34
54 38
54 40
54 43
54 52
54 54
54 60
54 63
54 67
54 70
54 71
54 72
54 75
54 79
54 88
54 93
54 94
54 95
54 97
54 98
54 99
54 100
55 0
55 1
55 4
55 6
55 7
55 8
55 10
55 12
55 13
55 14
55 15
55 17
55 19
55 22
55 26
55 36
55 44
55 46
55 54
55 65
55 67
55 73
55 81
55 83
55 88
55 89
55 92
55 93
55 94
55 97
55 99
55 100
56 1
56 5
56 10
56 17
56 19
56 25
56 29
56 31
56 32
56 33
56 36
56 40
56 43
56 44
56 45
56 48
56 51
56 61
56 64
56 67
56 72
56 74
56 80
56 81
56 82
56 84
56 85
56 87
56 88
56 89
56 91
57 4
57 7
57 13
57 16
57 18
57 19
57 23
57 26
57 30
57 31
57 32
57 37
57 38
57 40
57 48
57 49
57 51
57 54
57 56
57 58
57 59
57 61
57 63
57 66
57 67
57 74
57 75
57 83
57 84
57 87
57 88
57 90
57 92
57 93
57 95
57 96
57 99
58 1
58 2
58 6
58 12
58 16
58 20
58 22
58 23
58 25
58 27
58 28
58 29
58 31
58 37
58 38
58 47
58 52
58 57
58 66
58 68
58 73
58 77
58 79
58 81
58 83
58 92
58 97
58 99
59 5
59 6
59 7
59 8
59 10
59 18
59 24
59 31
59 32
59 36
59 45
59 53
59 54
59 56
59 58
59 59
59 60
59 72
59 81
59 82
59 83
59 85
59 92
59 97
59 100
60 2
60 3
60 6
60 7
60 8
60 11
60 14
60 15
60 24
60 25
60 28
60 29
60 32
60 33
60 36
60 37
60 41
60 42
60 45
60 46
60 52
60 53
60 61
60 64
60 74
60 81
60 85
60 88
60 90
60 94
60 98
60 100
61 13
61 15
61 16
61 29
61 33
61 36
61 37
61 41
61 42
61 46
61 52
61 55
61 56
61 59
61 62
61 66
61 76
61 80
61 85
61 87
61 89
61 91
61 97
61 98
61 99
62 6
62 8
62 9
62 10
62 12
62 13
62 15
62 16
62 26
62 28
62 34
62 36
62 40
62 41
62 47
62 56
62 65
62 66
62 67
62 71
62 76
62 78
62 88
62 89
62 90
62 92
62 93
62 98
62 99
63 3
63 7
63 9
63 11
63 12
63 14
63 17
63 19
63 24
63 36
63 39
63 40
63 41
63 43
63 45
63 53
63 55
63 68
63 76
63 79
63 80
63 83
63 86
63 97
64 4
64 6
64 7
64 8
64 11
64 13
64 14
64 15
64 17
64 21
64 22
64 27
64 28
64 32
64 36
64 38
64 39
64 41
64 46
64 51
64 52
64 57
64 61
64 63
64 67
64 74
64 75
64 76
64 86
64 87
64 88
64 89
64 92
64 95
64 96
64 98
64 100
65 0
65 1
65 3
65 5
65 7
65 10
65 13
65 16
65 17
65 19
65 20
65 24
65 29
65 38
65 43
65 44
65 45
65 47
65 49
65 50
65 53
65 54
65 57
65 62
65 63
65 69
65 70
65 72
65 73
65 79
65 82
65 86
65 91
65 94
65 100
66 1
66 8
66 14
66 15
66 17
66 20
66 24
66 26
66 27
66 29
66 30
66 31
66 33
66 34
66 36
66 37
66 55
66 57
66 59
66 60
66 66
66 70
66 73
66 74
66 75
66 78
66 80
66 86
66 90
66 91
66 94
66 97
67 0
67 4
67 5
67 9
67 11
67 13
67 16
67 19
67 24
67 26
67 27
67 30
67 32
67 34
67 36
67 37
67 38
67 40
67 41
67 42
67 45
67 49
67 52
67 56
67 57
67 63
67 67
67 70
67 72
67 73
67 76
67 80
67 85
67 86
67 89
67 91
67 92
67 93
67 96
67 97
67 98
68 4
68 10
68 11
68 17
68 19
68 20
68 22
68 26
68 30
68 34
68 35
68 38
68 39
68 41
68 44
68 46
68 49
68 51
68 55
68 56
68 59
68 64
68 66
68 69
68 71
68 83
68 85
68 87
68 88
68 91
68 95
68 96
68 98
69 4
69 7
69 11
69 15
69 18
69 21
69 23
69 29
69 35
69 39
69 41
69 44
69 45
69 50
69 51
69 52
69 53
69 54
69 59
69 62
69 65
69 67
69 69
69 70
69 73
69 80
69 81
69 85
69 87
69 90
69 92
69 97
69 99
70 0
70 2
70 4
70 6
70 9
70 12
70 13
70 17
70 20
70 22
70 27
70 28
70 32
70 36
70 38
70 54
70 56
70 59
70 60
70 62
70 66
70 74
70 78
70 80
70 84
70 91
70 95
71 0
71 2
71 3
71 4
71 6
71 12
71 18
71 19
71 20
71 22
71 25
71 26
71 29
71 30
71 35
71 39
71 40
71 42
71 43
71 46
71 52
71 55
71 58
71 60
71 61
71 62
71 67
71 69
71 80
71 86
71 89
71 91
71 92
72 4
72 6
72 10
72 11
72 13
72 15
72 19
72 20
72 28
72 33
72 36
72 37
72 38
72 44
72 46
72 51
72 58
72 62
72 64
72 66
72 67
72 68
72 74
72 75
72 77
72 78
72 79
72 83
72 85
72 86
72 88
72 89
72 92
72 99
72 100
73 3
73 11
73 14
73 15
73 16
73 20
73 24
73 25
73 29
73 31
73 34
73 38
73 40
73 44
73 49
73 55
73 59
73 63
73 69
73 70
73 71
73 74
73 84
73 87
73 89
73 92
73 95
73 97
73 99
74 3
74 4
74 7
74 9
74 10
74 11
74 13
74 15
74 18
74 19
74 22
74 26
74 27
74 28
74 29
74 31
74 34
74 40
74 41
74 43
74 44
74 49
74 51
74 53
74 57
74 59
74 64
74 68
74 71
74 72
74 77
74 82
74 89
74 90
74 92
74 97
74 99
74 100
75 0
75 2
75 3
75 5
75 6
75 10
75 11
75 19
75 29
75 41
75 44
75 46
75 53
75 54
75 57
75 58
75 59
75 60
75 62
75 67
75 69
75 74
75 77
75 90
75 91
75 94
75 99
75 100
76 2
76 4
76 11
76 12
76 16
76 17
76 19
76 20
76 21
76 24
76 26
76 29
76 35
76 42
76 45
76 56
76 58
76 64
76 74
76 77
76 81
76 82
76 83
76 85
76 92
76 94
77 3
77 4
77 5
77 6
77 12
77 19
77 20
77 28
77 38
77 42
77 44
77 49
77 51
77 53
77 57
77 58
77 62
77 67
77 69
77 70
77 73
77 74
77 75
77 80
77 86
77 88
77 90
77 95
78 2
78 4
78 7
78 8
78 12
78 17
78 18
78 21
78 29
78 30
78 31
78 36
78 37
78 38
78 42
78 46
78 48
78 49
78 51
78 58
78 59
78 61
78 65
78 68
78 72
78 77
78 79
78 80
78 82
78 84
78 95
78 97
79 6
79 14
79 16
79 18
79 25
79 39
79 41
79 43
79 45
79 52
79 53
79 56
79 57
79 63
79 79
79 80
79 82
79 84
79 90
79 91
79 94
79 97
80 4
80 5
80 9
80 16
80 18
80 22
80 32
80 35
80 36
80 38
80 39
80 41
80 45
80 50
80 51
80 55
80 60
80 61
80 63
80 67
80 70
80 72
80 74
80 75
80 81
80 83
80 90
80 91
80 96
81 0
81 12
81 14
81 16
81 18
81 19
81 23
81 24
81 25
81 30
81 31
81 37
81 38
81 45
81 50
81 56
81 58
81 60
81 62
81 63
81 68
81 70
81 71
81 72
81 74
81 76
81 81
81 82
81 87
81 90
81 91
81 92
81 96
81 97
81 99
82 2
82 7
82 8
82 9
82 14
82 20
82 21
82 23
82 24
82 25
82 26
82 30
82 31
82 40
82 43
82 45
82 46
82 54
82 57
82 61
82 63
82 64
82 66
82 72
82 81
82 83
82 86
82 89
82 92
82 95
82 97
82 98
83 1
83 8
83 11
83 16
83 19
83 29
83 38
83 46
83 51
83 54
83 57
83 70
83 72
83 76
83 78
83 86
83 88
83 89
83 92
83 93
83 97
83 98
83 99
84 0
84 7
84 11
84 14
84 19
84 21
84 22
84 25
84 28
84 31
84 37
84 38
84 46
84 52
84 53
84 57
84 61
84 63
84 70
84 72
84 74
84 78
84 79
84 86
84 87
84 91
84 96
84 99
85 0
85 4
85 5
85 13
85 17
85 20
85 23
85 24
85 27
85 33
85 35
85 38
85 45
85 47
85 48
85 55
85 56
85 57
85 58
85 62
85 63
85 64
85 66
85 68
85 69
85 71
85 72
85 77
85 79
85 85
85 88
85 89
85 96
85 97
85 100
86 6
86 11
86 18
86 27
86 28
86 29
86 34
86 40
86 45
86 46
86 48
86 50
86 51
86 55
86 57
86 61
86 63
86 69
86 75
86 76
86 85
86 87
86 92
86 93
86 99
87 2
87 5
87 12
87 15
87 21
87 30
87 41
87 42
87 45
87 47
87 52
87 54
87 59
87 80
87 84
87 87
87 94
87 97
87 98
87 99
88 5
88 11
88 12
88 14
88 15
88 22
88 28
88 32
88 36
88 38
88 41
88 48
88 51
88 53
88 56
88 60
88 64
88 69
88 73
88 75
88 78
88 79
88 81
88 83
88 85
88 90
88 97
88 99
88 100
89 3
89 4
89 5
89 6
89 9
89 10
89 12
89 17
89 20
89 27
89 30
89 31
89 34
89 39
89 40
89 48
89 49
89 51
89 52
89 53
89 54
89 57
89 59
89 67
89 69
89 74
89 79
89 81
89 85
89 95
90 1
90 3
90 12
90 23
90 26
90 28
90 30
90 33
90 36
90 45
90 47
90 50
90 52
90 55
90 58
90 59
90 63
90 65
90 73
90 77
90 78
90 91
90 97
90 100
91 3
91 4
91 5
91 8
91 16
91 18
91 19
91 20
91 22
91 23
91 25
91 30
91 34
91 35
91 37
91 43
91 53
91 59
91 67
91 68
91 69
91 71
91 79
91 82
91 85
91 87
91 92
91 98
92 7
92 8
92 9
92 12
92 15
92 19
92 22
92 23
92 25
92 27
92 28
92 30
92 31
92 40
92 43
92 46
92 51
92 56
92 59
92 61
92 66
92 71
92 73
92 77
92 82
92 83
92 84
92 89
92 90
92 91
92 95
92 97
92 98
93 1
93 7
93 10
93 15
93 18
93 20
93 21
93 31
93 35
93 38
93 52
93 54
93 55
93 62
93 66
93 70
93 72
93 73
93 74
93 76
93 77
93 78
93 81
93 82
93 86
93 87
93 95
93 96
93 99
94 10
94 14
94 21
94 22
94 23
94 31
94 32
94 42
94 48
94 51
94 53
94 56
94 58
94 59
94 60
94 63
94 68
94 77
94 78
94 85
94 86
94 91
94 98
95 0
95 7
95 8
95 10
95 11
95 14
95 18
95 20
95 28
95 30
95 33
95 35
95 37
95 40
95 41
95 45
95 49
95 63
95 64
95 66
95 67
95 71
95 74
95 78
95 80
95 82
95 86
95 87
95 90
95 92
95 95
95 96
95 97
95 98
96 3
96 5
96 7
96 14
96 22
96 27
96 30
96 32
96 34
96 38
96 39
96 40
96 41
96 45
96 47
96 49
96 51
96 59
96 60
96 62
96 63
96 66
96 71
96 75
96 80
96 82
96 83
96 84
96 85
96 95
97 0
97 3
97 4
97 5
97 11
97 16
97 21
97 22
97 29
97 32
97 33
97 37
97 40
97 41
97 45
97 46
97 47
97 58
97 60
97 61
97 66
97 67
97 73
97 76
97 80
97 82
97 84
97 87
97 100
98 3
98 4
98 10
98 11
98 12
98 16
98 17
98 18
98 19
98 22
98 23
98 33
98 36
98 39
98 43
98 44
98 46
98 48
98 50
98 54
98 55
98 56
98 58
98 62
98 64
98 65
98 69
98 70
98 72
98 76
98 82
98 83
98 84
98 87
98 89
98 92
98 93
98 94
98 97
98 98
98 99
99 3
99 5
99 6
99 7
99 15
99 31
99 32
99 33
99 34
99 35
99 41
99 42
99 50
99 52
99 55
99 57
99 59
99 61
99 62
99 63
99 67
99 71
99 73
99 78
99 80
99 86
99 88
99 89
99 90
99 92
99 95
99 96
99 97
99 99
100 0
100 3
100 7
100 8
100 11
100 22
100 23
100 25
100 42
100 43
100 47
100 50
100 51
100 54
100 56
100 57
100 61
100 67
100 69
100 70
100 71
100 74
100 75
100 82
100 84
100 87
100 88
100 90
100 91
100 93
100 94
