0 8
0 15
0 16
0 18
0 19
0 28
0 30
0 35
0 36
0 59
0 60
0 65
0 69
0 75
0 76
0 77
0 83
0 86
0 88
0 91
0 92
0 93
1 1
1 3
1 14
1 18
1 19
1 23
1 25
1 29
1 32
1 33
1 39
1 41
1 44
1 49
1 51
1 53
1 54
1 57
1 58
1 62
1 64
1 66
1 67
1 69
1 71
1 73
1 75
1 79
1 80
1 81
1 82
1 85
1 87
1 88
1 89
1 94
1 100
2 0
2 7
2 10
2 11
2 13
2 17
2 18
2 24
2 27
2 30
2 31
2 33
2 35
2 45
2 47
2 49
2 55
2 65
2 70
2 73
2 82
2 91
2 94
2 95
3 2
3 5
3 8
3 11
3 18
3 20
3 24
3 28
3 30
3 33
3 36
3 40
3 42
3 44
3 45
3 48
3 50
3 53
3 56
3 60
3 61
3 62
3 72
3 74
3 75
3 77
3 78
3 79
3 81
3 83
3 85
3 93
3 94
3 98
3 100
4 0
4 8
4 11
4 17
4 18
4 19
4 25
4 33
4 35
4 36
4 41
4 43
4 44
4 52
4 55
4 60
4 68
4 71
4 72
4 73
4 75
4 85
4 88
4 92
4 93
4 94
4 97
4 99
5 1
5 3
5 6
5 12
5 13
5 15
5 16
5 17
5 26
5 27
5 30
5 31
5 32
5 36
5 40
5 43
5 45
5 48
5 49
5 51
5 59
5 60
5 61
5 62
5 64
5 65
5 68
5 72
5 76
5 85
5 89
5 93
5 94
5 95
5 96
5 98
5 100
6 3
6 5
6 6
6 7
6 10
6 17
6 18
6 19
6 22
6 25
6 27
6 37
6 40
6 45
6 53
6 54
6 56
6 60
6 61
6 63
6 70
6 73
6 74
6 76
6 77
6 80
6 83
6 85
6 87
6 89
6 91
6 93
6 95
6 97
7 2
7 4
7 6
7 11
7 16
7 20
7 21
7 23
7 28
7 31
7 35
7 41
7 43
7 50
7 52
7 55
7 58
7 72
7 73
7 74
7 75
7 76
7 79
7 80
7 82
7 86
7 88
7 89
7 95
7 96
7 97
7 100
8 1
8 4
8 5
8 7
8 12
8 14
8 17
8 21
8 24
8 29
8 33
8 38
8 51
8 54
8 55
8 57
8 68
8 70
8 71
8 74
8 83
8 86
8 89
8 90
8 93
9 0
9 5
9 7
9 8
9 13
9 15
9 19
9 21
9 23
9 28
9 30
9 33
9 35
9 40
9 42
9 46
9 53
9 54
9 60
9 69
9 71
9 75
9 77
9 78
9 84
9 91
9 94
9 96
9 97
9 100
10 3
10 4
10 6
10 7
10 14
10 20
10 21
10 25
10 35
10 44
10 50
10 65
10 66
10 72
10 75
10 79
10 80
10 82
10 83
10 84
10 87
10 90
10 92
10 93
10 98
10 99
10 100
11 1
11 6
11 11
11 12
11 13
11 21
11 32
11 35
11 36
11 46
11 48
11 49
11 50
11 51
11 53
11 56
11 60
11 63
11 64
11 72
11 77
11 78
11 82
11 84
11 88
11 89
11 91
11 98
11 99
12 0
12 7
12 14
12 15
12 22
12 26
12 32
12 38
12 44
12 45
12 46
12 49
12 52
12 53
12 58
12 60
12 68
12 70
12 71
12 72
12 74
12 77
12 80
12 84
12 85
12 87
12 90
12 92
12 94
12 97
12 98
12 99
12 100
13 3
13 5
13 11
13 13
13 20
13 22
13 37
13 38
13 48
13 55
13 59
13 61
13 64
13 65
13 66
13 67
13 69
13 73
13 76
13 78
13 82
13 89
13 91
13 92
13 93
13 95
13 97
13 100
14 5
14 7
14 8
14 9
14 10
14 12
14 13
14 14
14 15
14 18
14 21
14 22
14 23
14 25
14 27
14 32
14 33
14 38
14 41
14 42
14 43
14 46
14 51
14 56
14 58
14 64
14 65
14 69
14 70
14 74
14 82
14 83
14 85
14 87
14 92
14 93
14 100
15 7
15 8
15 9
15 11
15 14
15 18
15 19
15 21
15 25
15 27
15 34
15 36
15 40
15 41
15 51
15 52
15 54
15 56
15 59
15 63
15 64
15 65
15 69
15 82
15 83
15 95
15 98
15 99
15 100
16 3
16 7
16 8
16 9
16 11
16 13
16 14
16 15
16 22
16 28
16 37
16 43
16 46
16 47
16 49
16 50
16 62
16 67
16 71
16 82
16 85
16 88
16 92
16 93
16 95
16 97
16 99
17 0
17 3
17 4
17 9
17 14
17 15
17 18
17 19
17 29
17 30
17 31
17 35
17 36
17 38
17 43
17 45
17 46
17 50
17 51
17 54
17 55
17 56
17 61
17 65
17 67
17 73
17 78
17 83
17 88
17 89
17 91
17 92
17 96
18 4
18 9
18 11
18 18
18 26
18 30
18 37
18 39
18 40
18 42
18 44
18 48
18 49
18 50
18 53
18 56
18 62
18 65
18 73
18 82
18 83
18 84
18 87
18 94
18 99
19 0
19 5
19 9
19 11
19 13
19 17
19 21
19 27
19 28
19 36
19 39
19 40
19 41
19 47
19 52
19 53
19 60
19 66
19 68
19 70
19 75
19 77
19 81
19 83
19 89
19 91
19 92
19 99
20 0
20 5
20 7
20 8
20 10
20 17
20 23
20 26
20 27
20 29
20 30
20 33
20 37
20 38
20 39
20 46
20 49
20 56
20 61
20 62
20 63
20 64
20 65
20 67
20 75
20 78
20 79
20 80
20 81
20 82
20 83
20 86
20 88
20 89
20 91
20 92
20 95
20 96
20 98
21 2
21 4
21 13
21 14
21 18
21 24
21 28
21 30
21 31
21 33
21 35
21 37
21 38
21 40
21 41
21 46
21 50
21 58
21 63
21 65
21 66
21 68
21 74
21 82
21 83
21 92
21 96
22 1
22 5
22 7
22 8
22 11
22 12
22 17
22 22
22 25
22 33
22 35
22 40
22 43
22 47
22 51
22 54
22 61
22 79
22 83
22 84
22 92
23 11
23 18
23 19
23 20
23 28
23 39
23 44
23 49
23 52
23 58
23 71
23 75
23 85
23 86
23 96
23 97
23 98
23 100
24 2
24 3
24 4
24 15
24 24
24 26
24 27
24 28
24 31
24 32
24 36
24 37
24 40
24 41
24 42
24 45
24 46
24 47
24 48
24 49
24 50
24 52
24 57
24 58
24 60
24 61
24 69
24 72
24 73
24 76
24 77
24 79
24 81
24 85
24 86
24 87
24 88
24 93
24 95
24 97
24 100
25 8
25 12
25 18
25 19
25 21
25 23
25 27
25 31
25 36
25 37
25 41
25 44
25 46
25 47
25 51
25 53
25 54
25 55
25 57
25 71
25 73
25 77
25 79
25 81
25 89
25 91
25 93
25 94
25 95
25 96
25 98
26 0
26 6
26 7
26 11
26 13
26 22
26 29
26 33
26 34
26 37
26 46
26 49
26 50
26 51
26 55
26 57
26 58
26 73
26 82
26 85
26 89
26 99
27 4
27 5
27 8
27 9
27 10
27 12
27 15
27 20
27 21
27 26
27 28
27 33
27 34
27 35
27 39
27 43
27 44
27 45
27 50
27 51
27 58
27 59
27 60
27 61
27 70
27 72
27 74
27 78
27 82
27 83
27 86
27 88
27 90
27 94
27 96
27 98
27 100
28 0
28 2
28 3
28 6
28 7
28 15
28 17
28 22
28 25
28 27
28 29
28 43
28 54
28 58
28 60
28 62
28 70
28 76
28 77
28 79
28 80
28 81
28 88
28 95
28 98
29 0
29 2
29 4
29 12
29 14
29 15
29 27
29 28
29 30
29 31
29 32
29 33
29 34
29 36
29 37
29 39
29 47
29 51
29 52
29 54
29 59
29 62
29 64
29 68
29 72
29 76
29 78
29 80
29 83
29 84
29 92
29 95
29 97
30 1
30 5
30 9
30 11
30 13
30 15
30 16
30 17
30 18
30 20
30 21
30 22
30 23
30 26
30 27
30 29
30 35
30 40
30 44
30 45
30 48
30 60
30 66
30 68
30 75
30 82
30 87
30 91
30 94
30 96
31 3
31 7
31 10
31 11
31 14
31 17
31 18
31 19
31 27
31 32
31 34
31 35
31 36
31 38
31 40
31 43
31 44
31 47
31 48
31 49
31 50
31 51
31 52
31 55
31 66
31 70
31 72
31 79
31 81
31 82
31 85
31 89
31 97
32 1
32 3
32 7
32 9
32 11
32 16
32 17
32 23
32 24
32 26
32 30
32 33
32 35
32 36
32 43
32 44
32 51
32 58
32 59
32 69
32 70
32 87
32 88
32 91
32 93
32 96
32 97
32 98
32 100
33 2
33 4
33 6
33 7
33 14
33 15
33 17
33 38
33 39
33 50
33 51
33 53
33 55
33 56
33 58
33 59
33 63
33 72
33 73
33 76
33 83
33 84
33 85
33 87
33 88
33 90
33 92
33 94
33 99
34 1
34 5
34 14
34 18
34 20
34 25
34 32
34 33
34 38
34 41
34 49
34 51
34 55
34 74
34 75
34 78
34 81
34 83
34 89
34 92
34 95
34 97
34 100
35 0
35 1
35 3
35 4
35 6
35 8
35 9
35 10
35 11
35 12
35 13
35 14
35 15
35 16
35 17
35 21
35 24
35 34
35 43
35 46
35 61
35 62
35 70
35 76
35 79
35 83
35 85
35 87
35 94
35 95
36 1
36 3
36 7
36 17
36 18
36 30
36 31
36 33
36 35
36 39
36 41
36 46
36 48
36 49
36 50
36 53
36 55
36 59
36 68
36 73
36 75
36 77
36 81
36 87
36 89
36 97
37 3
37 6
37 8
37 13
37 14
37 19
37 21
37 25
37 30
37 37
37 40
37 43
37 47
37 50
37 52
37 55
37 58
37 59
37 60
37 62
37 65
37 71
37 76
37 79
37 80
37 84
37 88
37 91
37 94
37 95
37 96
37 100
38 3
38 4
38 8
38 10
38 20
38 21
38 26
38 31
38 32
38 34
38 35
38 37
38 38
38 44
38 47
38 50
38 52
38 54
38 55
38 56
38 57
38 62
38 72
38 79
38 82
38 83
38 92
38 93
38 98
38 100
39 6
39 7
39 10
39 15
39 17
39 18
39 23
39 24
39 27
39 38
39 45
39 48
39 50
39 54
39 60
39 68
39 73
39 80
39 81
39 84
39 93
39 96
40 0
40 1
40 6
40 8
40 9
40 12
40 30
40 32
40 35
40 37
40 41
40 42
40 43
40 44
40 45
40 48
40 53
40 56
40 60
40 61
40 64
40 66
40 67
40 70
40 73
40 82
40 86
40 88
40 90
40 92
40 95
41 3
41 5
41 6
41 12
41 17
41 21
41 22
41 24
41 25
41 28
41 30
41 31
41 32
41 33
41 35
41 39
41 40
41 41
41 43
41 44
41 48
41 50
41 53
41 54
41 55
41 59
41 61
41 66
41 70
41 72
41 77
41 78
41 83
41 85
41 87
41 89
41 93
41 95
41 97
42 3
42 4
42 6
42 8
42 9
42 12
42 23
42 24
42 25
42 40
42 45
42 50
42 52
42 55
42 56
42 57
42 61
42 64
42 69
42 70
42 71
42 73
42 74
42 81
42 82
42 84
42 88
42 89
42 94
42 99
42 100
43 4
43 6
43 7
43 9
43 15
43 24
43 25
43 29
43 31
43 33
43 38
43 40
43 41
43 42
43 43
43 46
43 48
43 58
43 62
43 66
43 69
43 70
43 77
43 79
43 80
43 83
43 89
43 94
43 95
43 96
43 98
44 1
44 4
44 5
44 9
44 10
44 12
44 16
44 19
44 21
44 22
44 25
44 28
44 29
44 32
44 33
44 35
44 37
44 38
44 39
44 41
44 43
44 48
44 49
44 53
44 55
44 56
44 60
44 63
44 66
44 72
44 73
44 74
44 76
44 80
44 83
44 84
44 92
44 98
45 0
45 7
45 10
45 13
45 14
45 25
45 29
45 30
45 33
45 40
45 47
45 63
45 69
45 70
45 72
45 75
45 77
45 87
45 92
45 93
45 95
45 99
46 0
46 6
46 23
46 30
46 31
46 32
46 33
46 34
46 40
46 41
46 52
46 53
46 54
46 55
46 63
46 70
46 71
46 76
46 77
46 79
46 80
46 84
46 85
46 87
46 88
46 90
46 91
46 97
47 4
47 9
47 12
47 14
47 16
47 20
47 31
47 38
47 46
47 52
47 57
47 62
47 63
47 64
47 66
47 69
47 70
47 75
47 78
47 91
47 93
47 94
47 95
47 96
48 1
48 8
48 13
48 19
48 20
48 21
48 23
48 26
48 28
48 29
48 31
48 35
48 38
48 43
48 45
48 46
48 50
48 59
48 60
48 61
48 66
48 67
48 68
48 81
48 87
48 88
48 89
48 91
48 92
48 96
48 97
49 7
49 8
49 12
49 13
49 16
49 20
49 22
49 24
49 26
49 27
49 30
49 35
49 36
49 37
49 39
49 40
49 41
49 43
49 47
49 57
49 65
49 69
49 72
49 74
49 75
49 78
49 82
49 83
49 91
50 1
50 3
50 8
50 10
50 11
50 13
50 19
50 20
50 21
50 22
50 23
50 28
50 31
50 40
50 41
50 42
50 43
50 49
50 50
50 53
50 61
50 65
50 68
50 69
50 73
50 76
50 77
50 79
50 80
50 83
50 86
50 89
50 94
50 97
50 99
51 0
51 2
51 5
51 6
51 8
51 11
51 13
51 14
51 15
51 18
51 22
51 24
51 27
51 32
51 36
51 38
51 39
51 50
51 52
51 54
51 58
51 59
51 60
51 67
51 69
51 78
51 79
51 82
51 83
51 91
51 92
51 93
51 94
51 98
52 4
52 9
52 13
52 20
52 22
52 26
52 29
52 36
52 39
52 40
52 45
52 52
52 59
52 61
52 62
52 64
52 66
52 68
52 71
52 75
52 77
52 79
52 80
52 82
52 83
52 86
52 89
52 93
52 94
52 95
52 98
53 6
53 11
53 13
53 16
53 17
53 19
53 20
53 22
53 23
53 25
53 27
53 28
53 33
53 38
53 40
53 43
53 44
53 47
53 49
53 54
53 67
53 76
53 80
53 87
53 89
53 90
53 91
53 92
53 96
53 98
54 1
54 4
54 15
54 16
54 17
54 21
54 25
54 26
54 27
54 28
54 30
54 37
54 38
54 42
54 55
54 58
54 59
54 62
54 66
54 67
54 68
54 72
54 73
54 75
54 76
54 78
54 81
54 84
54 90
54 93
54 95
54 100
55 5
55 10
55 11
55 18
55 21
55 26
55 30
55 33
55 36
55 38
55 39
55 40
55 42
55 43
55 44
55 45
55 50
55 53
55 54
55 57
55 62
55 64
55 79
55 82
55 83
55 86
55 89
55 92
55 97
56 2
56 5
56 8
56 11
56 16
56 17
56 18
56 19
56 21
56 24
56 25
56 26
56 29
56 31
56 33
56 37
56 43
56 51
56 55
56 57
56 64
56 66
56 67
56 71
56 80
56 81
56 86
56 87
56 94
56 99
57 0
57 2
57 3
57 4
57 5
57 10
57 11
57 13
57 19
57 25
57 28
57 30
57 33
57 35
57 36
57 46
57 49
57 60
57 62
57 63
57 64
57 65
57 66
57 69
57 71
57 74
57 76
57 77
57 85
57 88
57 90
57 92
57 93
57 96
57 98
57 99
58 0
58 2
58 9
58 10
58 16
58 17
58 20
58 26
58 33
58 36
58 38
58 43
58 46
58 49
58 50
58 52
58 58
58 60
58 68
58 69
58 70
58 73
58 84
58 89
58 97
58 99
59 3
59 7
59 10
59 11
59 12
59 17
59 22
59 30
59 33
59 44
59 55
59 57
59 63
59 65
59 70
59 72
59 83
59 93
59 98
59 99
60 0
60 3
60 12
60 13
60 15
60 17
60 21
60 23
60 24
60 31
60 33
60 39
60 41
60 46
60 49
60 50
60 57
60 59
60 61
60 63
60 88
60 89
60 95
60 100
61 0
61 2
61 6
61 8
61 11
61 13
61 26
61 27
61 30
61 31
61 33
61 35
61 38
61 42
61 45
61 47
61 50
61 52
61 55
61 60
61 62
61 63
61 66
61 71
61 72
61 75
61 78
61 86
61 88
61 89
61 92
61 93
61 95
62 8
62 10
62 11
62 21
62 22
62 26
62 28
62 35
62 36
62 37
62 40
62 47
62 49
62 54
62 59
62 60
62 63
62 66
62 68
62 71
62 79
62 82
62 86
62 87
62 88
62 90
63 3
63 6
63 7
63 10
63 15
63 21
63 22
63 23
63 25
63 26
63 30
63 32
63 33
63 36
63 38
63 39
63 45
63 51
63 53
63 57
63 62
63 64
63 67
63 68
63 69
63 78
63 85
63 88
63 96
63 97
63 100
64 2
64 4
64 5
64 6
64 10
64 14
64 25
64 29
64 30
64 32
64 40
64 43
64 49
64 55
64 61
64 65
64 67
64 68
64 69
64 76
64 79
64 80
64 83
64 91
64 100
65 2
65 3
65 5
65 7
65 10
65 12
65 16
65 20
65 21
65 24
65 25
65 32
65 37
65 38
65 42
65 45
65 46
65 48
65 52
65 54
65 63
65 68
65 69
65 79
65 84
65 85
65 88
65 91
65 92
65 94
65 97
65 99
66 0
66 2
66 4
66 6
66 13
66 14
66 15
66 18
66 23
66 25
66 26
66 28
66 29
66 32
66 34
66 36
66 38
66 45
66 47
66 54
66 57
66 58
66 62
66 66
66 69
66 82
66 89
66 90
66 91
66 92
66 94
67 8
67 9
67 12
67 20
67 21
67 24
67 25
67 32
67 34
67 38
67 39
67 43
67 52
67 54
67 55
67 56
67 58
67 64
67 65
67 66
67 67
67 68
67 70
67 71
67 76
67 78
67 80
67 82
67 88
67 91
67 93
67 94
68 0
68 1
68 4
68 11
68 15
68 24
68 25
68 27
68 36
68 37
68 47
68 50
68 52
68 53
68 56
68 57
68 59
68 60
68 61
68 62
68 63
68 68
68 71
68 73
68 74
68 78
68 81
68 83
68 85
68 86
68 90
68 91
68 93
68 96
68 100
69 3
69 5
69 7
69 11
69 15
69 17
69 18
69 22
69 24
69 25
69 29
69 31
69 33
69 36
69 38
69 49
69 54
69 55
69 56
69 66
69 67
69 74
69 80
69 83
69 85
69 87
69 88
69 91
69 96
70 2
70 8
70 9
70 10
70 14
70 16
70 17
70 22
70 23
70 24
70 25
70 28
70 30
70 32
70 33
70 49
70 57
70 61
70 62
70 63
70 64
70 66
70 69
70 72
70 78
70 81
70 83
70 85
70 93
70 97
71 8
71 13
71 15
71 19
71 21
71 26
71 28
71 34
71 39
71 41
71 45
71 46
71 55
71 56
71 58
71 61
71 62
71 65
71 66
71 69
71 72
71 73
71 75
71 83
71 86
71 88
71 94
71 100
72 0
72 5
72 6
72 14
72 15
72 27
72 33
72 36
72 40
72 47
72 51
72 55
72 56
72 58
72 64
72 65
72 66
72 79
72 88
72 92
72 94
72 97
73 3
73 7
73 11
73 12
73 16
73 17
73 23
73 25
73 27
73 28
73 29
73 37
73 38
73 40
73 42
73 43
73 45
73 52
73 56
73 60
73 64
73 70
73 73
73 74
73 84
73 87
73 88
73 92
73 95
74 1
74 4
74 9
74 11
74 14
74 15
74 16
74 19
74 20
74 24
74 31
74 35
74 36
74 37
74 42
74 50
74 51
74 54
74 55
74 59
74 60
74 66
74 72
74 75
74 76
74 81
74 85
74 89
74 93
74 94
74 95
74 96
75 7
75 8
75 14
75 15
75 17
75 23
75 24
75 25
75 34
75 37
75 39
75 40
75 43
75 49
75 50
75 51
75 52
75 53
75 56
75 57
75 58
75 64
75 68
75 75
75 76
75 78
75 81
75 84
75 85
75 86
75 89
75 91
75 97
75 98
75 99
76 0
76 7
76 10
76 15
76 21
76 22
76 23
76 27
76 32
76 36
76 43
76 46
76 47
76 50
76 65
76 67
76 68
76 69
76 70
76 74
76 77
76 78
76 79
76 83
76 84
76 86
76 97
76 99
76 100
77 4
77 5
77 10
77 12
77 23
77 25
77 29
77 30
77 32
77 33
77 34
77 36
77 37
77 40
77 51
77 53
77 55
77 63
77 64
77 65
77 72
77 76
77 77
77 84
77 86
77 89
77 95
77 96
78 1
78 6
78 7
78 12
78 14
78 19
78 33
78 34
78 35
78 36
78 37
78 42
78 45
78 46
78 47
78 50
78 51
78 53
78 54
78 56
78 71
78 74
78 79
78 80
78 82
78 83
78 85
78 87
78 89
78 90
78 92
78 93
78 94
78 96
78 100
79 2
79 3
79 5
79 23
79 24
79 25
79 33
79 34
79 39
79 41
79 47
79 49
79 51
79 58
79 64
79 67
79 68
79 81
79 82
79 90
79 91
79 93
79 95
79 96
79 98
79 99
80 1
80 2
80 5
80 6
80 7
80 15
80 19
80 20
80 23
80 24
80 25
80 26
80 27
80 29
80 38
80 39
80 42
80 46
80 48
80 49
80 64
80 65
80 68
80 69
80 70
80 74
80 77
80 78
80 81
80 82
80 83
80 94
81 0
81 1
81 4
81 10
81 12
81 15
81 16
81 19
81 21
81 23
81 28
81 31
81 35
81 39
81 41
81 42
81 43
81 46
81 49
81 52
81 60
81 61
81 63
81 64
81 66
81 67
81 69
81 72
81 73
81 76
81 79
81 80
81 88
81 94
81 95
82 2
82 3
82 4
82 10
82 12
82 19
82 20
82 22
82 24
82 26
82 27
82 29
82 31
82 34
82 41
82 42
82 44
82 46
82 52
82 56
82 64
82 74
82 76
82 78
82 80
82 82
82 88
82 91
82 93
82 94
82 95
82 100
83 0
83 1
83 5
83 6
83 14
83 16
83 20
83 21
83 25
83 33
83 34
83 44
83 46
83 48
83 54
83 56
83 57
83 59
83 60
83 70
83 73
83 76
83 78
83 84
83 93
84 2
84 5
84 7
84 11
84 13
84 15
84 25
84 26
84 28
84 31
84 32
84 34
84 35
84 38
84 40
84 52
84 61
84 63
84 69
84 70
84 71
84 75
84 77
84 79
84 81
84 82
84 83
84 85
84 86
84 87
84 90
85 0
85 2
85 4
85 5
85 6
85 7
85 8
85 10
85 12
85 16
85 21
85 22
85 28
85 31
85 36
85 41
85 44
85 47
85 52
85 58
85 61
85 68
85 70
85 76
85 83
85 84
85 86
85 88
85 89
85 93
85 96
86 1
86 2
86 7
86 10
86 13
86 17
86 22
86 29
86 32
86 34
86 45
86 48
86 53
86 55
86 57
86 59
86 62
86 63
86 66
86 70
86 72
86 81
86 90
86 91
86 92
86 95
86 96
87 2
87 5
87 13
87 17
87 19
87 23
87 28
87 29
87 32
87 39
87 41
87 42
87 45
87 50
87 52
87 55
87 62
87 64
87 66
87 71
87 72
87 75
87 84
87 92
87 95
87 97
87 100
88 2
88 3
88 4
88 6
88 7
88 8
88 9
88 11
88 12
88 21
88 22
88 25
88 26
88 28
88 31
88 33
88 34
88 38
88 40
88 42
88 44
88 45
88 50
88 52
88 54
88 71
88 72
88 77
88 83
88 84
88 85
88 87
88 88
88 91
88 93
88 95
88 96
89 4
89 8
89 10
89 18
89 23
89 25
89 27
89 28
89 31
89 43
89 45
89 46
89 54
89 55
89 58
89 60
89 61
89 65
89 68
89 71
89 72
89 73
89 79
89 80
89 84
89 92
89 93
89 95
89 96
90 2
90 7
90 9
90 11
90 14
90 18
90 20
90 21
90 22
90 26
90 27
90 32
90 38
90 39
90 40
90 43
90 45
90 48
90 49
90 53
90 58
90 59
90 73
90 77
90 81
90 82
90 83
90 90
90 99
91 0
91 2
91 4
91 5
91 6
91 8
91 10
91 11
91 12
91 13
91 15
91 16
91 18
91 24
91 26
91 27
91 32
91 35
91 39
91 41
91 45
91 46
91 50
91 52
91 58
91 62
91 70
91 74
91 83
91 85
91 87
91 89
91 91
91 92
91 94
91 97
92 0
92 5
92 12
92 17
92 20
92 23
92 25
92 30
92 31
92 35
92 36
92 38
92 39
92 41
92 42
92 43
92 44
92 50
92 51
92 54
92 63
92 65
92 66
92 68
92 69
92 72
92 77
92 83
92 87
92 91
92 94
92 96
92 98
92 100
93 0
93 2
93 3
93 4
93 6
93 9
93 11
93 13
93 21
93 26
93 27
93 32
93 34
93 35
93 44
93 46
93 50
93 52
93 56
93 60
93 61
93 62
93 65
93 67
93 71
93 73
93 76
93 77
93 78
93 79
93 87
93 88
93 91
93 95
93 96
93 97
94 2
94 3
94 9
94 12
94 21
94 22
94 25
94 35
94 38
94 41
94 42
94 49
94 50
94 51
94 54
94 56
94 60
94 61
94 67
94 68
94 69
94 71
94 73
94 74
94 80
94 81
94 82
94 85
94 86
94 88
94 91
94 100
95 7
95 11
95 17
95 18
95 22
95 23
95 24
95 35
95 40
95 42
95 47
95 51
95 52
95 59
95 60
95 62
95 65
95 70
95 71
95 73
95 78
95 81
95 82
95 83
95 86
95 89
95 90
95 91
95 93
95 96
95 98
95 99
96 1
96 2
96 5
96 10
96 11
96 12
96 16
96 17
96 19
96 20
96 24
96 31
96 33
96 34
96 36
96 37
96 42
96 44
96 46
96 47
96 49
96 50
96 68
96 74
96 76
96 77
96 78
96 79
96 85
96 87
96 88
96 89
96 94
96 97
96 99
97 3
97 7
97 14
97 16
97 19
97 22
97 27
97 29
97 35
97 36
97 39
97 42
97 51
97 56
97 57
97 62
97 63
97 71
97 74
97 82
97 87
97 88
97 91
97 93
97 98
97 99
97 100
98 1
98 3
98 4
98 6
98 10
98 16
98 17
98 19
98 20
98 23
98 26
98 27
98 30
98 34
98 37
98 40
98 41
98 42
98 43
98 45
98 52
98 55
98 56
98 57
98 62
98 66
98 74
98 75
98 76
98 77
98 82
98 83
98 86
98 94
98 98
99 0
99 1
99 6
99 7
99 8
99 10
99 11
99 19
99 20
99 25
99 27
99 28
99 34
99 39
99 58
99 60
99 62
99 65
99 68
99 78
99 84
99 88
99 89
99 93
99 99
100 3
100 7
100 18
100 19
100 24
100 26
100 37
100 40
100 45
100 50
100 57
100 58
100 59
100 61
100 63
100 65
100 74
100 75
100 80
100 83
100 85
100 94
