0 0
0 6
0 9
0 10
0 14
0 15
0 18
0 19
0 25
0 30
0 31
0 35
0 38
0 40
0 41
0 42
0 43
0 44
0 46
0 48
0 51
0 58
0 59
0 65
0 66
0 68
0 69
0 70
0 75
0 79
0 80
0 82
0 83
0 85
0 90
0 95
0 100
1 0
1 3
1 5
1 11
1 12
1 13
1 15
1 18
1 22
1 24
1 29
1 37
1 39
1 41
1 42
1 45
1 48
1 51
1 55
1 63
1 67
1 68
1 71
1 77
1 81
1 83
1 84
1 88
1 89
1 92
1 93
1 95
1 97
1 98
1 99
2 1
2 4
2 5
2 6
2 11
2 18
2 22
2 23
2 25
2 35
2 41
2 45
2 46
2 50
2 54
2 62
2 67
2 75
2 80
2 81
2 85
2 86
2 88
2 90
2 95
2 98
2 100
3 0
3 1
3 4
3 7
3 8
3 9
3 13
3 21
3 22
3 27
3 38
3 42
3 48
3 56
3 59
3 62
3 65
3 85
3 89
3 90
3 95
3 98
4 2
4 6
4 12
4 13
4 14
4 16
4 22
4 24
4 25
4 26
4 31
4 33
4 35
4 40
4 41
4 46
4 50
4 51
4 54
4 55
4 57
4 58
4 64
4 65
4 66
4 67
4 68
4 72
4 77
4 79
4 85
4 94
4 96
4 99
4 100
5 0
5 3
5 7
5 13
5 14
5 19
5 20
5 21
5 23
5 24
5 26
5 35
5 41
5 43
5 48
5 50
5 52
5 64
5 68
5 72
5 73
5 77
5 79
5 82
5 86
5 87
5 92
5 98
5 100
6 1
6 7
6 9
6 12
6 13
6 16
6 24
6 25
6 27
6 28
6 29
6 31
6 34
6 35
6 39
6 45
6 49
6 54
6 55
6 60
6 62
6 64
6 66
6 67
6 73
6 80
6 82
6 85
6 88
6 90
6 93
6 95
6 97
6 98
7 2
7 4
7 5
7 9
7 13
7 23
7 28
7 29
7 38
7 43
7 44
7 46
7 50
7 52
7 54
7 57
7 59
7 65
7 74
7 75
7 79
7 85
7 91
7 93
7 96
7 98
8 3
8 6
8 12
8 13
8 15
8 20
8 27
8 32
8 34
8 39
8 40
8 43
8 45
8 47
8 50
8 53
8 59
8 61
8 63
8 65
8 70
8 71
8 73
8 75
8 77
8 79
8 81
8 82
8 83
8 85
8 87
8 88
9 1
9 2
9 4
9 10
9 11
9 12
9 17
9 25
9 39
9 40
9 43
9 44
9 45
9 53
9 54
9 55
9 56
9 57
9 61
9 62
9 64
9 70
9 77
9 78
9 80
9 90
9 92
9 93
10 3
10 4
10 8
10 9
10 10
10 12
10 13
10 26
10 27
10 30
10 33
10 45
10 47
10 51
10 57
10 58
10 60
10 62
10 64
10 69
10 70
10 83
10 86
10 88
10 90
10 92
10 93
10 97
11 1
11 8
11 14
11 15
11 20
11 25
11 28
11 35
11 39
11 40
11 43
11 45
11 47
11 49
11 55
11 56
11 59
11 63
11 64
11 65
11 68
11 70
11 74
11 79
11 81
11 86
11 88
11 90
11 91
11 94
11 97
11 99
11 100
12 3
12 7
12 12
12 13
12 15
12 16
12 21
12 30
12 34
12 36
12 39
12 42
12 44
12 45
12 46
12 55
12 57
12 63
12 69
12 71
12 76
12 79
12 84
12 85
12 86
12 89
12 90
12 92
12 93
12 94
12 98
12 100
13 0
13 1
13 3
13 9
13 10
13 17
13 19
13 22
13 24
13 27
13 33
13 34
13 35
13 37
13 43
13 50
13 52
13 53
13 54
13 56
13 62
13 70
13 77
13 78
13 83
13 90
13 93
13 95
13 96
13 98
13 100
14 7
14 10
14 13
14 20
14 22
14 25
14 27
14 28
14 33
14 34
14 37
14 38
14 39
14 41
14 46
14 47
14 48
14 49
14 50
14 54
14 55
14 60
14 62
14 65
14 72
14 76
14 83
14 97
14 99
14 100
15 8
15 9
15 11
15 16
15 17
15 20
15 21
15 26
15 29
15 36
15 39
15 41
15 46
15 50
15 62
15 66
15 71
15 75
15 83
15 86
15 87
15 88
15 96
15 100
16 2
16 6
16 7
16 9
16 11
16 12
16 14
16 16
16 23
16 24
16 27
16 29
16 33
16 38
16 42
16 48
16 49
16 50
16 53
16 57
16 61
16 63
16 65
16 68
16 69
16 70
16 71
16 73
16 74
16 76
16 80
16 81
16 88
16 89
16 90
16 93
16 95
16 96
17 1
17 13
17 18
17 20
17 23
17 26
17 32
17 38
17 41
17 44
17 49
17 57
17 58
17 61
17 75
17 76
17 78
17 81
17 83
17 89
17 96
17 100
18 0
18 1
18 14
18 16
18 20
18 22
18 23
18 24
18 27
18 28
18 30
18 41
18 57
18 60
18 65
18 70
18 76
18 79
18 80
18 84
18 85
18 87
18 89
18 91
19 0
19 3
19 4
19 6
19 7
19 11
19 15
19 16
19 17
19 18
19 30
19 31
19 36
19 39
19 44
19 49
19 52
19 55
19 59
19 62
19 64
19 68
19 69
19 71
19 78
19 81
19 82
19 88
19 89
19 91
19 94
19 96
20 6
20 10
20 11
20 12
20 16
20 17
20 21
20 23
20 28
20 29
20 31
20 33
20 35
20 47
20 48
20 51
20 53
20 57
20 59
20 60
20 64
20 67
20 69
20 70
20 71
20 76
20 79
20 84
20 87
20 98
21 0
21 5
21 10
21 12
21 18
21 19
21 20
21 22
21 23
21 24
21 26
21 29
21 30
21 33
21 34
21 36
21 39
21 51
21 53
21 56
21 57
21 60
21 61
21 64
21 67
21 70
21 71
21 82
21 83
21 98
21 99
21 100
22 0
22 1
22 6
22 13
22 19
22 20
22 24
22 25
22 30
22 36
22 37
22 39
22 41
22 43
22 52
22 64
22 65
22 66
22 69
22 70
22 74
22 75
22 77
22 83
22 85
22 89
22 91
22 94
22 97
23 0
23 4
23 7
23 10
23 13
23 14
23 21
23 23
23 30
23 32
23 37
23 41
23 43
23 50
23 55
23 62
23 64
23 66
23 67
23 70
23 75
23 76
23 80
23 81
23 82
23 92
23 99
24 5
24 10
24 12
24 17
24 19
24 31
24 32
24 36
24 38
24 40
24 41
24 53
24 58
24 60
24 62
24 65
24 69
24 71
24 74
24 78
24 79
24 83
24 85
24 90
24 92
24 96
24 100
25 4
25 6
25 9
25 10
25 11
25 15
25 16
25 17
25 20
25 22
25 30
25 31
25 35
25 39
25 41
25 50
25 56
25 62
25 63
25 66
25 70
25 71
25 72
25 75
25 83
25 90
25 95
25 97
25 99
26 2
26 6
26 7
26 11
26 13
26 14
26 16
26 18
26 23
26 27
26 33
26 35
26 37
26 39
26 41
26 42
26 51
26 53
26 56
26 59
26 61
26 63
26 71
26 75
26 77
26 79
26 81
26 86
26 87
26 88
26 89
26 90
26 93
26 98
26 99
27 0
27 1
27 4
27 7
27 9
27 10
27 14
27 16
27 17
27 18
27 19
27 22
27 24
27 26
27 30
27 31
27 36
27 39
27 44
27 45
27 55
27 61
27 62
27 63
27 64
27 69
27 74
27 78
27 79
27 86
27 88
27 91
27 96
27 97
27 98
27 99
27 100
28 4
28 5
28 8
28 9
28 10
28 13
28 14
28 20
28 21
28 22
28 25
28 32
28 43
28 44
28 45
28 48
28 50
28 52
28 54
28 57
28 59
28 64
28 66
28 67
28 68
28 71
28 76
28 81
28 84
28 87
28 91
28 95
28 96
28 97
28 100
29 8
29 12
29 13
29 14
29 17
29 22
29 29
29 34
29 37
29 44
29 47
29 48
29 55
29 60
29 61
29 66
29 76
29 79
29 81
29 83
29 86
29 94
29 95
29 98
30 2
30 7
30 8
30 9
30 12
30 16
30 18
30 19
30 21
30 24
30 25
30 26
30 31
30 32
30 34
30 37
30 40
30 41
30 42
30 45
30 46
30 51
30 54
30 56
30 64
30 71
30 72
30 74
30 77
30 78
30 82
30 83
30 84
30 87
30 92
30 93
30 95
31 4
31 12
31 13
31 14
31 16
31 19
31 26
31 32
31 33
31 36
31 37
31 42
31 43
31 44
31 46
31 47
31 50
31 58
31 63
31 65
31 70
31 71
31 73
31 74
31 79
31 89
32 2
32 4
32 6
32 7
32 11
32 12
32 13
32 15
32 17
32 24
32 25
32 28
32 29
32 40
32 43
32 47
32 53
32 54
32 55
32 62
32 66
32 75
32 80
32 83
32 86
32 88
32 90
32 91
32 94
32 96
32 98
33 1
33 8
33 10
33 14
33 16
33 18
33 19
33 20
33 21
33 22
33 27
33 35
33 37
33 39
33 41
33 42
33 43
33 44
33 48
33 50
33 51
33 55
33 57
33 58
33 59
33 61
33 64
33 67
33 69
33 74
33 77
33 87
33 89
33 93
33 97
33 98
33 99
34 0
34 1
34 2
34 3
34 8
34 9
34 11
34 13
34 15
34 18
34 19
34 22
34 24
34 27
34 29
34 30
34 38
34 39
34 43
34 48
34 49
34 53
34 55
34 57
34 58
34 59
34 65
34 70
34 75
34 78
34 79
34 80
34 83
34 84
34 87
34 89
34 97
34 98
34 100
35 0
35 1
35 2
35 4
35 6
35 7
35 14
35 18
35 25
35 33
35 35
35 36
35 37
35 40
35 43
35 44
35 47
35 60
35 62
35 72
35 85
35 98
35 99
35 100
36 1
36 2
36 4
36 9
36 12
36 13
36 22
36 24
36 29
36 36
36 52
36 61
36 64
36 65
36 68
36 74
36 76
36 80
36 89
36 93
36 98
36 99
36 100
37 2
37 3
37 10
37 21
37 22
37 28
37 29
37 32
37 34
37 35
37 38
37 39
37 43
37 44
37 48
37 49
37 55
37 62
37 77
37 82
37 89
37 93
37 96
37 97
37 100
38 0
38 2
38 3
38 7
38 15
38 29
38 30
38 34
38 37
38 45
38 47
38 48
38 51
38 53
38 54
38 62
38 64
38 72
38 76
38 81
38 83
38 84
38 85
38 86
38 87
38 91
38 94
38 95
38 96
38 97
38 99
39 2
39 3
39 7
39 11
39 18
39 20
39 25
39 27
39 28
39 35
39 38
39 40
39 42
39 56
39 61
39 62
39 63
39 66
39 68
39 75
39 77
39 78
39 79
39 81
39 83
39 86
39 87
39 89
39 90
39 94
39 97
40 4
40 5
40 6
40 7
40 14
40 17
40 21
40 24
40 25
40 26
40 28
40 29
40 35
40 37
40 38
40 39
40 41
40 43
40 45
40 47
40 51
40 54
40 56
40 59
40 60
40 62
40 63
40 65
40 68
40 69
40 72
40 76
40 78
40 87
40 91
40 93
40 96
40 100
41 0
41 5
41 11
41 13
41 18
41 22
41 23
41 26
41 28
41 29
41 31
41 35
41 42
41 47
41 49
41 51
41 57
41 59
41 63
41 68
41 70
41 77
41 84
41 87
41 98
42 6
42 9
42 11
42 16
42 19
42 21
42 24
42 25
42 28
42 37
42 43
42 45
42 48
42 49
42 53
42 55
42 56
42 57
42 59
42 61
42 67
42 68
42 73
42 81
42 87
42 90
42 91
42 92
42 93
42 98
43 1
43 3
43 7
43 12
43 14
43 15
43 26
43 27
43 28
43 38
43 39
43 41
43 44
43 45
43 47
43 52
43 53
43 55
43 60
43 68
43 69
43 76
43 85
43 89
43 100
44 1
44 7
44 8
44 9
44 12
44 13
44 18
44 24
44 28
44 31
44 32
44 34
44 35
44 46
44 48
44 51
44 52
44 53
44 55
44 57
44 58
44 64
44 65
44 76
44 77
44 81
44 82
44 83
44 86
44 91
44 94
44 97
44 98
44 99
44 100
45 3
45 4
45 5
45 7
45 13
45 15
45 16
45 22
45 24
45 25
45 27
45 28
45 33
45 35
45 36
45 41
45 46
45 48
45 52
45 57
45 58
45 60
45 71
45 73
45 74
45 75
45 80
45 81
45 82
45 87
45 89
45 90
45 92
45 94
45 96
45 97
46 0
46 3
46 6
46 13
46 15
46 20
46 23
46 24
46 36
46 37
46 38
46 41
46 47
46 52
46 55
46 59
46 61
46 68
46 79
46 84
46 85
46 87
46 97
47 2
47 3
47 6
47 7
47 8
47 9
47 11
47 14
47 15
47 21
47 25
47 32
47 34
47 40
47 44
47 45
47 47
47 55
47 58
47 59
47 62
47 63
47 68
47 70
47 71
47 72
47 73
47 75
47 76
47 78
47 84
47 88
47 89
47 92
47 94
47 95
48 3
48 5
48 7
48 9
48 10
48 12
48 14
48 15
48 16
48 23
48 24
48 26
48 27
48 28
48 29
48 36
48 38
48 40
48 41
48 43
48 44
48 50
48 57
48 58
48 59
48 63
48 65
48 68
48 72
48 75
48 76
48 79
48 85
48 88
48 91
48 93
48 96
48 99
49 0
49 2
49 15
49 17
49 18
49 21
49 22
49 23
49 24
49 28
49 37
49 39
49 40
49 41
49 42
49 47
49 50
49 51
49 52
49 55
49 56
49 62
49 64
49 67
49 73
49 76
49 82
49 83
49 85
49 90
49 91
49 94
49 99
49 100
50 6
50 7
50 12
50 13
50 15
50 22
50 24
50 25
50 38
50 41
50 42
50 47
50 48
50 56
50 68
50 71
50 76
50 77
50 80
50 81
50 82
50 83
50 84
50 86
50 92
50 95
50 97
50 100
51 1
51 4
51 9
51 16
51 22
51 23
51 24
51 28
51 29
51 31
51 39
51 46
51 47
51 48
51 49
51 58
51 60
51 62
51 66
51 67
51 69
51 71
51 76
51 78
51 80
51 87
51 88
51 89
51 95
51 96
51 97
52 2
52 5
52 6
52 11
52 12
52 17
52 18
52 19
52 20
52 21
52 24
52 26
52 34
52 40
52 41
52 42
52 46
52 50
52 57
52 61
52 63
52 66
52 73
52 74
52 75
52 78
52 83
52 90
52 91
52 93
52 94
52 95
52 97
53 0
53 1
53 3
53 6
53 10
53 12
53 14
53 16
53 18
53 21
53 22
53 32
53 33
53 35
53 45
53 49
53 51
53 52
53 53
53 54
53 55
53 57
53 60
53 61
53 65
53 69
53 71
53 73
53 78
53 79
53 80
53 86
53 89
53 91
53 95
53 100
54 0
54 2
54 6
54 8
54 9
54 16
54 18
54 26
54 28
54 29
54 31
54 38
54 39
54 45
54 48
54 51
54 54
54 55
54 56
54 59
54 61
54 65
54 67
54 74
54 77
54 79
54 80
54 82
54 85
54 86
54 92
54 96
54 97
55 4
55 8
55 10
55 16
55 17
55 21
55 22
55 23
55 28
55 33
55 35
55 37
55 38
55 45
55 52
55 53
55 58
55 59
55 68
55 72
55 73
55 77
55 88
55 89
55 90
55 91
55 94
55 95
55 100
56 8
56 9
56 16
56 19
56 20
56 21
56 27
56 28
56 29
56 32
56 36
56 39
56 40
56 41
56 45
56 50
56 54
56 57
56 58
56 59
56 65
56 67
56 71
56 72
56 80
56 84
56 87
56 88
56 89
56 93
56 94
56 95
56 97
57 1
57 7
57 8
57 9
57 11
57 18
57 19
57 20
57 29
57 39
57 41
57 47
57 52
57 53
57 54
57 61
57 62
57 63
57 68
57 74
57 75
57 84
57 93
58 0
58 3
58 5
58 6
58 7
58 8
58 15
58 16
58 21
58 22
58 24
58 26
58 30
58 31
58 40
58 45
58 47
58 52
58 56
58 58
58 61
58 64
58 65
58 68
58 73
58 78
58 79
58 83
58 89
58 94
59 0
59 3
59 4
59 5
59 6
59 13
59 16
59 19
59 24
59 27
59 28
59 30
59 37
59 40
59 41
59 46
59 51
59 53
59 55
59 57
59 59
59 61
59 69
59 72
59 83
59 87
59 88
59 93
59 100
60 0
60 3
60 4
60 7
60 8
60 10
60 13
60 16
60 17
60 21
60 28
60 36
60 38
60 39
60 42
60 44
60 49
60 50
60 53
60 55
60 61
60 62
60 63
60 64
60 67
60 73
60 76
60 81
60 83
60 87
60 88
60 93
60 96
61 1
61 9
61 13
61 15
61 17
61 19
61 30
61 32
61 35
61 44
61 49
61 53
61 55
61 57
61 58
61 61
61 65
61 71
61 76
61 79
61 86
61 87
61 91
61 94
62 0
62 5
62 7
62 9
62 20
62 27
62 34
62 35
62 36
62 37
62 41
62 45
62 51
62 52
62 54
62 60
62 62
62 63
62 64
62 65
62 72
62 73
62 77
62 84
62 87
62 90
62 92
62 96
62 98
62 99
63 0
63 1
63 8
63 9
63 14
63 15
63 18
63 20
63 21
63 22
63 23
63 24
63 29
63 32
63 37
63 47
63 52
63 55
63 58
63 59
63 66
63 68
63 69
63 74
63 75
63 77
63 81
63 86
63 92
63 94
63 97
64 4
64 6
64 7
64 9
64 19
64 22
64 23
64 24
64 26
64 27
64 28
64 32
64 49
64 55
64 62
64 63
64 68
64 71
64 79
64 82
64 87
64 93
64 100
65 1
65 5
65 11
65 12
65 21
65 22
65 27
65 30
65 31
65 37
65 39
65 40
65 42
65 50
65 52
65 53
65 54
65 56
65 60
65 62
65 68
65 69
65 70
65 71
65 73
65 76
65 79
65 81
65 83
65 85
65 87
65 96
65 99
66 0
66 1
66 2
66 4
66 7
66 9
66 10
66 12
66 13
66 16
66 18
66 21
66 26
66 27
66 29
66 30
66 31
66 41
66 42
66 47
66 48
66 50
66 55
66 61
66 65
66 68
66 69
66 74
66 75
66 77
66 79
66 82
66 84
66 86
66 88
66 93
66 94
66 98
67 6
67 8
67 10
67 14
67 23
67 24
67 25
67 26
67 27
67 30
67 34
67 38
67 40
67 42
67 43
67 44
67 45
67 49
67 59
67 63
67 64
67 66
67 68
67 70
67 71
67 72
67 77
67 80
67 83
67 85
67 90
67 92
67 98
68 0
68 8
68 9
68 17
68 21
68 28
68 33
68 34
68 36
68 38
68 46
68 47
68 50
68 56
68 60
68 63
68 64
68 67
68 68
68 69
68 71
68 73
68 79
68 81
68 83
68 90
68 97
69 3
69 5
69 10
69 16
69 18
69 24
69 26
69 27
69 33
69 37
69 39
69 46
69 49
69 55
69 57
69 59
69 62
69 64
69 69
69 70
69 73
69 81
69 85
69 86
69 89
69 90
69 92
69 93
69 96
69 100
70 12
70 15
70 17
70 18
70 23
70 24
70 25
70 27
70 31
70 33
70 42
70 45
70 47
70 50
70 51
70 52
70 61
70 62
70 63
70 64
70 65
70 68
70 70
70 72
70 73
70 77
70 78
70 89
70 92
70 95
70 98
71 2
71 4
71 6
71 10
71 13
71 16
71 25
71 35
71 40
71 52
71 55
71 57
71 63
71 67
71 69
71 70
71 82
71 87
71 90
71 99
71 100
72 1
72 2
72 4
72 6
72 21
72 24
72 33
72 38
72 39
72 42
72 57
72 59
72 60
72 62
72 63
72 65
72 66
72 67
72 71
72 73
72 74
72 76
72 84
72 89
72 94
73 4
73 10
73 15
73 16
73 17
73 26
73 27
73 29
73 30
73 33
73 45
73 46
73 47
73 51
73 57
73 59
73 70
73 75
73 77
73 78
73 93
73 98
74 0
74 5
74 8
74 10
74 16
74 25
74 26
74 29
74 33
74 41
74 48
74 49
74 54
74 55
74 63
74 64
74 65
74 75
74 83
74 87
74 95
75 0
75 6
75 9
75 17
75 18
75 19
75 25
75 29
75 34
75 38
75 42
75 44
75 46
75 47
75 49
75 56
75 57
75 58
75 59
75 82
75 86
75 87
75 88
75 98
75 99
75 100
76 2
76 5
76 6
76 10
76 16
76 19
76 25
76 29
76 31
76 32
76 33
76 35
76 36
76 39
76 43
76 45
76 46
76 48
76 50
76 52
76 54
76 56
76 58
76 67
76 71
76 74
76 77
76 81
76 82
76 88
76 92
76 93
76 97
76 99
77 0
77 3
77 4
77 11
77 14
77 16
77 24
77 25
77 26
77 29
77 32
77 36
77 39
77 47
77 51
77 54
77 59
77 60
77 67
77 70
77 72
77 73
77 74
77 78
77 82
77 92
77 93
78 6
78 8
78 9
78 17
78 22
78 23
78 24
78 27
78 29
78 30
78 37
78 38
78 42
78 51
78 53
78 57
78 59
78 60
78 64
78 65
78 66
78 67
78 74
78 78
78 81
78 82
78 86
78 90
78 93
78 95
78 96
78 97
79 4
79 6
79 7
79 9
79 15
79 17
79 23
79 27
79 28
79 35
79 40
79 44
79 47
79 52
79 59
79 62
79 63
79 66
79 68
79 71
79 73
79 77
79 79
79 83
79 84
79 87
79 89
79 90
79 91
80 0
80 2
80 9
80 24
80 27
80 34
80 38
80 41
80 42
80 43
80 44
80 47
80 50
80 52
80 53
80 56
80 58
80 64
80 67
80 69
80 75
80 76
80 77
80 78
80 84
80 91
80 99
80 100
81 0
81 5
81 6
81 13
81 16
81 20
81 23
81 24
81 33
81 35
81 46
81 47
81 49
81 56
81 61
81 64
81 65
81 67
81 71
81 74
81 76
81 77
81 78
81 81
81 83
81 84
81 90
81 91
81 93
81 94
81 95
81 97
81 98
82 3
82 5
82 6
82 7
82 8
82 9
82 12
82 13
82 14
82 17
82 23
82 24
82 25
82 29
82 34
82 35
82 36
82 37
82 38
82 40
82 43
82 45
82 51
82 53
82 59
82 63
82 65
82 66
82 69
82 71
82 72
82 79
82 84
82 86
82 91
82 93
82 94
82 95
82 97
82 100
83 4
83 12
83 17
83 22
83 24
83 25
83 26
83 27
83 29
83 33
83 34
83 37
83 41
83 42
83 44
83 45
83 47
83 48
83 51
83 53
83 56
83 57
83 58
83 61
83 66
83 67
83 75
83 82
83 84
83 86
83 88
83 92
84 2
84 4
84 7
84 8
84 9
84 13
84 15
84 18
84 24
84 25
84 28
84 36
84 37
84 39
84 48
84 50
84 52
84 56
84 57
84 59
84 65
84 70
84 71
84 75
84 77
84 78
84 79
84 87
84 88
84 93
84 96
85 0
85 2
85 3
85 8
85 24
85 28
85 32
85 33
85 39
85 41
85 44
85 58
85 62
85 63
85 64
85 65
85 68
85 76
85 78
85 81
85 85
85 87
85 89
85 90
86 0
86 2
86 3
86 6
86 16
86 21
86 25
86 27
86 28
86 31
86 32
86 34
86 41
86 43
86 44
86 45
86 48
86 56
86 57
86 61
86 65
86 66
86 67
86 69
86 71
86 73
86 74
86 77
86 82
86 93
86 95
86 97
86 98
87 0
87 1
87 2
87 5
87 8
87 9
87 10
87 11
87 16
87 19
87 24
87 29
87 33
87 34
87 37
87 39
87 40
87 49
87 50
87 69
87 79
87 81
87 85
87 87
87 89
87 92
87 99
87 100
88 0
88 1
88 4
88 5
88 6
88 9
88 10
88 12
88 13
88 14
88 17
88 22
88 25
88 27
88 30
88 39
88 40
88 50
88 51
88 63
88 65
88 67
88 70
88 77
88 79
88 83
88 84
88 85
88 93
88 95
88 97
88 99
89 1
89 3
89 12
89 13
89 20
89 21
89 22
89 24
89 30
89 32
89 35
89 36
89 38
89 40
89 48
89 51
89 52
89 57
89 61
89 65
89 69
89 72
89 78
89 80
89 84
89 85
89 87
89 88
89 89
89 90
89 91
89 94
90 1
90 5
90 7
90 13
90 14
90 16
90 17
90 24
90 30
90 32
90 33
90 35
90 37
90 40
90 41
90 50
90 51
90 53
90 55
90 57
90 58
90 74
90 77
90 78
90 81
90 85
90 88
90 94
90 98
90 100
91 1
91 12
91 16
91 29
91 33
91 35
91 37
91 42
91 43
91 44
91 46
91 50
91 55
91 59
91 64
91 65
91 66
91 69
91 76
91 80
91 82
91 84
91 85
91 87
91 91
91 96
91 97
91 99
92 0
92 1
92 10
92 12
92 14
92 18
92 27
92 29
92 31
92 33
92 35
92 59
92 62
92 64
92 69
92 72
92 75
92 79
92 81
92 86
92 88
92 89
92 92
92 93
92 98
93 1
93 8
93 9
93 13
93 15
93 17
93 19
93 25
93 26
93 34
93 35
93 42
93 44
93 52
93 55
93 56
93 60
93 61
93 65
93 67
93 70
93 77
93 84
93 86
93 98
93 99
94 6
94 9
94 10
94 20
94 24
94 25
94 30
94 32
94 39
94 41
94 48
94 54
94 56
94 58
94 59
94 63
94 68
94 70
94 71
94 73
94 82
94 83
94 86
94 87
94 89
94 91
94 100
95 0
95 5
95 8
95 11
95 14
95 20
95 27
95 30
95 31
95 35
95 44
95 48
95 49
95 50
95 51
95 62
95 64
95 65
95 67
95 72
95 77
95 80
95 81
95 84
95 88
95 90
95 93
95 95
96 3
96 4
96 5
96 6
96 14
96 16
96 19
96 21
96 27
96 32
96 33
96 34
96 39
96 43
96 52
96 54
96 56
96 59
96 60
96 61
96 65
96 66
96 69
96 76
96 79
96 91
96 92
97 1
97 3
97 8
97 9
97 12
97 16
97 17
97 26
97 27
97 29
97 32
97 33
97 37
97 40
97 43
97 47
97 55
97 68
97 71
97 74
97 75
97 76
97 79
97 80
97 83
97 85
97 89
97 90
97 94
97 95
97 98
98 15
98 17
98 19
98 22
98 23
98 25
98 27
98 28
98 29
98 30
98 32
98 38
98 40
98 41
98 47
98 49
98 51
98 66
98 71
98 72
98 75
98 78
98 81
98 84
98 87
98 98
98 100
99 1
99 2
99 3
99 5
99 6
99 12
99 13
99 19
99 25
99 27
99 29
99 33
99 34
99 35
99 38
99 41
99 44
99 47
99 50
99 61
99 65
99 67
99 74
99 80
99 82
99 83
99 84
99 85
99 87
99 89
99 98
100 0
100 3
100 10
100 12
100 13
100 17
100 19
100 22
100 25
100 30
100 35
100 38
100 39
100 40
100 45
100 46
100 49
100 50
100 51
100 54
100 56
100 58
100 59
100 60
100 63
100 64
100 71
100 72
100 73
100 79
100 85
100 88
100 89
100 90
100 91
100 96
100 100
