0 0
0 2
0 4
0 5
0 9
0 11
0 12
0 23
0 25
0 27
0 29
0 35
0 38
0 39
0 41
0 42
0 44
0 50
0 53
0 54
0 58
0 60
0 62
0 72
0 73
0 76
0 77
0 78
0 80
0 90
0 94
0 96
0 99
1 1
1 3
1 4
1 9
1 10
1 15
1 16
1 18
1 24
1 25
1 26
1 27
1 34
1 43
1 45
1 48
1 50
1 51
1 52
1 60
1 65
1 67
1 70
1 72
1 76
1 77
1 78
1 79
1 81
1 82
1 83
1 84
1 93
1 97
1 99
2 2
2 6
2 10
2 14
2 17
2 18
2 20
2 21
2 23
2 27
2 30
2 36
2 38
2 42
2 43
2 44
2 50
2 51
2 52
2 55
2 58
2 63
2 70
2 72
2 73
2 74
2 77
2 82
2 83
2 85
2 96
2 97
2 99
2 100
3 4
3 7
3 9
3 10
3 11
3 16
3 18
3 21
3 27
3 31
3 32
3 35
3 36
3 40
3 42
3 44
3 48
3 49
3 51
3 52
3 53
3 64
3 68
3 74
3 75
3 79
3 81
3 90
3 91
3 93
3 97
3 98
4 2
4 6
4 15
4 19
4 29
4 30
4 31
4 33
4 34
4 37
4 38
4 39
4 41
4 42
4 44
4 45
4 46
4 48
4 53
4 54
4 66
4 69
4 70
4 71
4 74
4 77
4 94
4 95
4 97
5 2
5 4
5 5
5 6
5 10
5 16
5 17
5 19
5 21
5 23
5 25
5 31
5 34
5 35
5 39
5 42
5 43
5 46
5 48
5 52
5 59
5 64
5 66
5 71
5 72
5 73
5 75
5 76
5 86
5 87
5 91
5 92
5 93
5 98
5 99
5 100
6 1
6 3
6 4
6 11
6 13
6 16
6 17
6 20
6 21
6 26
6 29
6 30
6 32
6 33
6 36
6 37
6 38
6 43
6 46
6 47
6 48
6 49
6 50
6 51
6 53
6 54
6 57
6 58
6 68
6 69
6 70
6 75
6 76
6 81
6 99
7 0
7 1
7 3
7 6
7 7
7 8
7 15
7 20
7 34
7 35
7 36
7 38
7 46
7 52
7 59
7 62
7 65
7 80
7 82
7 87
7 92
7 95
7 96
7 98
8 3
8 5
8 14
8 16
8 21
8 23
8 24
8 25
8 26
8 27
8 37
8 38
8 39
8 41
8 44
8 49
8 58
8 62
8 68
8 74
8 78
8 85
8 86
8 87
8 95
8 96
8 99
9 6
9 10
9 12
9 14
9 17
9 21
9 24
9 25
9 28
9 42
9 46
9 47
9 48
9 49
9 58
9 59
9 63
9 66
9 67
9 69
9 73
9 82
9 84
9 88
9 94
9 96
9 97
10 0
10 5
10 7
10 11
10 12
10 14
10 17
10 23
10 26
10 29
10 30
10 31
10 40
10 43
10 50
10 51
10 58
10 60
10 64
10 67
10 68
10 70
10 71
10 72
10 74
10 76
10 81
10 82
10 83
10 84
10 86
10 88
10 89
10 90
10 91
10 94
10 95
10 96
10 99
11 0
11 1
11 2
11 4
11 8
11 10
11 17
11 20
11 21
11 23
11 25
11 26
11 29
11 30
11 35
11 37
11 45
11 46
11 48
11 49
11 51
11 57
11 59
11 60
11 61
11 62
11 63
11 64
11 68
11 72
11 77
11 85
11 88
11 90
11 94
11 98
12 1
12 6
12 9
12 23
12 26
12 37
12 47
12 50
12 51
12 52
12 56
12 62
12 64
12 65
12 71
12 74
12 76
12 78
12 82
12 83
12 84
12 86
12 91
12 93
12 99
12 100
13 0
13 3
13 4
13 5
13 9
13 13
13 15
13 24
13 25
13 27
13 28
13 29
13 30
13 31
13 33
13 42
13 45
13 48
13 51
13 53
13 55
13 58
13 61
13 62
13 68
13 76
13 80
13 81
13 83
13 84
13 88
13 94
13 96
13 98
14 0
14 2
14 5
14 11
14 17
14 18
14 20
14 28
14 34
14 35
14 37
14 43
14 47
14 48
14 50
14 56
14 57
14 58
14 65
14 66
14 68
14 69
14 70
14 71
14 73
14 74
14 76
14 79
14 80
14 81
14 86
14 88
14 97
14 99
15 5
15 7
15 9
15 12
15 14
15 15
15 16
15 23
15 25
15 34
15 35
15 36
15 38
15 45
15 48
15 50
15 51
15 57
15 58
15 59
15 65
15 66
15 69
15 73
15 84
15 86
15 87
15 88
15 91
15 94
15 95
16 0
16 2
16 16
16 18
16 21
16 24
16 25
16 26
16 34
16 40
16 43
16 45
16 56
16 57
16 61
16 63
16 68
16 71
16 73
16 77
16 79
16 85
16 92
16 94
17 1
17 2
17 3
17 4
17 6
17 7
17 8
17 9
17 15
17 19
17 21
17 22
17 25
17 26
17 29
17 32
17 34
17 43
17 45
17 46
17 56
17 57
17 58
17 59
17 61
17 64
17 66
17 68
17 71
17 74
17 76
17 77
17 80
17 83
17 85
17 88
17 89
17 90
17 91
17 92
17 94
17 96
18 4
18 5
18 6
18 9
18 11
18 15
18 19
18 21
18 23
18 24
18 30
18 34
18 35
18 36
18 37
18 38
18 45
18 47
18 54
18 64
18 65
18 66
18 69
18 83
18 84
18 87
18 92
18 93
18 97
18 100
19 3
19 6
19 7
19 8
19 9
19 12
19 15
19 22
19 23
19 24
19 25
19 26
19 33
19 35
19 37
19 44
19 47
19 48
19 49
19 55
19 58
19 61
19 63
19 64
19 67
19 69
19 74
19 76
19 78
19 81
19 84
19 86
19 88
19 90
19 92
19 95
19 96
20 2
20 6
20 7
20 10
20 11
20 15
20 17
20 21
20 23
20 24
20 29
20 31
20 34
20 36
20 37
20 38
20 39
20 41
20 44
20 47
20 57
20 58
20 59
20 60
20 65
20 69
20 70
20 74
20 80
20 82
20 84
20 86
20 91
20 92
20 97
20 98
20 99
20 100
21 1
21 3
21 6
21 7
21 12
21 15
21 18
21 19
21 21
21 32
21 36
21 37
21 38
21 43
21 44
21 45
21 47
21 48
21 55
21 57
21 59
21 70
21 71
21 76
21 84
21 88
21 92
21 93
21 95
22 0
22 3
22 8
22 9
22 12
22 16
22 22
22 24
22 37
22 39
22 43
22 47
22 48
22 54
22 58
22 75
22 76
22 78
22 80
22 85
22 86
22 87
22 88
22 90
22 91
22 94
22 99
22 100
23 2
23 3
23 4
23 9
23 11
23 16
23 24
23 25
23 45
23 47
23 52
23 60
23 64
23 71
23 72
23 78
23 80
23 83
23 88
23 97
24 2
24 6
24 7
24 11
24 14
24 15
24 17
24 19
24 21
24 22
24 23
24 28
24 34
24 42
24 44
24 45
24 46
24 49
24 50
24 53
24 58
24 59
24 60
24 63
24 64
24 67
24 68
24 70
24 80
24 81
24 82
24 83
24 85
24 94
24 97
25 0
25 2
25 3
25 4
25 12
25 14
25 20
25 23
25 33
25 35
25 36
25 38
25 39
25 48
25 49
25 55
25 56
25 64
25 65
25 67
25 74
25 78
25 79
25 83
25 85
25 90
26 7
26 8
26 14
26 15
26 18
26 21
26 25
26 27
26 28
26 31
26 32
26 36
26 43
26 44
26 45
26 50
26 51
26 53
26 60
26 62
26 64
26 68
26 71
26 74
26 75
26 80
26 83
26 88
26 90
26 94
26 95
26 97
26 98
27 1
27 10
27 13
27 15
27 19
27 22
27 23
27 26
27 29
27 36
27 44
27 49
27 50
27 56
27 60
27 63
27 65
27 78
27 80
27 85
27 87
27 89
27 90
27 95
27 99
28 0
28 1
28 4
28 6
28 15
28 23
28 24
28 29
28 32
28 36
28 37
28 39
28 43
28 46
28 53
28 56
28 57
28 61
28 64
28 69
28 74
28 77
28 84
28 89
28 94
28 96
28 100
29 1
29 6
29 9
29 10
29 11
29 14
29 18
29 23
29 28
29 35
29 37
29 40
29 41
29 42
29 43
29 44
29 45
29 48
29 49
29 52
29 53
29 63
29 65
29 66
29 70
29 71
29 76
29 81
29 89
29 91
29 93
29 96
29 97
29 98
29 99
30 4
30 5
30 10
30 15
30 19
30 20
30 24
30 25
30 32
30 35
30 36
30 44
30 46
30 50
30 55
30 58
30 66
30 67
30 68
30 69
30 72
30 74
30 75
30 76
30 79
30 84
30 85
30 88
30 93
30 94
30 95
31 9
31 11
31 14
31 16
31 17
31 19
31 20
31 27
31 30
31 35
31 39
31 43
31 46
31 47
31 48
31 54
31 56
31 57
31 62
31 64
31 65
31 67
31 68
31 70
31 76
31 77
31 78
31 80
31 85
31 90
31 94
31 99
31 100
32 0
32 3
32 6
32 7
32 8
32 9
32 10
32 13
32 17
32 19
32 23
32 27
32 29
32 30
32 34
32 35
32 37
32 45
32 46
32 48
32 52
32 53
32 55
32 75
32 98
33 3
33 4
33 9
33 10
33 15
33 17
33 18
33 28
33 29
33 30
33 34
33 39
33 43
33 45
33 51
33 52
33 53
33 55
33 56
33 67
33 70
33 74
33 75
33 76
33 83
33 85
33 86
33 93
33 96
34 5
34 7
34 8
34 13
34 14
34 15
34 21
34 22
34 23
34 31
34 32
34 34
34 36
34 40
34 41
34 44
34 50
34 52
34 53
34 54
34 58
34 65
34 70
34 78
34 85
34 87
34 97
35 2
35 7
35 10
35 14
35 17
35 19
35 25
35 26
35 28
35 37
35 40
35 42
35 44
35 53
35 55
35 61
35 62
35 76
35 83
35 90
35 92
35 93
35 97
35 100
36 7
36 9
36 10
36 12
36 14
36 21
36 22
36 25
36 26
36 27
36 31
36 36
36 44
36 45
36 46
36 56
36 59
36 60
36 62
36 63
36 64
36 66
36 67
36 71
36 74
36 83
36 86
36 89
36 91
36 92
36 94
36 95
36 99
36 100
37 0
37 1
37 4
37 6
37 10
37 11
37 13
37 37
37 41
37 45
37 53
37 56
37 57
37 60
37 62
37 67
37 68
37 70
37 71
37 72
37 74
37 76
37 78
37 82
37 85
37 89
37 91
37 94
37 95
37 96
37 97
38 9
38 18
38 24
38 27
38 32
38 33
38 38
38 40
38 43
38 47
38 48
38 50
38 52
38 55
38 57
38 58
38 59
38 60
38 68
38 72
38 74
38 77
38 79
38 80
38 82
38 87
38 98
38 99
39 4
39 15
39 16
39 20
39 21
39 27
39 29
39 30
39 34
39 39
39 45
39 48
39 49
39 56
39 57
39 58
39 59
39 60
39 63
39 65
39 71
39 82
39 87
39 88
39 89
39 90
39 91
39 92
39 93
39 95
39 96
39 97
39 98
39 99
40 0
40 1
40 2
40 3
40 7
40 10
40 11
40 17
40 20
40 25
40 26
40 32
40 37
40 38
40 41
40 42
40 45
40 59
40 61
40 63
40 64
40 68
40 73
40 74
40 77
40 81
40 91
40 93
40 94
40 95
40 96
40 97
41 1
41 9
41 10
41 14
41 16
41 19
41 21
41 22
41 25
41 26
41 34
41 35
41 37
41 40
41 45
41 51
41 53
41 54
41 56
41 57
41 58
41 63
41 64
41 65
41 66
41 72
41 75
41 77
41 81
41 84
41 95
41 96
42 0
42 1
42 7
42 8
42 9
42 10
42 11
42 12
42 15
42 16
42 17
42 31
42 33
42 34
42 39
42 47
42 52
42 54
42 55
42 56
42 58
42 59
42 64
42 65
42 66
42 67
42 69
42 79
42 81
42 86
42 92
42 96
43 2
43 4
43 5
43 12
43 14
43 15
43 19
43 25
43 27
43 30
43 36
43 42
43 46
43 47
43 64
43 66
43 68
43 69
43 74
43 78
43 84
43 85
43 89
43 91
43 92
43 93
43 95
43 98
43 99
44 6
44 9
44 11
44 12
44 13
44 18
44 19
44 23
44 28
44 29
44 31
44 40
44 45
44 47
44 48
44 49
44 50
44 53
44 55
44 56
44 61
44 65
44 66
44 67
44 69
44 71
44 73
44 75
44 86
44 91
44 92
44 94
44 95
44 96
44 97
44 99
45 2
45 3
45 6
45 7
45 12
45 13
45 15
45 17
45 19
45 20
45 24
45 30
45 32
45 35
45 41
45 42
45 45
45 51
45 56
45 60
45 61
45 66
45 67
45 68
45 69
45 73
45 74
45 78
45 81
45 93
45 95
45 96
45 99
45 100
46 0
46 2
46 4
46 19
46 22
46 30
46 31
46 32
46 37
46 45
46 50
46 53
46 54
46 56
46 57
46 64
46 65
46 66
46 70
46 71
46 73
46 74
46 77
46 79
46 80
46 84
46 85
46 88
46 90
46 91
46 98
46 99
47 11
47 12
47 14
47 22
47 33
47 34
47 40
47 44
47 45
47 50
47 51
47 56
47 71
47 72
47 74
47 76
47 80
47 82
47 83
47 84
47 88
47 89
47 90
47 91
47 93
47 100
48 5
48 6
48 7
48 9
48 10
48 13
48 15
48 16
48 17
48 33
48 35
48 37
48 39
48 42
48 48
48 50
48 51
48 58
48 60
48 71
48 72
48 76
48 79
48 86
48 87
48 88
48 91
48 92
48 93
48 94
48 99
49 1
49 2
49 3
49 6
49 9
49 10
49 11
49 13
49 15
49 26
49 27
49 31
49 41
49 42
49 44
49 46
49 47
49 49
49 50
49 52
49 53
49 54
49 55
49 56
49 58
49 62
49 71
49 74
49 75
49 79
49 81
49 87
49 90
49 92
49 93
49 95
49 96
49 98
50 0
50 1
50 3
50 6
50 7
50 15
50 20
50 25
50 26
50 28
50 32
50 42
50 43
50 45
50 48
50 58
50 62
50 63
50 69
50 70
50 72
50 73
50 74
50 75
50 77
50 78
50 80
50 87
50 89
50 90
50 91
50 93
50 94
50 96
50 99
50 100
51 3
51 5
51 6
51 7
51 15
51 17
51 19
51 22
51 26
51 28
51 31
51 34
51 36
51 41
51 42
51 46
51 48
51 49
51 52
51 55
51 58
51 60
51 67
51 77
51 78
51 80
51 81
51 84
51 90
51 92
51 97
52 0
52 3
52 7
52 10
52 17
52 18
52 20
52 30
52 33
52 35
52 41
52 48
52 60
52 61
52 69
52 70
52 74
52 75
52 76
52 80
52 86
52 87
52 91
52 93
52 97
52 99
53 1
53 4
53 7
53 8
53 12
53 17
53 22
53 23
53 24
53 26
53 27
53 28
53 31
53 34
53 35
53 37
53 43
53 44
53 49
53 57
53 58
53 61
53 62
53 63
53 75
53 80
53 82
53 84
53 88
53 92
53 96
53 99
54 2
54 3
54 7
54 8
54 9
54 12
54 17
54 20
54 22
54 25
54 26
54 29
54 34
54 35
54 41
54 43
54 44
54 45
54 46
54 47
54 51
54 54
54 55
54 57
54 68
54 73
54 78
54 80
54 83
54 94
54 97
54 98
54 100
55 4
55 12
55 13
55 16
55 24
55 27
55 28
55 29
55 30
55 33
55 39
55 44
55 50
55 52
55 54
55 55
55 66
55 67
55 68
55 70
55 72
55 73
55 74
55 78
55 80
55 83
55 85
55 88
55 92
55 93
55 94
55 95
56 0
56 3
56 4
56 7
56 8
56 10
56 14
56 16
56 18
56 24
56 25
56 28
56 32
56 33
56 35
56 38
56 44
56 45
56 46
56 49
56 51
56 52
56 54
56 55
56 58
56 63
56 74
56 75
56 78
56 82
56 86
56 100
57 0
57 1
57 3
57 11
57 15
57 17
57 18
57 19
57 21
57 24
57 26
57 28
57 32
57 37
57 41
57 48
57 51
57 55
57 56
57 62
57 65
57 72
57 73
57 74
57 75
57 76
57 85
57 87
57 89
57 92
57 93
57 95
57 96
57 98
57 99
58 5
58 7
58 9
58 13
58 19
58 22
58 24
58 26
58 27
58 29
58 31
58 33
58 34
58 35
58 42
58 44
58 50
58 52
58 65
58 70
58 71
58 72
58 78
58 81
58 82
58 86
58 87
58 92
58 95
58 97
58 98
58 99
59 4
59 5
59 7
59 9
59 17
59 19
59 21
59 25
59 27
59 35
59 38
59 43
59 44
59 47
59 48
59 50
59 51
59 54
59 61
59 63
59 65
59 67
59 71
59 78
59 88
59 89
59 97
60 1
60 7
60 14
60 21
60 22
60 36
60 39
60 40
60 42
60 44
60 55
60 61
60 62
60 67
60 70
60 80
60 83
60 88
60 91
60 92
60 94
60 97
61 4
61 10
61 12
61 13
61 14
61 15
61 16
61 19
61 23
61 32
61 39
61 51
61 57
61 59
61 62
61 64
61 67
61 71
61 75
61 76
61 82
61 85
61 87
61 89
61 90
61 94
61 100
62 0
62 2
62 3
62 6
62 8
62 10
62 15
62 16
62 28
62 29
62 39
62 40
62 48
62 49
62 56
62 58
62 60
62 64
62 65
62 67
62 71
62 72
62 73
62 78
62 89
62 92
62 94
62 95
62 96
62 97
63 4
63 5
63 9
63 14
63 19
63 21
63 22
63 23
63 34
63 37
63 39
63 40
63 42
63 43
63 52
63 61
63 62
63 63
63 66
63 72
63 80
63 82
63 84
63 95
63 98
64 5
64 9
64 10
64 14
64 15
64 22
64 23
64 25
64 26
64 29
64 30
64 33
64 37
64 40
64 45
64 54
64 55
64 58
64 65
64 67
64 70
64 77
64 78
64 79
64 81
64 82
64 84
64 85
64 86
64 91
64 93
64 94
64 99
65 5
65 8
65 10
65 13
65 20
65 21
65 22
65 24
65 28
65 34
65 56
65 61
65 65
65 68
65 71
65 72
65 73
65 76
65 77
65 81
65 82
65 85
65 91
65 97
65 99
66 1
66 2
66 3
66 4
66 11
66 17
66 22
66 26
66 30
66 33
66 34
66 36
66 37
66 39
66 40
66 43
66 44
66 47
66 48
66 50
66 53
66 56
66 57
66 58
66 59
66 60
66 61
66 62
66 64
66 65
66 66
66 70
66 74
66 76
66 78
66 79
66 84
66 89
66 95
66 97
66 99
66 100
67 2
67 4
67 5
67 6
67 7
67 14
67 16
67 18
67 20
67 23
67 29
67 33
67 40
67 42
67 45
67 52
67 56
67 57
67 58
67 61
67 63
67 65
67 68
67 74
67 75
67 77
67 81
67 85
67 86
67 100
68 0
68 1
68 5
68 16
68 17
68 25
68 26
68 29
68 30
68 33
68 35
68 37
68 40
68 43
68 45
68 47
68 48
68 58
68 70
68 71
68 72
68 76
68 81
68 86
68 88
68 94
68 99
68 100
69 3
69 4
69 5
69 6
69 7
69 10
69 12
69 19
69 24
69 29
69 31
69 40
69 41
69 48
69 49
69 54
69 57
69 62
69 63
69 64
69 65
69 69
69 73
69 76
69 84
69 89
69 92
69 94
69 95
70 0
70 8
70 18
70 23
70 29
70 30
70 35
70 39
70 40
70 43
70 47
70 48
70 49
70 50
70 54
70 58
70 59
70 63
70 72
70 75
70 76
70 78
70 85
70 89
70 90
70 94
71 2
71 4
71 9
71 10
71 15
71 19
71 20
71 26
71 30
71 36
71 37
71 38
71 42
71 45
71 48
71 52
71 55
71 57
71 59
71 61
71 64
71 73
71 77
71 79
71 80
71 81
71 86
71 87
71 94
71 95
71 98
71 100
72 1
72 2
72 7
72 10
72 15
72 16
72 19
72 21
72 22
72 25
72 32
72 33
72 34
72 35
72 41
72 46
72 53
72 56
72 60
72 62
72 64
72 70
72 72
72 73
72 76
72 77
72 78
72 81
72 88
72 95
72 98
73 1
73 2
73 4
73 5
73 12
73 14
73 15
73 18
73 20
73 23
73 27
73 30
73 32
73 35
73 37
73 44
73 45
73 50
73 51
73 63
73 67
73 68
73 69
73 70
73 74
73 75
73 81
73 82
73 83
73 91
73 92
74 2
74 4
74 7
74 8
74 16
74 19
74 22
74 23
74 24
74 33
74 35
74 40
74 43
74 44
74 48
74 53
74 57
74 58
74 60
74 65
74 73
74 75
74 78
74 81
74 82
74 89
74 91
75 1
75 6
75 13
75 14
75 15
75 18
75 19
75 20
75 22
75 23
75 24
75 25
75 29
75 32
75 33
75 34
75 38
75 44
75 48
75 51
75 52
75 57
75 58
75 60
75 61
75 63
75 65
75 67
75 68
75 72
75 73
75 77
75 78
75 80
75 81
75 82
75 83
75 85
75 87
75 93
75 97
75 98
75 100
76 1
76 4
76 5
76 6
76 7
76 12
76 15
76 26
76 29
76 37
76 40
76 44
76 45
76 46
76 48
76 49
76 52
76 60
76 61
76 67
76 68
76 69
76 77
76 81
76 82
76 85
76 91
76 94
76 97
76 99
77 5
77 6
77 7
77 21
77 23
77 25
77 27
77 28
77 32
77 38
77 41
77 43
77 46
77 52
77 55
77 60
77 64
77 72
77 73
77 75
77 76
77 78
77 88
77 89
77 90
77 93
77 94
77 99
78 2
78 7
78 10
78 11
78 13
78 21
78 25
78 41
78 48
78 55
78 58
78 59
78 63
78 71
78 75
78 78
78 82
78 90
78 96
78 99
78 100
79 2
79 3
79 5
79 6
79 12
79 18
79 20
79 33
79 37
79 42
79 46
79 47
79 50
79 51
79 52
79 53
79 54
79 60
79 62
79 80
79 82
79 84
79 87
79 96
79 98
80 4
80 10
80 13
80 22
80 23
80 25
80 26
80 27
80 34
80 38
80 39
80 40
80 42
80 45
80 47
80 54
80 57
80 63
80 64
80 65
80 66
80 68
80 70
80 74
80 78
80 80
80 83
80 85
80 87
80 88
80 89
80 90
80 93
80 100
81 0
81 1
81 2
81 5
81 8
81 9
81 10
81 11
81 17
81 19
81 20
81 24
81 28
81 34
81 35
81 38
81 46
81 52
81 59
81 62
81 63
81 66
81 67
81 71
81 75
81 76
81 81
81 82
81 83
81 85
81 87
81 89
81 90
81 91
81 94
81 99
81 100
82 1
82 3
82 4
82 6
82 8
82 12
82 13
82 14
82 15
82 16
82 19
82 36
82 39
82 40
82 42
82 45
82 51
82 52
82 55
82 56
82 63
82 64
82 65
82 69
82 70
82 72
82 73
82 74
82 75
82 81
82 84
82 86
82 90
82 92
82 95
83 0
83 1
83 2
83 6
83 9
83 21
83 24
83 32
83 33
83 39
83 41
83 43
83 45
83 52
83 55
83 65
83 66
83 70
83 71
83 74
83 80
83 82
83 83
83 85
83 87
83 89
83 90
83 100
84 0
84 1
84 2
84 7
84 11
84 12
84 15
84 18
84 19
84 22
84 26
84 28
84 31
84 32
84 34
84 41
84 47
84 48
84 53
84 54
84 56
84 57
84 58
84 61
84 63
84 66
84 68
84 70
84 73
84 75
84 76
84 80
84 81
84 83
84 84
84 90
84 92
84 93
84 95
85 0
85 2
85 3
85 8
85 9
85 12
85 13
85 17
85 18
85 25
85 26
85 27
85 28
85 29
85 31
85 33
85 38
85 43
85 51
85 55
85 56
85 57
85 63
85 64
85 71
85 73
85 77
85 79
85 80
85 85
85 90
85 93
85 95
85 98
86 1
86 2
86 3
86 6
86 7
86 11
86 15
86 17
86 18
86 19
86 25
86 27
86 29
86 30
86 33
86 42
86 43
86 44
86 50
86 53
86 55
86 56
86 60
86 64
86 66
86 69
86 73
86 74
86 78
86 85
86 94
86 97
86 98
87 4
87 8
87 9
87 19
87 20
87 22
87 29
87 31
87 35
87 42
87 51
87 52
87 54
87 56
87 58
87 59
87 61
87 62
87 71
87 72
87 90
87 93
88 7
88 15
88 16
88 24
88 26
88 27
88 29
88 32
88 36
88 48
88 53
88 57
88 61
88 63
88 68
88 70
88 72
88 78
88 81
88 82
88 86
88 87
88 92
88 94
88 95
88 98
89 2
89 3
89 6
89 9
89 24
89 25
89 39
89 41
89 46
89 50
89 69
89 70
89 72
89 80
89 82
89 84
89 89
89 91
89 93
89 94
89 95
89 96
89 98
89 100
90 0
90 2
90 3
90 5
90 7
90 11
90 14
90 16
90 19
90 20
90 28
90 32
90 34
90 35
90 37
90 38
90 39
90 40
90 44
90 47
90 49
90 50
90 53
90 55
90 60
90 63
90 66
90 73
90 86
90 87
90 92
91 0
91 2
91 4
91 5
91 12
91 14
91 16
91 17
91 24
91 31
91 32
91 33
91 42
91 45
91 46
91 48
91 49
91 50
91 53
91 63
91 67
91 76
91 84
91 90
91 93
91 97
91 100
92 2
92 10
92 14
92 25
92 43
92 45
92 50
92 57
92 68
92 72
92 73
92 74
92 78
92 83
92 85
92 87
92 90
92 91
92 94
92 97
92 99
93 1
93 2
93 3
93 5
93 9
93 11
93 14
93 16
93 17
93 19
93 23
93 24
93 25
93 26
93 27
93 29
93 31
93 32
93 33
93 39
93 45
93 48
93 50
93 56
93 60
93 63
93 64
93 71
93 72
93 77
93 89
93 90
93 92
93 93
93 94
93 95
93 96
93 99
94 1
94 4
94 5
94 6
94 8
94 14
94 15
94 19
94 21
94 27
94 28
94 33
94 34
94 42
94 43
94 44
94 47
94 49
94 52
94 55
94 58
94 61
94 63
94 70
94 71
94 75
94 76
94 77
94 83
94 86
94 94
94 99
95 0
95 5
95 6
95 20
95 23
95 25
95 30
95 35
95 39
95 44
95 45
95 47
95 48
95 49
95 51
95 52
95 55
95 57
95 60
95 66
95 68
95 70
95 72
95 73
95 81
95 86
95 87
95 88
95 89
95 93
95 97
95 98
95 100
96 2
96 10
96 11
96 21
96 23
96 25
96 27
96 37
96 40
96 42
96 45
96 49
96 50
96 56
96 57
96 58
96 63
96 69
96 70
96 77
96 79
96 82
96 84
96 85
96 88
96 90
96 91
96 92
96 94
96 100
97 7
97 9
97 12
97 14
97 15
97 21
97 22
97 24
97 28
97 31
97 34
97 41
97 43
97 44
97 47
97 56
97 59
97 61
97 68
97 69
97 71
97 74
97 75
97 77
97 82
97 84
97 91
98 0
98 1
98 6
98 7
98 13
98 18
98 19
98 21
98 27
98 28
98 30
98 33
98 46
98 48
98 59
98 62
98 65
98 67
98 68
98 69
98 70
98 71
98 72
98 74
98 80
98 81
98 82
98 85
98 87
98 88
98 98
99 1
99 4
99 5
99 8
99 9
99 14
99 18
99 20
99 23
99 26
99 28
99 30
99 34
99 38
99 41
99 42
99 47
99 48
99 52
99 58
99 59
99 60
99 65
99 67
99 68
99 77
99 82
99 84
99 85
99 87
99 88
99 96
99 99
100 2
100 6
100 11
100 13
100 17
100 18
100 30
100 34
100 37
100 40
100 45
100 51
100 52
100 53
100 64
100 72
100 75
100 82
100 85
100 87
100 88
100 89
100 91
100 95
100 97
100 100
