0 9
0 12
0 16
0 17
0 18
0 20
0 21
0 24
0 34
0 36
0 37
0 38
0 39
0 42
0 44
0 45
0 52
0 56
0 61
0 63
0 66
0 67
0 71
0 73
0 74
0 76
0 80
0 83
0 85
0 88
0 92
0 95
1 0
1 1
1 5
1 19
1 20
1 21
1 24
1 28
1 29
1 31
1 33
1 40
1 41
1 46
1 47
1 52
1 55
1 60
1 62
1 67
1 74
1 78
1 80
1 81
1 83
1 85
1 87
1 93
1 96
1 100
2 0
2 7
2 11
2 14
2 15
2 16
2 17
2 21
2 22
2 26
2 29
2 30
2 32
2 41
2 42
2 43
2 44
2 45
2 51
2 54
2 56
2 57
2 58
2 59
2 60
2 62
2 70
2 74
2 76
2 78
2 81
2 82
2 83
2 85
2 86
2 89
2 90
2 91
2 92
2 98
2 100
3 1
3 5
3 7
3 12
3 15
3 18
3 19
3 24
3 27
3 32
3 40
3 44
3 45
3 50
3 52
3 53
3 57
3 59
3 60
3 61
3 65
3 67
3 68
3 81
3 83
3 85
3 91
3 92
3 97
3 98
3 99
4 6
4 7
4 10
4 11
4 13
4 17
4 18
4 19
4 22
4 23
4 29
4 31
4 34
4 36
4 40
4 43
4 44
4 46
4 47
4 50
4 51
4 53
4 54
4 55
4 56
4 58
4 59
4 63
4 65
4 83
4 84
4 86
4 88
4 89
4 90
4 95
4 98
4 99
5 1
5 2
5 3
5 4
5 6
5 10
5 15
5 16
5 19
5 29
5 30
5 31
5 39
5 44
5 48
5 53
5 57
5 59
5 63
5 64
5 67
5 72
5 78
5 86
5 96
5 97
6 0
6 2
6 5
6 9
6 15
6 18
6 19
6 20
6 22
6 23
6 26
6 31
6 36
6 37
6 38
6 39
6 41
6 42
6 48
6 51
6 63
6 64
6 70
6 73
6 76
6 78
6 80
6 84
6 86
6 92
6 93
6 96
6 99
7 5
7 6
7 11
7 12
7 13
7 16
7 17
7 20
7 23
7 29
7 30
7 35
7 41
7 48
7 53
7 56
7 57
7 58
7 61
7 63
7 72
7 76
7 79
7 84
7 86
7 90
7 91
7 93
7 97
7 98
7 100
8 0
8 1
8 11
8 12
8 15
8 21
8 22
8 25
8 28
8 31
8 34
8 36
8 41
8 45
8 48
8 50
8 59
8 66
8 67
8 73
8 74
8 80
8 90
8 93
8 95
8 98
8 99
8 100
9 1
9 5
9 15
9 18
9 19
9 22
9 28
9 30
9 31
9 32
9 33
9 34
9 35
9 40
9 42
9 44
9 46
9 47
9 52
9 54
9 56
9 57
9 60
9 62
9 72
9 75
9 79
9 81
9 90
9 92
9 93
9 98
10 0
10 1
10 7
10 9
10 11
10 13
10 15
10 17
10 19
10 22
10 27
10 30
10 32
10 36
10 40
10 42
10 43
10 44
10 45
10 47
10 61
10 72
10 77
10 78
10 80
10 84
10 89
10 92
10 95
10 96
11 3
11 6
11 7
11 10
11 17
11 24
11 26
11 30
11 31
11 32
11 33
11 35
11 37
11 44
11 47
11 48
11 51
11 55
11 56
11 59
11 64
11 65
11 79
11 81
11 83
11 85
11 87
11 98
11 99
12 1
12 2
12 5
12 6
12 8
12 10
12 18
12 19
12 24
12 26
12 27
12 31
12 35
12 39
12 40
12 45
12 49
12 50
12 51
12 53
12 54
12 69
12 71
12 73
12 77
12 81
12 84
12 92
12 94
12 95
12 99
12 100
13 4
13 6
13 14
13 21
13 22
13 24
13 29
13 35
13 38
13 39
13 41
13 45
13 48
13 51
13 53
13 62
13 64
13 65
13 66
13 70
13 72
13 78
13 80
13 83
13 90
13 92
13 98
13 99
14 3
14 7
14 8
14 9
14 11
14 12
14 14
14 16
14 17
14 34
14 44
14 45
14 49
14 50
14 52
14 53
14 59
14 60
14 67
14 69
14 74
14 75
14 78
14 83
14 84
14 85
14 87
14 90
14 95
14 99
15 1
15 2
15 8
15 15
15 18
15 20
15 21
15 28
15 32
15 34
15 35
15 38
15 41
15 42
15 44
15 45
15 47
15 49
15 50
15 52
15 57
15 58
15 61
15 62
15 68
15 69
15 70
15 74
15 79
15 80
15 82
15 85
15 87
15 89
15 91
15 95
16 3
16 6
16 11
16 15
16 16
16 17
16 23
16 27
16 29
16 32
16 34
16 40
16 41
16 42
16 43
16 44
16 50
16 54
16 55
16 56
16 58
16 62
16 63
16 64
16 65
16 67
16 68
16 71
16 72
16 76
16 78
16 79
16 81
16 86
16 93
16 97
16 98
17 0
17 5
17 7
17 12
17 33
17 38
17 43
17 45
17 47
17 48
17 50
17 53
17 57
17 66
17 72
17 78
17 81
17 83
17 85
17 87
17 94
17 95
17 97
17 98
17 100
18 1
18 5
18 10
18 11
18 12
18 16
18 17
18 21
18 24
18 39
18 43
18 49
18 51
18 53
18 58
18 62
18 63
18 65
18 73
18 79
18 80
18 81
18 82
18 97
18 98
18 99
18 100
19 0
19 3
19 4
19 5
19 9
19 11
19 12
19 13
19 14
19 16
19 20
19 21
19 22
19 26
19 30
19 35
19 37
19 39
19 40
19 41
19 48
19 49
19 50
19 54
19 55
19 57
19 62
19 63
19 65
19 67
19 73
19 81
19 86
19 89
19 98
19 100
20 4
20 5
20 12
20 15
20 18
20 19
20 21
20 25
20 32
20 33
20 48
20 52
20 53
20 56
20 60
20 62
20 63
20 64
20 65
20 72
20 76
20 78
20 82
20 84
20 91
20 98
21 0
21 2
21 3
21 4
21 10
21 25
21 27
21 42
21 56
21 57
21 59
21 65
21 66
21 67
21 71
21 79
21 83
21 84
21 85
21 86
21 89
21 91
21 92
21 94
22 9
22 14
22 16
22 18
22 20
22 22
22 25
22 27
22 36
22 37
22 40
22 42
22 45
22 47
22 48
22 49
22 52
22 54
22 56
22 57
22 61
22 63
22 65
22 66
22 68
22 71
22 83
22 85
22 92
22 96
22 97
22 99
22 100
23 3
23 9
23 12
23 20
23 22
23 32
23 33
23 34
23 40
23 52
23 57
23 59
23 64
23 66
23 67
23 68
23 69
23 71
23 74
23 76
23 78
23 79
23 83
23 85
23 86
23 96
24 8
24 13
24 16
24 19
24 25
24 29
24 32
24 34
24 37
24 42
24 43
24 45
24 49
24 51
24 54
24 59
24 64
24 67
24 68
24 70
24 71
24 72
24 75
24 77
24 82
24 83
24 86
24 90
24 97
24 99
24 100
25 8
25 12
25 15
25 17
25 18
25 22
25 27
25 28
25 33
25 36
25 37
25 38
25 41
25 43
25 47
25 50
25 51
25 54
25 56
25 57
25 60
25 61
25 63
25 72
25 73
25 74
25 79
25 87
25 91
25 93
25 94
26 3
26 4
26 19
26 25
26 31
26 32
26 41
26 43
26 46
26 49
26 55
26 56
26 57
26 70
26 75
26 76
26 77
26 78
26 81
26 83
26 84
26 85
26 86
26 87
26 91
26 100
27 0
27 1
27 8
27 9
27 12
27 18
27 19
27 27
27 28
27 29
27 32
27 33
27 34
27 49
27 50
27 51
27 53
27 54
27 57
27 66
27 68
27 74
27 75
27 77
27 78
27 80
27 82
27 84
27 86
27 95
27 96
28 0
28 1
28 7
28 9
28 10
28 13
28 17
28 24
28 25
28 33
28 34
28 39
28 40
28 42
28 43
28 44
28 45
28 46
28 47
28 54
28 55
28 61
28 66
28 67
28 68
28 69
28 72
28 80
28 81
28 83
28 85
28 86
28 90
28 91
28 93
29 0
29 2
29 7
29 13
29 15
29 16
29 21
29 22
29 31
29 36
29 37
29 38
29 41
29 43
29 47
29 49
29 51
29 54
29 58
29 60
29 65
29 66
29 68
29 69
29 71
29 82
29 83
29 85
29 89
29 93
29 94
29 96
29 98
30 0
30 6
30 10
30 11
30 13
30 16
30 19
30 20
30 23
30 24
30 26
30 32
30 35
30 36
30 41
30 48
30 49
30 51
30 53
30 58
30 60
30 62
30 65
30 71
30 74
30 79
30 82
30 83
30 87
30 88
30 90
30 91
30 100
31 3
31 4
31 6
31 8
31 12
31 18
31 19
31 20
31 27
31 29
31 34
31 41
31 42
31 48
31 50
31 51
31 58
31 65
31 66
31 69
31 70
31 74
31 77
31 97
31 99
32 3
32 4
32 7
32 14
32 15
32 16
32 19
32 20
32 22
32 23
32 26
32 27
32 28
32 29
32 32
32 41
32 43
32 44
32 46
32 48
32 54
32 55
32 61
32 67
32 71
32 74
32 75
32 79
32 81
32 84
32 86
32 90
32 92
32 96
32 97
33 8
33 15
33 19
33 21
33 30
33 38
33 39
33 41
33 44
33 48
33 49
33 50
33 54
33 62
33 64
33 65
33 69
33 73
33 74
33 77
33 79
33 81
33 86
33 88
33 93
33 94
33 99
33 100
34 0
34 1
34 2
34 9
34 10
34 12
34 13
34 18
34 21
34 22
34 25
34 26
34 39
34 49
34 53
34 54
34 55
34 64
34 67
34 68
34 72
34 74
34 77
34 81
34 82
34 85
34 87
34 88
34 90
34 93
34 96
35 10
35 12
35 13
35 18
35 20
35 21
35 23
35 24
35 29
35 31
35 33
35 34
35 35
35 37
35 40
35 41
35 42
35 47
35 49
35 50
35 53
35 57
35 62
35 65
35 67
35 68
35 70
35 71
35 74
35 76
35 80
35 83
35 84
35 85
35 86
35 95
35 97
35 98
36 1
36 8
36 9
36 10
36 14
36 17
36 18
36 19
36 20
36 22
36 24
36 27
36 29
36 33
36 36
36 37
36 43
36 48
36 56
36 66
36 77
36 79
36 80
36 81
36 92
36 95
37 0
37 3
37 4
37 9
37 10
37 11
37 15
37 16
37 18
37 20
37 21
37 22
37 28
37 33
37 36
37 37
37 39
37 42
37 43
37 44
37 46
37 54
37 59
37 60
37 67
37 68
37 71
37 77
37 79
37 83
37 85
37 92
37 93
37 94
37 98
37 100
38 0
38 3
38 5
38 8
38 14
38 21
38 23
38 24
38 31
38 32
38 33
38 35
38 38
38 39
38 41
38 44
38 46
38 59
38 63
38 66
38 68
38 71
38 74
38 79
38 81
38 90
38 91
38 92
38 93
38 97
38 99
39 0
39 7
39 9
39 12
39 13
39 15
39 25
39 27
39 33
39 34
39 36
39 42
39 43
39 45
39 49
39 53
39 55
39 58
39 62
39 63
39 69
39 76
39 78
39 88
39 89
39 90
39 91
39 93
39 95
39 97
40 0
40 1
40 5
40 10
40 11
40 12
40 13
40 15
40 17
40 18
40 21
40 23
40 26
40 31
40 32
40 44
40 46
40 53
40 54
40 56
40 59
40 64
40 65
40 67
40 69
40 74
40 75
40 77
40 78
40 79
40 80
40 82
40 83
40 86
40 92
41 1
41 7
41 8
41 15
41 18
41 20
41 26
41 31
41 32
41 42
41 48
41 55
41 62
41 64
41 71
41 72
41 74
41 79
41 80
41 81
41 83
41 84
41 94
41 95
41 96
41 98
41 100
42 1
42 7
42 9
42 13
42 22
42 28
42 35
42 41
42 42
42 46
42 48
42 50
42 53
42 54
42 59
42 60
42 61
42 63
42 66
42 68
42 72
42 75
42 76
42 80
42 82
42 86
42 93
42 94
42 96
43 0
43 5
43 8
43 9
43 11
43 14
43 23
43 24
43 32
43 34
43 36
43 38
43 40
43 46
43 48
43 49
43 60
43 61
43 62
43 65
43 67
43 68
43 69
43 73
43 78
43 79
43 80
43 82
43 84
43 86
43 94
43 95
43 98
43 100
44 0
44 3
44 14
44 31
44 34
44 38
44 40
44 45
44 46
44 47
44 50
44 59
44 72
44 88
44 92
44 93
44 96
44 97
45 0
45 4
45 8
45 11
45 16
45 18
45 20
45 24
45 27
45 35
45 39
45 45
45 46
45 48
45 49
45 54
45 60
45 61
45 75
45 76
45 84
45 85
45 89
45 93
45 95
45 97
45 100
46 1
46 3
46 5
46 10
46 17
46 25
46 30
46 37
46 41
46 43
46 48
46 50
46 54
46 56
46 61
46 64
46 66
46 68
46 69
46 73
46 76
46 78
46 81
46 88
46 90
46 96
46 97
47 0
47 2
47 3
47 4
47 9
47 10
47 11
47 12
47 14
47 15
47 22
47 23
47 26
47 29
47 30
47 37
47 39
47 40
47 44
47 49
47 51
47 59
47 70
47 71
47 72
47 76
47 82
47 85
47 87
47 88
47 92
47 94
47 95
48 6
48 13
48 19
48 21
48 22
48 24
48 33
48 37
48 39
48 44
48 49
48 50
48 56
48 57
48 59
48 60
48 63
48 64
48 68
48 70
48 75
48 79
48 86
48 88
48 89
48 90
48 96
48 97
48 100
49 7
49 8
49 11
49 14
49 20
49 22
49 26
49 30
49 31
49 34
49 35
49 38
49 39
49 42
49 44
49 45
49 47
49 51
49 54
49 58
49 62
49 66
49 68
49 69
49 72
49 75
49 83
49 86
49 89
49 91
49 99
50 0
50 10
50 11
50 13
50 14
50 17
50 28
50 29
50 32
50 34
50 35
50 36
50 39
50 40
50 41
50 42
50 45
50 49
50 56
50 57
50 60
50 61
50 66
50 69
50 70
50 74
50 75
50 76
50 82
50 84
50 85
50 86
50 89
51 0
51 2
51 5
51 12
51 14
51 24
51 28
51 30
51 33
51 35
51 38
51 41
51 44
51 47
51 57
51 59
51 60
51 67
51 76
51 77
51 84
51 87
51 90
51 93
51 94
51 99
52 2
52 4
52 5
52 7
52 8
52 20
52 22
52 24
52 32
52 34
52 42
52 47
52 56
52 63
52 68
52 70
52 80
52 84
52 85
52 86
52 92
52 94
52 95
52 100
53 2
53 5
53 11
53 15
53 21
53 24
53 25
53 26
53 30
53 34
53 43
53 51
53 53
53 57
53 60
53 61
53 62
53 64
53 67
53 68
53 69
53 70
53 72
53 74
53 81
53 86
53 89
53 96
53 97
53 98
54 8
54 11
54 17
54 18
54 20
54 21
54 23
54 28
54 32
54 35
54 36
54 39
54 41
54 45
54 47
54 49
54 50
54 55
54 56
54 60
54 62
54 67
54 68
54 71
54 73
54 74
54 75
54 79
54 80
54 81
54 83
54 86
54 88
54 98
55 5
55 7
55 11
55 12
55 14
55 16
55 20
55 22
55 24
55 33
55 40
55 46
55 49
55 50
55 57
55 62
55 65
55 66
55 68
55 73
55 79
55 81
55 84
55 86
55 94
55 97
55 99
56 4
56 7
56 8
56 27
56 33
56 34
56 36
56 37
56 42
56 44
56 49
56 56
56 61
56 63
56 66
56 68
56 70
56 73
56 75
56 80
56 84
56 89
56 91
56 94
56 95
56 100
57 1
57 3
57 10
57 11
57 15
57 16
57 17
57 18
57 21
57 24
57 31
57 34
57 35
57 36
57 39
57 41
57 42
57 43
57 44
57 47
57 50
57 57
57 65
57 66
57 67
57 70
57 72
57 73
57 76
57 84
57 89
57 91
57 92
57 94
58 9
58 10
58 11
58 35
58 47
58 48
58 49
58 50
58 51
58 53
58 54
58 56
58 58
58 61
58 64
58 66
58 72
58 74
58 77
58 85
58 87
58 89
58 90
58 98
58 100
59 0
59 4
59 7
59 9
59 16
59 18
59 19
59 20
59 25
59 30
59 33
59 34
59 36
59 38
59 49
59 51
59 52
59 53
59 57
59 58
59 61
59 68
59 75
59 92
59 94
59 95
59 97
59 98
60 1
60 6
60 8
60 11
60 14
60 17
60 18
60 20
60 22
60 24
60 31
60 35
60 37
60 38
60 40
60 42
60 43
60 47
60 53
60 54
60 61
60 63
60 75
60 77
60 78
60 80
60 81
60 82
60 83
60 84
60 87
60 89
60 90
60 94
60 95
60 96
60 97
61 1
61 2
61 4
61 5
61 9
61 10
61 11
61 14
61 16
61 17
61 22
61 24
61 27
61 28
61 29
61 33
61 37
61 39
61 41
61 48
61 55
61 59
61 64
61 69
61 70
61 76
61 78
61 81
61 85
61 87
61 88
61 89
61 93
61 95
61 96
62 0
62 5
62 7
62 16
62 17
62 18
62 19
62 21
62 22
62 23
62 25
62 27
62 29
62 31
62 32
62 36
62 41
62 49
62 51
62 52
62 54
62 73
62 76
62 78
62 87
62 88
62 96
62 97
63 4
63 5
63 6
63 7
63 9
63 10
63 12
63 15
63 18
63 19
63 24
63 25
63 28
63 29
63 42
63 47
63 50
63 52
63 76
63 78
63 82
63 86
63 91
63 96
64 3
64 5
64 10
64 13
64 16
64 22
64 29
64 31
64 35
64 37
64 40
64 42
64 44
64 48
64 52
64 56
64 57
64 66
64 67
64 70
64 71
64 72
64 74
64 75
64 77
64 78
64 80
64 87
64 89
64 94
64 95
64 96
64 97
65 3
65 8
65 10
65 13
65 17
65 19
65 26
65 28
65 31
65 32
65 37
65 38
65 39
65 44
65 46
65 47
65 51
65 53
65 58
65 59
65 64
65 65
65 67
65 75
65 78
65 84
65 85
65 86
65 90
65 92
65 96
65 98
66 0
66 2
66 7
66 10
66 12
66 14
66 25
66 26
66 29
66 30
66 31
66 32
66 37
66 39
66 40
66 49
66 52
66 56
66 58
66 64
66 71
66 84
66 92
66 95
66 96
66 97
66 98
66 99
66 100
67 1
67 3
67 4
67 8
67 12
67 13
67 22
67 23
67 25
67 26
67 27
67 28
67 31
67 32
67 39
67 42
67 45
67 46
67 52
67 57
67 63
67 66
67 67
67 68
67 72
67 73
67 79
67 90
67 96
68 0
68 5
68 6
68 8
68 9
68 12
68 16
68 20
68 22
68 24
68 28
68 30
68 35
68 37
68 38
68 40
68 42
68 44
68 48
68 50
68 51
68 53
68 54
68 58
68 60
68 64
68 66
68 67
68 69
68 76
68 78
68 80
68 82
68 85
68 87
68 92
68 93
68 94
68 95
68 96
68 98
69 2
69 4
69 5
69 6
69 15
69 16
69 18
69 20
69 21
69 23
69 24
69 25
69 29
69 43
69 46
69 47
69 51
69 57
69 61
69 65
69 70
69 72
69 74
69 77
69 78
69 79
69 80
69 83
69 85
69 87
69 90
69 91
69 100
70 6
70 8
70 11
70 13
70 15
70 17
70 19
70 20
70 22
70 29
70 31
70 32
70 36
70 37
70 42
70 47
70 49
70 51
70 52
70 53
70 57
70 58
70 60
70 61
70 65
70 66
70 72
70 73
70 75
70 76
70 77
70 84
70 85
70 92
70 95
70 97
71 0
71 1
71 5
71 7
71 9
71 11
71 14
71 15
71 20
71 25
71 30
71 32
71 38
71 43
71 45
71 48
71 49
71 54
71 56
71 58
71 65
71 66
71 69
71 72
71 82
71 84
71 85
71 87
71 90
71 95
72 4
72 10
72 14
72 21
72 22
72 23
72 25
72 33
72 37
72 38
72 40
72 41
72 43
72 49
72 51
72 61
72 69
72 70
72 71
72 74
72 76
72 80
72 82
72 84
72 85
72 90
72 94
72 97
72 98
72 100
73 0
73 7
73 8
73 11
73 14
73 15
73 17
73 18
73 25
73 27
73 31
73 38
73 41
73 45
73 48
73 63
73 65
73 72
73 76
73 80
73 81
73 86
73 87
73 88
73 90
73 91
73 94
73 100
74 2
74 9
74 17
74 23
74 24
74 30
74 33
74 42
74 51
74 54
74 59
74 62
74 66
74 67
74 68
74 70
74 74
74 80
74 81
74 84
74 86
74 92
74 93
74 94
74 95
74 99
75 3
75 4
75 5
75 29
75 31
75 36
75 45
75 51
75 53
75 54
75 59
75 62
75 68
75 72
75 74
75 80
75 81
75 85
75 91
75 97
75 100
76 3
76 4
76 5
76 12
76 13
76 17
76 19
76 20
76 26
76 29
76 32
76 33
76 40
76 42
76 44
76 46
76 48
76 52
76 56
76 61
76 62
76 64
76 68
76 75
76 76
76 78
76 81
76 83
76 87
76 88
76 91
76 95
77 1
77 3
77 5
77 6
77 12
77 16
77 18
77 19
77 22
77 27
77 41
77 42
77 43
77 45
77 46
77 52
77 53
77 54
77 61
77 64
77 69
77 70
77 72
77 73
77 79
77 82
77 86
77 94
77 97
78 2
78 4
78 7
78 11
78 16
78 24
78 29
78 38
78 40
78 52
78 53
78 59
78 61
78 64
78 66
78 72
78 78
78 79
78 83
78 84
78 85
78 86
78 90
78 95
78 98
78 99
78 100
79 2
79 5
79 9
79 11
79 15
79 16
79 20
79 21
79 24
79 28
79 29
79 30
79 35
79 37
79 38
79 39
79 44
79 48
79 50
79 53
79 54
79 56
79 58
79 62
79 63
79 69
79 72
79 73
79 76
79 80
79 82
79 85
79 86
79 88
79 94
79 95
79 100
80 9
80 10
80 12
80 14
80 16
80 22
80 26
80 30
80 33
80 37
80 40
80 42
80 44
80 49
80 53
80 55
80 57
80 61
80 64
80 65
80 66
80 67
80 70
80 74
80 75
80 76
80 80
80 82
80 83
80 88
80 91
80 96
80 99
81 6
81 9
81 12
81 15
81 17
81 20
81 24
81 27
81 37
81 40
81 43
81 46
81 51
81 53
81 61
81 64
81 65
81 68
81 69
81 71
81 72
81 74
81 76
81 77
81 78
81 79
81 80
81 88
81 89
81 91
81 95
81 96
81 97
82 2
82 3
82 6
82 15
82 22
82 23
82 25
82 30
82 35
82 36
82 39
82 41
82 42
82 46
82 47
82 51
82 54
82 55
82 56
82 57
82 58
82 60
82 62
82 64
82 69
82 74
82 77
82 78
82 82
82 85
82 86
82 89
82 90
82 94
83 2
83 3
83 5
83 10
83 12
83 15
83 20
83 25
83 28
83 30
83 32
83 33
83 35
83 36
83 44
83 49
83 52
83 54
83 60
83 61
83 66
83 67
83 70
83 73
83 74
83 79
83 83
83 85
83 86
83 87
83 88
83 91
83 100
84 4
84 6
84 10
84 11
84 13
84 19
84 24
84 27
84 32
84 38
84 50
84 58
84 73
84 74
84 78
84 84
84 87
84 91
84 99
84 100
85 1
85 4
85 6
85 8
85 9
85 12
85 14
85 17
85 21
85 26
85 27
85 44
85 53
85 54
85 59
85 63
85 68
85 73
85 77
85 79
85 81
85 83
85 84
85 89
85 90
85 94
86 7
86 9
86 26
86 29
86 30
86 31
86 33
86 34
86 41
86 46
86 53
86 65
86 70
86 81
86 86
86 90
86 97
86 100
87 0
87 1
87 3
87 5
87 6
87 7
87 8
87 9
87 12
87 14
87 18
87 20
87 28
87 34
87 35
87 39
87 40
87 42
87 44
87 47
87 50
87 54
87 55
87 59
87 62
87 64
87 66
87 75
87 79
87 80
87 83
87 94
87 96
87 100
88 0
88 5
88 7
88 8
88 9
88 11
88 12
88 13
88 15
88 17
88 19
88 21
88 29
88 33
88 40
88 41
88 44
88 47
88 48
88 49
88 57
88 62
88 65
88 68
88 70
88 77
88 78
88 88
88 91
88 92
88 95
88 99
89 0
89 6
89 9
89 11
89 15
89 16
89 17
89 20
89 21
89 29
89 38
89 42
89 44
89 46
89 47
89 50
89 52
89 56
89 57
89 61
89 70
89 71
89 73
89 76
89 78
89 80
89 85
89 91
89 95
89 96
89 100
90 0
90 1
90 4
90 8
90 10
90 11
90 13
90 15
90 16
90 24
90 27
90 32
90 33
90 41
90 53
90 60
90 65
90 68
90 69
90 70
90 74
90 78
90 79
90 80
90 81
90 92
90 93
91 0
91 12
91 15
91 27
91 29
91 30
91 32
91 33
91 34
91 35
91 37
91 40
91 44
91 46
91 48
91 50
91 56
91 61
91 63
91 65
91 69
91 70
91 74
91 76
91 77
91 78
91 82
91 85
91 93
91 95
91 96
91 97
91 100
92 7
92 11
92 15
92 16
92 17
92 20
92 22
92 23
92 26
92 28
92 30
92 36
92 43
92 46
92 47
92 48
92 49
92 50
92 52
92 55
92 68
92 72
92 75
92 78
92 81
92 83
92 87
92 88
92 89
92 90
92 93
92 96
92 98
93 1
93 4
93 9
93 10
93 12
93 13
93 23
93 27
93 28
93 29
93 31
93 39
93 40
93 51
93 73
93 76
93 78
93 85
93 89
93 93
93 94
93 96
93 97
94 9
94 15
94 16
94 19
94 21
94 26
94 28
94 33
94 35
94 38
94 46
94 48
94 60
94 61
94 63
94 69
94 73
94 74
94 79
94 80
94 81
94 82
94 83
94 86
94 88
94 89
94 90
94 94
94 96
95 0
95 2
95 5
95 9
95 15
95 18
95 19
95 21
95 23
95 35
95 39
95 40
95 47
95 48
95 51
95 54
95 56
95 60
95 61
95 66
95 68
95 69
95 72
95 74
95 75
95 77
95 79
95 82
95 83
95 85
95 86
95 87
95 92
95 96
95 97
95 100
96 0
96 2
96 3
96 8
96 9
96 16
96 19
96 27
96 29
96 33
96 35
96 40
96 41
96 43
96 46
96 49
96 50
96 52
96 55
96 56
96 64
96 67
96 79
96 80
96 82
96 84
96 87
96 89
96 90
96 97
96 98
96 99
97 2
97 3
97 4
97 6
97 8
97 13
97 16
97 27
97 30
97 34
97 35
97 37
97 45
97 50
97 54
97 60
97 75
97 79
97 85
97 91
97 95
98 1
98 2
98 6
98 15
98 16
98 23
98 24
98 31
98 33
98 38
98 39
98 40
98 41
98 61
98 62
98 63
98 66
98 70
98 72
98 73
98 75
98 77
98 87
98 92
99 7
99 8
99 11
99 13
99 16
99 17
99 21
99 22
99 23
99 26
99 29
99 36
99 40
99 41
99 43
99 47
99 48
99 51
99 55
99 57
99 60
99 61
99 63
99 64
99 65
99 69
99 71
99 75
99 80
99 85
99 87
99 90
99 91
99 92
99 98
99 100
100 5
100 14
100 22
100 32
100 35
100 37
100 39
100 43
100 45
100 46
100 48
100 50
100 51
100 58
100 63
100 65
100 68
100 76
100 78
100 79
100 80
100 82
100 86
100 87
100 97
100 98
100 99
