0 1
0 10
0 11
0 12
0 13
0 14
0 15
0 16
0 17
0 21
0 25
0 26
0 27
0 29
0 31
0 35
0 36
0 38
0 42
0 51
0 53
0 55
0 56
0 57
0 64
0 70
0 74
0 78
0 79
0 84
0 92
0 98
0 99
1 0
1 6
1 7
1 9
1 15
1 16
1 17
1 20
1 24
1 31
1 32
1 37
1 38
1 40
1 44
1 46
1 47
1 56
1 57
1 63
1 64
1 67
1 69
1 71
1 72
1 80
1 81
1 82
2 2
2 6
2 10
2 11
2 21
2 22
2 25
2 33
2 35
2 43
2 47
2 48
2 51
2 53
2 55
2 56
2 60
2 61
2 62
2 63
2 72
2 76
2 81
2 85
2 88
2 94
2 95
3 8
3 9
3 10
3 12
3 15
3 17
3 29
3 30
3 33
3 36
3 37
3 38
3 48
3 54
3 60
3 63
3 66
3 69
3 71
3 72
3 73
3 79
3 81
3 83
3 96
3 99
3 100
4 2
4 4
4 7
4 10
4 11
4 15
4 18
4 25
4 32
4 33
4 34
4 35
4 39
4 40
4 50
4 55
4 67
4 75
4 77
4 78
4 79
4 86
4 88
4 90
4 99
4 100
5 10
5 11
5 12
5 14
5 15
5 16
5 17
5 18
5 24
5 26
5 31
5 32
5 35
5 39
5 42
5 52
5 58
5 59
5 64
5 65
5 66
5 67
5 73
5 76
5 79
5 81
5 83
5 84
5 86
5 88
5 89
5 92
5 94
5 96
6 1
6 3
6 4
6 7
6 8
6 9
6 10
6 13
6 14
6 18
6 23
6 25
6 27
6 36
6 37
6 38
6 46
6 53
6 56
6 57
6 58
6 63
6 64
6 69
6 74
6 81
6 83
6 85
6 88
6 89
6 90
6 91
6 95
6 98
6 99
6 100
7 3
7 7
7 10
7 16
7 29
7 31
7 32
7 34
7 37
7 38
7 47
7 49
7 50
7 52
7 56
7 63
7 64
7 65
7 67
7 68
7 71
7 73
7 76
7 79
7 80
7 86
7 87
7 91
7 92
7 97
8 3
8 13
8 19
8 21
8 27
8 31
8 35
8 39
8 45
8 50
8 51
8 67
8 68
8 73
8 74
8 77
8 78
8 81
8 82
8 84
8 90
8 94
8 95
9 0
9 2
9 4
9 9
9 11
9 12
9 14
9 15
9 26
9 29
9 32
9 33
9 34
9 37
9 43
9 44
9 45
9 49
9 50
9 55
9 56
9 58
9 62
9 64
9 74
9 78
9 80
9 85
9 88
9 98
9 100
10 2
10 8
10 10
10 12
10 15
10 18
10 19
10 20
10 22
10 23
10 25
10 29
10 31
10 34
10 38
10 39
10 42
10 43
10 48
10 51
10 52
10 55
10 56
10 58
10 62
10 64
10 65
10 67
10 74
10 77
10 78
10 85
10 89
10 90
10 91
10 92
10 93
10 94
10 100
11 0
11 9
11 14
11 16
11 18
11 19
11 27
11 29
11 30
11 32
11 37
11 38
11 40
11 41
11 49
11 50
11 51
11 53
11 54
11 56
11 57
11 58
11 60
11 61
11 66
11 72
11 75
11 76
11 79
11 81
11 85
11 86
11 90
11 93
11 94
11 99
12 0
12 3
12 9
12 10
12 13
12 16
12 18
12 19
12 25
12 30
12 39
12 40
12 41
12 43
12 48
12 51
12 53
12 57
12 58
12 59
12 60
12 63
12 67
12 71
12 75
12 76
12 79
12 81
12 82
12 89
12 95
13 6
13 10
13 12
13 14
13 17
13 18
13 21
13 22
13 25
13 28
13 30
13 32
13 33
13 35
13 36
13 38
13 39
13 44
13 46
13 53
13 63
13 64
13 65
13 66
13 67
13 69
13 72
13 73
13 88
13 89
13 90
13 92
13 96
14 0
14 6
14 8
14 13
14 20
14 25
14 28
14 30
14 31
14 32
14 40
14 42
14 43
14 45
14 46
14 49
14 50
14 51
14 53
14 54
14 56
14 62
14 64
14 66
14 70
14 73
14 75
14 77
14 83
14 86
14 87
14 90
14 91
14 95
15 0
15 2
15 6
15 10
15 11
15 13
15 19
15 21
15 27
15 42
15 48
15 57
15 63
15 67
15 73
15 75
15 84
15 85
15 89
15 95
15 99
15 100
16 1
16 9
16 10
16 11
16 15
16 25
16 35
16 38
16 40
16 42
16 43
16 48
16 51
16 52
16 59
16 68
16 69
16 71
16 72
16 78
16 79
16 80
16 82
16 84
16 87
16 89
16 90
16 93
16 94
16 100
17 2
17 3
17 5
17 6
17 14
17 18
17 19
17 21
17 24
17 25
17 30
17 32
17 35
17 38
17 44
17 46
17 48
17 52
17 56
17 60
17 65
17 68
17 70
17 71
17 73
17 80
17 84
17 90
17 91
17 92
17 93
17 96
18 0
18 1
18 5
18 7
18 8
18 10
18 11
18 12
18 13
18 22
18 30
18 35
18 38
18 39
18 54
18 56
18 59
18 64
18 65
18 67
18 70
18 75
18 83
18 84
18 86
18 87
18 88
18 89
18 94
18 95
18 96
18 100
19 4
19 14
19 16
19 19
19 20
19 22
19 23
19 27
19 30
19 32
19 34
19 35
19 36
19 40
19 41
19 43
19 48
19 53
19 55
19 65
19 67
19 72
19 73
19 75
19 78
19 79
19 80
19 84
19 85
19 87
19 94
19 97
19 99
19 100
20 1
20 15
20 17
20 20
20 28
20 30
20 34
20 35
20 37
20 41
20 46
20 47
20 49
20 51
20 59
20 60
20 61
20 67
20 72
20 73
20 75
20 79
20 80
20 81
20 83
20 86
20 89
20 91
20 94
20 95
21 9
21 12
21 13
21 15
21 20
21 21
21 22
21 26
21 28
21 31
21 32
21 33
21 39
21 41
21 44
21 46
21 52
21 54
21 55
21 57
21 60
21 61
21 71
21 75
21 83
21 85
21 87
21 91
21 94
21 95
21 99
22 0
22 3
22 4
22 5
22 6
22 9
22 14
22 28
22 29
22 33
22 34
22 35
22 36
22 37
22 38
22 40
22 41
22 52
22 55
22 60
22 62
22 64
22 68
22 74
22 93
22 95
23 1
23 2
23 4
23 6
23 8
23 12
23 18
23 19
23 20
23 21
23 23
23 25
23 28
23 36
23 44
23 47
23 51
23 57
23 58
23 62
23 64
23 67
23 73
23 75
23 83
23 84
23 88
23 93
23 95
24 1
24 2
24 7
24 8
24 9
24 17
24 18
24 24
24 33
24 40
24 42
24 46
24 48
24 50
24 60
24 64
24 67
24 68
24 69
24 72
24 77
24 83
24 85
24 86
24 92
24 95
24 96
24 97
24 98
25 11
25 14
25 16
25 17
25 23
25 28
25 31
25 35
25 37
25 49
25 50
25 52
25 53
25 56
25 62
25 65
25 66
25 70
25 74
25 76
25 77
25 79
25 83
25 85
25 86
25 87
25 88
25 89
25 91
25 94
25 95
25 100
26 2
26 4
26 6
26 10
26 13
26 15
26 16
26 17
26 20
26 24
26 27
26 28
26 29
26 31
26 34
26 40
26 50
26 51
26 53
26 58
26 59
26 60
26 65
26 68
26 70
26 82
26 86
26 89
26 92
26 93
26 98
27 0
27 1
27 2
27 3
27 4
27 5
27 6
27 10
27 13
27 14
27 17
27 21
27 22
27 25
27 27
27 32
27 33
27 34
27 35
27 37
27 39
27 40
27 47
27 55
27 59
27 62
27 70
27 72
27 75
27 76
27 77
27 81
27 82
27 85
27 89
27 90
27 95
27 97
27 98
28 0
28 2
28 4
28 6
28 8
28 11
28 17
28 18
28 22
28 25
28 30
28 31
28 32
28 34
28 35
28 42
28 43
28 44
28 49
28 53
28 60
28 64
28 67
28 70
28 76
28 79
28 87
28 90
28 91
28 95
28 97
28 100
29 0
29 1
29 8
29 11
29 18
29 21
29 23
29 31
29 33
29 35
29 36
29 39
29 47
29 53
29 55
29 60
29 61
29 63
29 65
29 66
29 68
29 70
29 78
29 82
29 90
29 94
29 95
29 99
29 100
30 1
30 3
30 5
30 8
30 9
30 12
30 14
30 15
30 19
30 20
30 22
30 23
30 30
30 34
30 35
30 39
30 43
30 45
30 46
30 47
30 55
30 61
30 67
30 70
30 71
30 75
30 77
30 78
30 82
30 83
30 84
30 91
30 93
30 99
31 5
31 7
31 11
31 12
31 26
31 32
31 33
31 34
31 36
31 39
31 40
31 41
31 55
31 57
31 58
31 59
31 60
31 72
31 74
31 75
31 84
31 85
31 88
31 91
31 92
31 93
31 96
31 97
31 100
32 0
32 1
32 3
32 4
32 16
32 20
32 25
32 27
32 28
32 34
32 35
32 37
32 40
32 49
32 50
32 51
32 54
32 56
32 58
32 63
32 69
32 79
32 83
32 85
32 92
32 95
32 97
32 99
32 100
33 9
33 21
33 26
33 28
33 29
33 30
33 33
33 36
33 37
33 38
33 40
33 41
33 43
33 45
33 46
33 49
33 51
33 54
33 55
33 63
33 64
33 65
33 66
33 67
33 72
33 73
33 74
33 78
33 79
33 88
33 98
33 99
34 1
34 2
34 5
34 7
34 9
34 13
34 15
34 18
34 23
34 25
34 29
34 30
34 34
34 39
34 42
34 43
34 46
34 47
34 50
34 54
34 64
34 66
34 71
34 74
34 80
34 81
34 86
34 88
34 91
34 92
34 95
35 6
35 10
35 13
35 15
35 17
35 20
35 31
35 32
35 33
35 35
35 53
35 56
35 61
35 70
35 71
35 72
35 73
35 74
35 75
35 79
35 84
35 87
35 89
35 92
35 97
35 98
36 1
36 2
36 4
36 7
36 12
36 17
36 18
36 22
36 25
36 29
36 31
36 33
36 34
36 36
36 47
36 49
36 50
36 51
36 54
36 56
36 57
36 59
36 62
36 63
36 67
36 73
36 74
36 75
36 83
36 85
36 93
37 1
37 2
37 5
37 9
37 10
37 13
37 14
37 21
37 23
37 25
37 27
37 28
37 30
37 35
37 41
37 43
37 49
37 50
37 76
37 77
37 81
37 84
37 87
37 90
37 93
37 95
37 96
37 98
38 3
38 7
38 8
38 10
38 11
38 15
38 16
38 17
38 21
38 22
38 26
38 27
38 31
38 37
38 38
38 40
38 42
38 45
38 48
38 50
38 53
38 55
38 58
38 59
38 60
38 61
38 63
38 64
38 66
38 67
38 71
38 73
38 75
38 83
38 86
38 90
38 91
38 94
38 95
38 99
39 3
39 5
39 6
39 15
39 22
39 24
39 28
39 33
39 34
39 35
39 38
39 41
39 42
39 43
39 44
39 45
39 47
39 51
39 53
39 59
39 62
39 63
39 64
39 65
39 73
39 75
39 76
39 88
39 91
39 93
39 100
40 0
40 2
40 4
40 7
40 10
40 14
40 15
40 20
40 22
40 24
40 29
40 30
40 31
40 32
40 34
40 39
40 41
40 42
40 43
40 44
40 46
40 48
40 50
40 52
40 56
40 60
40 61
40 63
40 65
40 67
40 75
40 81
40 87
40 89
40 92
40 93
40 99
41 0
41 5
41 6
41 8
41 15
41 17
41 19
41 26
41 31
41 33
41 35
41 36
41 37
41 44
41 49
41 52
41 60
41 66
41 67
41 69
41 71
41 75
41 76
41 82
41 86
41 88
41 91
41 92
41 96
41 98
42 2
42 4
42 5
42 8
42 9
42 18
42 19
42 34
42 35
42 40
42 41
42 42
42 44
42 45
42 46
42 47
42 48
42 49
42 51
42 59
42 60
42 63
42 71
42 72
42 73
42 74
42 76
42 80
42 88
42 89
42 90
42 93
42 99
43 1
43 6
43 7
43 13
43 16
43 17
43 18
43 26
43 27
43 35
43 37
43 40
43 42
43 49
43 51
43 56
43 58
43 59
43 60
43 61
43 63
43 65
43 66
43 72
43 78
43 79
43 83
43 84
43 86
43 91
43 93
43 94
43 95
43 98
44 5
44 8
44 11
44 17
44 23
44 24
44 26
44 27
44 30
44 34
44 43
44 46
44 50
44 51
44 57
44 61
44 62
44 65
44 69
44 72
44 78
44 80
44 83
44 84
44 85
44 92
44 94
44 100
45 5
45 9
45 11
45 13
45 19
45 24
45 29
45 30
45 34
45 35
45 36
45 39
45 40
45 44
45 46
45 54
45 56
45 57
45 58
45 60
45 62
45 67
45 75
45 80
45 90
45 92
45 94
45 96
45 99
45 100
46 3
46 5
46 6
46 7
46 15
46 16
46 19
46 25
46 26
46 32
46 35
46 36
46 52
46 63
46 68
46 69
46 84
46 85
46 88
46 90
46 94
46 97
46 99
47 0
47 7
47 9
47 10
47 12
47 14
47 16
47 20
47 24
47 28
47 32
47 33
47 35
47 38
47 39
47 44
47 45
47 49
47 52
47 55
47 60
47 62
47 67
47 69
47 70
47 71
47 72
47 73
47 76
47 80
47 82
47 87
47 88
47 96
47 98
47 99
48 0
48 1
48 3
48 5
48 6
48 11
48 12
48 13
48 14
48 15
48 19
48 21
48 31
48 42
48 54
48 55
48 63
48 66
48 70
48 72
48 75
48 77
48 78
48 83
48 84
48 86
48 88
48 94
48 96
48 99
49 2
49 11
49 15
49 16
49 18
49 22
49 26
49 28
49 32
49 35
49 36
49 37
49 38
49 39
49 51
49 52
49 61
49 63
49 68
49 71
49 74
49 79
49 85
49 86
49 91
49 93
49 95
49 97
49 99
50 9
50 11
50 28
50 33
50 34
50 35
50 40
50 42
50 45
50 46
50 47
50 51
50 52
50 53
50 56
50 59
50 61
50 66
50 70
50 72
50 76
50 81
50 88
50 97
50 98
50 99
51 3
51 15
51 21
51 25
51 30
51 31
51 38
51 40
51 43
51 47
51 50
51 53
51 62
51 68
51 72
51 85
51 89
51 91
51 94
51 100
52 0
52 3
52 6
52 7
52 9
52 11
52 28
52 29
52 31
52 41
52 43
52 44
52 45
52 47
52 48
52 52
52 53
52 58
52 59
52 61
52 70
52 72
52 75
52 81
52 83
52 91
52 93
52 98
52 99
53 0
53 1
53 5
53 9
53 12
53 20
53 21
53 24
53 27
53 32
53 33
53 39
53 44
53 46
53 54
53 55
53 56
53 57
53 60
53 63
53 66
53 76
53 80
53 81
53 87
53 90
53 92
53 98
53 100
54 1
54 4
54 6
54 10
54 14
54 15
54 16
54 19
54 26
54 27
54 31
54 33
54 34
54 39
54 41
54 42
54 47
54 54
54 63
54 64
54 65
54 71
54 72
54 76
54 77
54 78
54 81
54 88
54 94
55 0
55 1
55 5
55 6
55 7
55 8
55 9
55 10
55 21
55 23
55 28
55 30
55 31
55 34
55 37
55 38
55 39
55 42
55 51
55 55
55 56
55 58
55 60
55 61
55 62
55 65
55 68
55 69
55 71
55 72
55 73
55 75
55 88
55 90
55 91
55 94
55 97
55 99
56 15
56 17
56 19
56 20
56 22
56 26
56 27
56 32
56 33
56 34
56 35
56 36
56 37
56 38
56 43
56 48
56 52
56 74
56 75
56 81
56 85
56 89
56 91
56 94
56 97
56 100
57 0
57 5
57 7
57 10
57 12
57 15
57 20
57 32
57 37
57 45
57 48
57 50
57 60
57 62
57 68
57 73
57 75
57 76
57 77
57 78
57 86
57 89
57 91
58 2
58 3
58 8
58 9
58 11
58 14
58 15
58 18
58 19
58 28
58 30
58 34
58 36
58 39
58 41
58 43
58 44
58 46
58 47
58 53
58 54
58 65
58 67
58 72
58 78
58 83
58 89
58 93
58 99
59 0
59 7
59 10
59 11
59 12
59 14
59 24
59 25
59 33
59 42
59 43
59 45
59 46
59 55
59 58
59 61
59 62
59 63
59 64
59 69
59 70
59 74
59 75
59 77
59 78
59 83
59 85
59 90
59 94
59 96
59 99
60 0
60 3
60 4
60 9
60 10
60 11
60 14
60 25
60 29
60 37
60 43
60 44
60 48
60 51
60 59
60 61
60 69
60 70
60 74
60 75
60 81
60 83
60 88
60 91
60 94
60 97
61 5
61 14
61 18
61 21
61 27
61 28
61 31
61 34
61 35
61 37
61 39
61 41
61 42
61 46
61 47
61 48
61 49
61 52
61 57
61 61
61 62
61 63
61 65
61 66
61 69
61 73
61 75
61 81
61 82
61 85
61 86
61 90
61 94
61 99
61 100
62 1
62 4
62 5
62 6
62 10
62 23
62 26
62 30
62 33
62 35
62 40
62 41
62 42
62 43
62 48
62 54
62 55
62 56
62 64
62 69
62 72
62 73
62 75
62 80
62 85
62 90
62 94
62 97
62 98
62 100
63 0
63 2
63 5
63 11
63 14
63 15
63 16
63 17
63 18
63 21
63 22
63 24
63 26
63 27
63 28
63 34
63 36
63 40
63 42
63 56
63 57
63 58
63 66
63 72
63 74
63 75
63 87
63 88
63 90
63 92
63 99
63 100
64 0
64 7
64 9
64 14
64 15
64 21
64 24
64 25
64 29
64 32
64 34
64 36
64 39
64 42
64 46
64 49
64 58
64 59
64 63
64 66
64 70
64 77
64 79
64 80
64 81
64 82
64 84
64 85
64 91
64 93
64 95
64 97
65 0
65 1
65 3
65 9
65 15
65 19
65 20
65 28
65 32
65 33
65 35
65 40
65 46
65 47
65 49
65 50
65 54
65 56
65 58
65 59
65 61
65 68
65 72
65 73
65 75
65 76
65 77
65 79
65 80
65 81
65 88
65 98
65 99
66 0
66 6
66 8
66 10
66 14
66 15
66 19
66 21
66 27
66 32
66 33
66 36
66 37
66 49
66 54
66 56
66 57
66 59
66 60
66 65
66 67
66 71
66 74
66 77
66 91
66 96
66 97
66 98
67 0
67 9
67 11
67 13
67 14
67 20
67 21
67 26
67 28
67 29
67 32
67 36
67 38
67 44
67 45
67 52
67 55
67 62
67 64
67 69
67 71
67 78
67 80
67 82
67 86
67 87
67 95
67 96
67 99
68 0
68 8
68 16
68 20
68 23
68 37
68 43
68 48
68 51
68 53
68 54
68 56
68 58
68 60
68 61
68 69
68 72
68 77
68 78
68 79
68 84
68 85
68 90
68 99
69 1
69 6
69 10
69 12
69 14
69 21
69 22
69 29
69 32
69 34
69 36
69 38
69 39
69 40
69 41
69 45
69 46
69 48
69 56
69 66
69 69
69 70
69 71
69 75
69 77
69 80
69 85
69 92
69 100
70 1
70 2
70 3
70 12
70 13
70 19
70 20
70 38
70 40
70 41
70 42
70 47
70 50
70 53
70 55
70 56
70 58
70 63
70 71
70 76
70 77
70 82
70 83
70 86
70 91
70 100
71 3
71 4
71 7
71 8
71 10
71 22
71 24
71 25
71 26
71 32
71 33
71 34
71 37
71 44
71 46
71 48
71 49
71 64
71 66
71 73
71 74
71 76
71 78
71 79
71 83
71 84
71 86
71 89
71 90
71 92
71 95
71 96
71 98
72 6
72 11
72 12
72 17
72 20
72 26
72 29
72 30
72 31
72 33
72 36
72 38
72 40
72 41
72 44
72 48
72 49
72 50
72 52
72 55
72 59
72 62
72 64
72 65
72 66
72 71
72 75
72 78
72 81
72 83
72 86
72 87
72 90
72 92
72 93
72 96
72 97
73 1
73 10
73 17
73 19
73 20
73 32
73 39
73 40
73 46
73 47
73 54
73 59
73 62
73 64
73 65
73 67
73 68
73 73
73 74
73 75
73 77
73 79
73 80
73 84
73 87
73 88
73 90
73 91
73 94
73 96
73 99
74 5
74 11
74 16
74 21
74 22
74 23
74 24
74 25
74 27
74 29
74 30
74 33
74 34
74 46
74 47
74 48
74 50
74 56
74 57
74 58
74 72
74 75
74 76
74 78
74 81
74 83
74 85
74 87
74 88
74 91
74 92
74 94
75 0
75 2
75 6
75 11
75 15
75 18
75 20
75 22
75 24
75 34
75 35
75 36
75 38
75 42
75 45
75 46
75 54
75 56
75 61
75 75
75 76
75 79
75 82
75 86
75 91
75 100
76 0
76 7
76 10
76 12
76 14
76 17
76 22
76 23
76 26
76 27
76 29
76 30
76 36
76 39
76 40
76 41
76 42
76 44
76 45
76 46
76 53
76 54
76 57
76 58
76 59
76 63
76 64
76 65
76 66
76 67
76 68
76 74
76 75
76 77
76 78
76 83
76 85
76 86
76 90
76 95
76 96
76 98
76 99
76 100
77 0
77 6
77 7
77 13
77 14
77 17
77 19
77 20
77 21
77 22
77 23
77 32
77 34
77 35
77 41
77 42
77 44
77 45
77 49
77 50
77 52
77 57
77 63
77 69
77 75
77 77
77 78
77 95
78 0
78 8
78 11
78 12
78 15
78 16
78 20
78 21
78 23
78 28
78 30
78 37
78 38
78 40
78 41
78 43
78 44
78 46
78 47
78 48
78 49
78 50
78 53
78 54
78 64
78 70
78 72
78 73
78 77
78 80
78 81
78 85
78 87
78 93
78 96
78 100
79 1
79 2
79 3
79 6
79 7
79 8
79 10
79 11
79 15
79 21
79 23
79 24
79 26
79 30
79 32
79 34
79 36
79 45
79 66
79 72
79 80
79 84
79 91
79 95
80 4
80 5
80 8
80 16
80 17
80 19
80 20
80 24
80 29
80 31
80 35
80 36
80 38
80 39
80 42
80 43
80 46
80 47
80 48
80 52
80 54
80 61
80 67
80 76
80 77
80 79
80 80
80 81
80 82
80 84
80 85
80 87
80 88
80 96
80 99
80 100
81 1
81 2
81 4
81 8
81 15
81 16
81 17
81 19
81 24
81 26
81 28
81 35
81 38
81 42
81 46
81 48
81 50
81 55
81 57
81 67
81 68
81 77
81 79
81 80
81 83
81 84
81 89
81 95
81 97
81 98
81 99
82 0
82 3
82 4
82 5
82 6
82 9
82 11
82 12
82 14
82 19
82 20
82 27
82 28
82 29
82 32
82 33
82 35
82 36
82 37
82 55
82 62
82 65
82 69
82 70
82 72
82 77
82 78
82 79
82 80
82 81
82 93
82 97
82 99
83 2
83 3
83 5
83 8
83 9
83 11
83 15
83 16
83 20
83 21
83 23
83 28
83 29
83 35
83 36
83 37
83 41
83 42
83 43
83 54
83 56
83 57
83 58
83 59
83 60
83 71
83 72
83 76
83 77
83 82
83 83
83 87
83 88
83 89
83 98
83 100
84 0
84 2
84 3
84 4
84 7
84 9
84 10
84 11
84 26
84 29
84 34
84 36
84 37
84 39
84 40
84 41
84 42
84 46
84 47
84 53
84 54
84 55
84 68
84 72
84 74
84 75
84 76
84 78
84 82
84 83
84 84
84 85
84 86
84 88
84 89
84 92
84 93
84 97
85 0
85 4
85 11
85 13
85 19
85 20
85 26
85 36
85 37
85 38
85 39
85 40
85 45
85 46
85 54
85 59
85 66
85 67
85 68
85 72
85 74
85 77
85 79
85 81
85 85
85 86
85 90
85 96
85 97
85 99
86 2
86 4
86 6
86 7
86 14
86 19
86 37
86 41
86 45
86 50
86 51
86 53
86 54
86 56
86 57
86 62
86 63
86 71
86 72
86 74
86 81
86 84
86 90
86 92
86 98
86 99
87 1
87 2
87 9
87 13
87 15
87 17
87 22
87 30
87 33
87 39
87 41
87 51
87 52
87 53
87 54
87 57
87 58
87 61
87 67
87 69
87 72
87 78
87 83
87 85
87 86
87 87
87 88
87 89
87 91
87 92
87 94
87 97
88 2
88 8
88 9
88 18
88 19
88 20
88 21
88 27
88 30
88 33
88 42
88 45
88 46
88 47
88 49
88 50
88 57
88 58
88 60
88 61
88 63
88 67
88 70
88 72
88 73
88 77
88 79
88 82
88 86
88 88
88 89
88 90
88 91
88 94
88 96
88 97
88 100
89 0
89 1
89 2
89 3
89 4
89 7
89 13
89 15
89 16
89 21
89 22
89 28
89 32
89 33
89 34
89 37
89 44
89 45
89 52
89 53
89 56
89 57
89 61
89 65
89 66
89 68
89 71
89 76
89 77
89 79
89 80
89 82
89 83
89 87
89 91
89 93
89 95
89 96
90 0
90 1
90 8
90 10
90 11
90 13
90 26
90 27
90 28
90 38
90 39
90 42
90 45
90 49
90 51
90 58
90 60
90 67
90 68
90 70
90 73
90 79
90 82
90 83
90 86
90 91
90 94
90 95
90 100
91 7
91 9
91 11
91 13
91 16
91 18
91 19
91 20
91 24
91 25
91 30
91 41
91 43
91 50
91 52
91 53
91 61
91 62
91 65
91 67
91 71
91 72
91 73
91 83
91 87
91 92
91 97
91 100
92 1
92 12
92 13
92 16
92 17
92 23
92 27
92 30
92 33
92 34
92 38
92 40
92 42
92 45
92 49
92 50
92 53
92 58
92 62
92 63
92 65
92 67
92 68
92 69
92 78
92 79
92 88
92 90
92 92
92 97
92 99
93 3
93 12
93 15
93 16
93 17
93 19
93 23
93 26
93 27
93 28
93 30
93 32
93 33
93 38
93 42
93 53
93 54
93 55
93 57
93 62
93 64
93 68
93 69
93 70
93 74
93 77
93 78
93 80
93 84
93 87
93 88
93 93
93 95
93 98
93 100
94 0
94 3
94 5
94 7
94 25
94 32
94 35
94 40
94 41
94 42
94 47
94 52
94 56
94 57
94 59
94 60
94 61
94 65
94 73
94 79
94 83
94 86
94 87
94 95
94 97
95 2
95 6
95 7
95 10
95 11
95 14
95 20
95 23
95 24
95 28
95 32
95 36
95 38
95 40
95 44
95 45
95 46
95 47
95 53
95 58
95 62
95 64
95 73
95 80
95 84
95 97
95 98
95 99
96 9
96 13
96 15
96 20
96 22
96 23
96 25
96 26
96 29
96 35
96 36
96 43
96 44
96 49
96 53
96 54
96 58
96 61
96 64
96 68
96 79
96 81
96 85
96 89
96 96
96 99
97 0
97 5
97 9
97 10
97 12
97 14
97 18
97 23
97 25
97 28
97 33
97 35
97 44
97 47
97 49
97 54
97 56
97 59
97 60
97 63
97 64
97 65
97 70
97 72
97 73
97 75
97 77
97 80
97 84
97 85
97 89
97 91
97 92
97 93
97 96
97 97
97 99
97 100
98 3
98 4
98 8
98 9
98 10
98 13
98 17
98 18
98 19
98 21
98 24
98 29
98 32
98 34
98 35
98 36
98 38
98 39
98 41
98 42
98 48
98 57
98 60
98 62
98 63
98 65
98 66
98 68
98 73
98 81
98 86
98 88
98 90
98 98
98 100
99 0
99 3
99 8
99 9
99 14
99 18
99 19
99 21
99 23
99 24
99 26
99 27
99 29
99 30
99 35
99 39
99 41
99 43
99 46
99 48
99 49
99 50
99 53
99 59
99 60
99 61
99 64
99 68
99 69
99 71
99 72
99 73
99 74
99 77
99 79
99 84
99 85
99 96
99 97
99 98
99 99
100 0
100 2
100 4
100 5
100 8
100 11
100 14
100 16
100 17
100 20
100 21
100 23
100 24
100 28
100 32
100 35
100 37
100 41
100 42
100 43
100 52
100 53
100 54
100 55
100 61
100 62
100 65
100 71
100 77
100 82
100 87
100 89
100 92
100 94
100 95
100 99
