0 1
0 2
0 3
0 4
0 7
0 9
0 14
0 15
0 23
0 26
0 34
0 35
0 36
0 38
0 43
0 50
0 51
0 52
0 54
0 57
0 59
0 65
0 71
0 74
0 75
0 79
0 80
0 84
0 92
0 93
0 94
0 99
1 3
1 4
1 9
1 11
1 12
1 13
1 14
1 19
1 20
1 21
1 25
1 28
1 29
1 30
1 39
1 41
1 45
1 48
1 49
1 56
1 57
1 58
1 59
1 61
1 62
1 63
1 64
1 74
1 75
1 84
1 85
1 94
1 96
1 98
2 0
2 2
2 5
2 6
2 21
2 23
2 24
2 25
2 38
2 44
2 46
2 55
2 57
2 58
2 60
2 62
2 64
2 67
2 70
2 73
2 75
2 79
2 80
2 86
2 93
2 94
2 95
3 1
3 3
3 6
3 13
3 14
3 16
3 17
3 24
3 27
3 35
3 36
3 40
3 41
3 48
3 54
3 57
3 58
3 63
3 73
3 81
3 83
3 88
3 90
3 95
3 96
3 97
3 99
4 9
4 11
4 12
4 17
4 21
4 23
4 24
4 44
4 50
4 52
4 53
4 56
4 59
4 61
4 62
4 63
4 66
4 67
4 76
4 86
4 87
4 90
4 91
4 93
4 96
4 97
4 98
5 0
5 20
5 26
5 28
5 29
5 33
5 36
5 38
5 53
5 55
5 57
5 65
5 68
5 72
5 73
5 77
5 80
5 81
5 82
5 84
5 87
5 90
5 92
5 93
5 97
6 1
6 4
6 12
6 13
6 14
6 19
6 33
6 35
6 40
6 43
6 47
6 48
6 49
6 51
6 55
6 62
6 63
6 68
6 70
6 71
6 77
6 78
6 79
6 81
6 83
6 85
6 87
6 90
6 96
6 98
7 4
7 12
7 14
7 15
7 19
7 21
7 22
7 24
7 25
7 27
7 29
7 34
7 38
7 43
7 45
7 46
7 51
7 56
7 60
7 68
7 69
7 72
7 78
7 80
7 82
7 87
7 91
7 94
7 97
7 99
7 100
8 12
8 15
8 17
8 18
8 19
8 21
8 29
8 33
8 39
8 41
8 42
8 43
8 46
8 47
8 57
8 62
8 68
8 69
8 73
8 74
8 75
8 78
8 79
8 80
8 81
8 83
8 86
8 87
8 89
8 90
8 96
9 2
9 8
9 9
9 12
9 13
9 17
9 20
9 25
9 28
9 29
9 31
9 36
9 40
9 51
9 58
9 59
9 60
9 63
9 65
9 67
9 68
9 71
9 74
9 86
9 87
9 96
9 100
10 0
10 1
10 3
10 4
10 8
10 13
10 16
10 21
10 24
10 33
10 37
10 40
10 47
10 63
10 64
10 65
10 68
10 76
10 79
10 80
10 81
10 82
10 88
10 91
10 93
10 99
11 0
11 2
11 3
11 12
11 16
11 19
11 22
11 23
11 25
11 29
11 33
11 37
11 38
11 40
11 49
11 51
11 53
11 54
11 66
11 67
11 72
11 74
11 78
11 80
11 83
11 84
11 88
11 89
11 90
12 0
12 1
12 4
12 9
12 13
12 30
12 32
12 33
12 34
12 39
12 42
12 46
12 49
12 51
12 56
12 59
12 61
12 64
12 65
12 67
12 71
12 74
12 75
12 79
12 83
12 86
12 90
12 91
12 96
12 98
12 100
13 0
13 3
13 6
13 13
13 15
13 17
13 20
13 21
13 23
13 25
13 27
13 35
13 37
13 38
13 41
13 42
13 48
13 52
13 58
13 60
13 63
13 75
13 78
13 80
13 83
13 84
13 85
13 86
13 94
13 97
13 98
13 99
14 0
14 4
14 5
14 9
14 19
14 22
14 23
14 26
14 29
14 34
14 35
14 36
14 37
14 41
14 48
14 52
14 54
14 55
14 58
14 59
14 60
14 62
14 63
14 64
14 67
14 70
14 71
14 74
14 75
14 79
14 82
14 84
14 85
14 87
14 91
14 100
15 1
15 3
15 12
15 15
15 17
15 18
15 23
15 26
15 28
15 29
15 30
15 35
15 36
15 38
15 39
15 45
15 47
15 52
15 56
15 57
15 61
15 62
15 63
15 69
15 70
15 72
15 73
15 78
15 81
15 82
15 86
15 91
15 93
15 94
15 96
15 97
15 99
16 1
16 4
16 8
16 14
16 16
16 19
16 23
16 24
16 32
16 35
16 37
16 39
16 43
16 49
16 50
16 54
16 59
16 60
16 64
16 67
16 68
16 69
16 70
16 74
16 75
16 79
16 80
16 81
16 83
16 86
16 87
16 88
16 89
16 90
17 0
17 1
17 3
17 5
17 7
17 10
17 16
17 23
17 24
17 26
17 36
17 38
17 39
17 41
17 42
17 43
17 47
17 48
17 51
17 54
17 56
17 58
17 59
17 72
17 74
17 75
17 76
17 80
17 82
17 83
17 85
17 87
17 88
17 89
17 94
17 95
17 97
18 3
18 5
18 6
18 9
18 13
18 18
18 21
18 22
18 27
18 39
18 41
18 43
18 49
18 51
18 54
18 56
18 60
18 61
18 65
18 69
18 71
18 73
18 77
18 79
18 80
18 81
18 87
18 89
18 98
19 0
19 4
19 8
19 9
19 12
19 16
19 17
19 19
19 20
19 22
19 24
19 25
19 26
19 32
19 45
19 59
19 61
19 62
19 64
19 66
19 67
19 68
19 69
19 70
19 73
19 74
19 75
19 82
19 83
19 87
19 88
19 89
19 91
19 97
19 98
20 5
20 7
20 9
20 12
20 15
20 16
20 17
20 20
20 21
20 24
20 27
20 31
20 36
20 37
20 38
20 43
20 47
20 55
20 58
20 59
20 60
20 65
20 68
20 70
20 76
20 77
20 82
20 85
20 87
20 88
20 90
20 91
20 94
21 2
21 5
21 6
21 8
21 15
21 19
21 24
21 25
21 28
21 33
21 39
21 41
21 42
21 51
21 54
21 55
21 57
21 60
21 67
21 69
21 74
21 77
21 80
21 83
21 85
21 95
21 96
22 0
22 2
22 4
22 6
22 15
22 22
22 26
22 30
22 31
22 41
22 43
22 46
22 50
22 52
22 54
22 68
22 69
22 71
22 72
22 73
22 75
22 90
22 91
22 93
22 94
22 96
23 1
23 4
23 5
23 6
23 9
23 10
23 15
23 19
23 23
23 30
23 31
23 36
23 37
23 41
23 42
23 44
23 45
23 49
23 54
23 59
23 60
23 61
23 63
23 66
23 68
23 69
23 70
23 77
23 80
23 81
23 83
23 84
23 85
23 88
23 92
23 97
23 99
24 1
24 8
24 14
24 15
24 17
24 27
24 31
24 36
24 37
24 44
24 47
24 50
24 57
24 60
24 63
24 66
24 73
24 79
24 81
24 82
24 88
24 89
24 91
24 92
24 93
24 98
24 99
25 7
25 12
25 14
25 15
25 19
25 21
25 25
25 27
25 29
25 30
25 38
25 51
25 53
25 62
25 65
25 69
25 72
25 74
25 85
25 86
25 87
25 100
26 1
26 4
26 8
26 10
26 12
26 14
26 18
26 23
26 26
26 28
26 33
26 34
26 41
26 43
26 44
26 47
26 56
26 61
26 67
26 70
26 78
26 86
26 88
26 92
26 97
26 98
26 99
26 100
27 4
27 9
27 17
27 28
27 32
27 33
27 34
27 51
27 53
27 54
27 55
27 59
27 61
27 62
27 63
27 67
27 72
27 73
27 77
27 81
27 82
27 87
27 88
27 90
27 93
27 95
27 98
28 0
28 6
28 7
28 9
28 15
28 30
28 32
28 40
28 41
28 44
28 45
28 53
28 56
28 61
28 67
28 70
28 71
28 73
28 76
28 78
28 80
28 83
28 85
28 86
28 91
28 92
28 99
28 100
29 1
29 2
29 3
29 5
29 9
29 14
29 15
29 16
29 32
29 34
29 35
29 36
29 39
29 50
29 56
29 58
29 65
29 76
29 78
29 83
29 86
29 88
29 90
29 100
30 5
30 6
30 12
30 14
30 15
30 19
30 33
30 38
30 40
30 42
30 47
30 52
30 53
30 55
30 56
30 57
30 59
30 60
30 62
30 63
30 64
30 68
30 69
30 78
30 85
30 87
30 89
30 93
30 94
30 98
30 99
30 100
31 3
31 9
31 11
31 15
31 23
31 28
31 31
31 39
31 45
31 52
31 60
31 61
31 64
31 66
31 70
31 74
31 79
31 81
31 83
31 84
31 89
31 92
31 93
31 94
31 97
31 99
32 1
32 6
32 10
32 11
32 13
32 16
32 20
32 22
32 28
32 29
32 30
32 32
32 34
32 36
32 37
32 39
32 43
32 46
32 49
32 54
32 55
32 56
32 57
32 62
32 64
32 67
32 68
32 69
32 71
32 72
32 75
32 83
32 88
32 92
32 98
33 11
33 14
33 16
33 20
33 23
33 24
33 25
33 26
33 27
33 28
33 32
33 34
33 37
33 38
33 42
33 45
33 46
33 50
33 54
33 57
33 60
33 61
33 63
33 64
33 65
33 66
33 67
33 69
33 72
33 73
33 76
33 79
33 81
33 89
34 0
34 8
34 18
34 22
34 24
34 25
34 29
34 30
34 33
34 37
34 50
34 52
34 58
34 61
34 62
34 66
34 67
34 68
34 70
34 78
34 80
34 82
34 84
34 86
34 92
34 94
34 96
34 100
35 4
35 9
35 12
35 13
35 16
35 17
35 19
35 31
35 32
35 34
35 37
35 39
35 41
35 48
35 52
35 56
35 58
35 60
35 62
35 69
35 73
35 75
35 79
35 90
35 92
35 97
35 100
36 0
36 2
36 3
36 10
36 15
36 17
36 22
36 23
36 24
36 25
36 31
36 33
36 34
36 36
36 47
36 50
36 51
36 52
36 53
36 56
36 58
36 61
36 65
36 72
36 73
36 78
36 79
36 84
36 85
36 92
36 98
37 0
37 4
37 9
37 24
37 27
37 29
37 30
37 31
37 32
37 36
37 39
37 41
37 43
37 46
37 47
37 48
37 59
37 64
37 71
37 72
37 75
37 77
37 78
37 79
37 80
37 81
37 82
37 85
37 87
37 90
37 92
37 93
37 97
37 98
38 5
38 6
38 11
38 15
38 16
38 21
38 25
38 26
38 29
38 33
38 35
38 38
38 40
38 41
38 45
38 47
38 51
38 60
38 62
38 69
38 72
38 83
38 90
38 92
38 93
38 94
38 98
39 0
39 3
39 4
39 10
39 12
39 13
39 14
39 15
39 16
39 18
39 22
39 24
39 25
39 28
39 31
39 33
39 45
39 50
39 54
39 60
39 62
39 64
39 65
39 67
39 68
39 69
39 72
39 73
39 79
39 80
39 81
39 86
39 89
39 90
39 91
39 93
39 97
40 0
40 1
40 3
40 9
40 13
40 14
40 18
40 23
40 28
40 32
40 37
40 52
40 56
40 62
40 63
40 72
40 74
40 81
40 83
40 85
40 90
40 93
40 98
41 2
41 12
41 16
41 18
41 30
41 32
41 35
41 39
41 42
41 46
41 59
41 60
41 63
41 71
41 74
41 81
41 86
41 90
41 92
41 97
41 98
41 100
42 2
42 8
42 9
42 12
42 19
42 21
42 25
42 27
42 32
42 34
42 43
42 47
42 51
42 55
42 56
42 57
42 61
42 62
42 65
42 69
42 70
42 71
42 75
42 79
42 85
42 86
42 87
42 88
42 89
42 94
42 100
43 3
43 4
43 8
43 10
43 11
43 16
43 20
43 21
43 26
43 27
43 28
43 30
43 32
43 35
43 38
43 45
43 46
43 49
43 54
43 66
43 70
43 72
43 81
43 86
43 87
43 90
43 93
43 99
44 4
44 20
44 25
44 27
44 30
44 31
44 33
44 38
44 43
44 46
44 48
44 56
44 58
44 62
44 72
44 73
44 74
44 77
44 84
44 86
44 87
44 91
44 92
44 96
44 97
44 100
45 6
45 8
45 9
45 10
45 14
45 22
45 23
45 28
45 29
45 31
45 32
45 33
45 36
45 40
45 45
45 49
45 54
45 56
45 57
45 58
45 60
45 61
45 64
45 65
45 68
45 77
45 80
45 83
45 90
45 91
45 93
45 94
46 1
46 11
46 15
46 18
46 23
46 25
46 26
46 30
46 47
46 49
46 50
46 51
46 52
46 56
46 58
46 63
46 68
46 70
46 71
46 73
46 86
46 91
46 93
46 97
46 99
47 0
47 5
47 8
47 10
47 15
47 18
47 22
47 23
47 25
47 26
47 27
47 28
47 32
47 36
47 37
47 41
47 47
47 51
47 57
47 62
47 67
47 70
47 77
47 79
47 82
47 83
47 84
47 85
47 90
47 93
47 95
47 97
47 99
48 3
48 5
48 11
48 13
48 14
48 22
48 28
48 30
48 32
48 34
48 38
48 41
48 43
48 45
48 52
48 53
48 58
48 61
48 63
48 64
48 66
48 67
48 70
48 75
48 77
48 82
48 83
48 88
48 89
48 90
48 92
48 93
48 96
49 5
49 10
49 11
49 12
49 21
49 22
49 25
49 29
49 34
49 39
49 41
49 42
49 45
49 52
49 55
49 56
49 57
49 58
49 59
49 67
49 69
49 71
49 72
49 74
49 85
49 91
49 92
49 97
49 100
50 6
50 8
50 9
50 13
50 14
50 18
50 19
50 29
50 40
50 46
50 48
50 56
50 66
50 69
50 74
50 78
50 79
50 81
50 84
50 88
50 89
50 90
50 91
50 95
50 98
51 6
51 13
51 14
51 21
51 22
51 28
51 29
51 33
51 34
51 35
51 39
51 42
51 51
51 60
51 63
51 69
51 70
51 73
51 76
51 81
51 85
51 86
51 89
51 91
51 92
51 94
51 96
51 100
52 3
52 7
52 12
52 18
52 21
52 29
52 30
52 31
52 35
52 37
52 38
52 42
52 46
52 47
52 53
52 56
52 57
52 58
52 61
52 64
52 67
52 73
52 75
52 77
52 79
52 81
52 85
52 86
52 89
52 97
52 98
53 3
53 4
53 7
53 8
53 9
53 11
53 14
53 17
53 18
53 20
53 21
53 25
53 28
53 33
53 35
53 36
53 48
53 56
53 61
53 68
53 73
53 74
53 77
53 83
53 84
53 93
53 94
53 97
53 100
54 0
54 8
54 9
54 12
54 13
54 19
54 21
54 23
54 29
54 30
54 31
54 37
54 40
54 43
54 51
54 54
54 55
54 57
54 66
54 71
54 72
54 75
54 82
54 83
54 84
54 89
54 91
54 92
54 97
55 3
55 5
55 7
55 8
55 16
55 21
55 23
55 24
55 33
55 36
55 37
55 38
55 39
55 41
55 47
55 50
55 61
55 63
55 67
55 69
55 71
55 77
55 81
55 88
55 91
55 97
55 100
56 3
56 5
56 8
56 10
56 13
56 14
56 16
56 17
56 19
56 20
56 25
56 26
56 29
56 35
56 39
56 40
56 42
56 43
56 46
56 48
56 52
56 53
56 55
56 59
56 61
56 68
56 69
56 75
56 78
56 83
56 84
56 89
56 96
56 98
57 0
57 5
57 9
57 19
57 21
57 22
57 24
57 29
57 32
57 34
57 37
57 38
57 42
57 44
57 47
57 49
57 52
57 55
57 56
57 58
57 62
57 64
57 74
57 84
57 85
57 92
57 95
57 96
57 99
58 0
58 5
58 10
58 11
58 12
58 20
58 29
58 32
58 39
58 43
58 44
58 51
58 52
58 58
58 59
58 62
58 67
58 68
58 70
58 76
58 87
58 90
58 91
58 92
58 98
58 99
58 100
59 2
59 3
59 4
59 5
59 6
59 14
59 16
59 17
59 19
59 20
59 21
59 26
59 29
59 33
59 35
59 39
59 45
59 47
59 54
59 56
59 58
59 60
59 63
59 65
59 67
59 72
59 74
59 81
59 84
59 85
59 90
59 92
59 95
59 98
60 1
60 2
60 4
60 9
60 10
60 19
60 24
60 25
60 26
60 31
60 33
60 34
60 36
60 39
60 40
60 49
60 50
60 51
60 52
60 57
60 60
60 72
60 74
60 76
60 84
60 87
60 88
60 89
60 90
60 92
60 94
60 95
60 98
60 100
61 2
61 9
61 10
61 13
61 14
61 15
61 21
61 22
61 29
61 30
61 34
61 36
61 38
61 39
61 51
61 52
61 53
61 58
61 64
61 72
61 76
61 79
61 91
61 96
61 99
62 2
62 13
62 17
62 18
62 20
62 23
62 34
62 36
62 39
62 40
62 49
62 55
62 58
62 60
62 68
62 70
62 73
62 82
62 84
62 86
62 88
62 89
62 99
62 100
63 2
63 3
63 4
63 6
63 7
63 8
63 11
63 14
63 16
63 18
63 19
63 20
63 22
63 27
63 30
63 37
63 40
63 42
63 43
63 46
63 47
63 60
63 61
63 64
63 70
63 73
63 76
63 78
63 79
63 83
63 88
63 94
63 97
63 99
64 0
64 6
64 8
64 10
64 15
64 17
64 19
64 23
64 25
64 33
64 35
64 36
64 37
64 41
64 42
64 43
64 47
64 48
64 52
64 53
64 56
64 59
64 63
64 64
64 65
64 67
64 68
64 70
64 73
64 76
64 82
64 83
64 85
64 92
64 95
64 98
64 100
65 4
65 5
65 6
65 7
65 8
65 9
65 14
65 15
65 18
65 19
65 22
65 27
65 30
65 46
65 47
65 51
65 55
65 59
65 63
65 66
65 78
65 79
65 82
65 91
65 94
65 96
65 98
65 99
66 0
66 3
66 6
66 16
66 21
66 22
66 23
66 24
66 25
66 28
66 31
66 34
66 45
66 52
66 55
66 57
66 58
66 59
66 61
66 62
66 65
66 78
66 81
66 86
66 87
66 89
66 91
66 96
67 3
67 5
67 17
67 18
67 26
67 30
67 31
67 34
67 40
67 42
67 43
67 44
67 52
67 55
67 56
67 58
67 59
67 61
67 64
67 69
67 71
67 75
67 76
67 79
67 81
67 84
67 86
67 95
67 98
67 99
68 3
68 8
68 12
68 13
68 16
68 19
68 23
68 25
68 28
68 32
68 33
68 36
68 40
68 43
68 44
68 45
68 47
68 49
68 55
68 59
68 65
68 66
68 67
68 70
68 73
68 76
68 79
68 83
68 85
68 88
68 90
68 93
68 95
68 97
68 98
68 100
69 3
69 14
69 17
69 19
69 20
69 32
69 36
69 37
69 38
69 47
69 51
69 52
69 54
69 55
69 58
69 64
69 66
69 68
69 72
69 77
69 78
69 80
69 81
70 1
70 4
70 5
70 6
70 10
70 13
70 16
70 20
70 24
70 25
70 31
70 34
70 35
70 36
70 40
70 43
70 52
70 53
70 58
70 60
70 61
70 64
70 70
70 82
70 87
70 90
70 93
70 97
71 3
71 5
71 7
71 16
71 21
71 23
71 36
71 39
71 45
71 46
71 50
71 52
71 62
71 63
71 65
71 73
71 77
71 81
71 82
71 83
71 89
71 92
71 96
71 99
72 0
72 3
72 14
72 21
72 24
72 27
72 31
72 33
72 35
72 38
72 45
72 46
72 49
72 54
72 57
72 58
72 59
72 61
72 63
72 64
72 70
72 74
72 78
72 81
72 85
72 87
72 95
72 96
72 97
73 2
73 5
73 6
73 9
73 12
73 13
73 15
73 20
73 24
73 29
73 35
73 38
73 40
73 41
73 44
73 46
73 47
73 48
73 49
73 50
73 51
73 52
73 56
73 59
73 66
73 73
73 76
73 78
73 86
73 90
74 5
74 8
74 10
74 12
74 14
74 15
74 18
74 20
74 21
74 25
74 27
74 28
74 29
74 30
74 32
74 35
74 37
74 38
74 52
74 55
74 57
74 58
74 62
74 64
74 66
74 69
74 71
74 75
74 79
74 80
74 91
74 92
74 93
74 98
75 1
75 6
75 9
75 10
75 12
75 24
75 31
75 33
75 36
75 38
75 43
75 45
75 46
75 49
75 51
75 59
75 66
75 67
75 68
75 69
75 73
75 77
75 81
75 84
75 87
75 88
75 97
75 98
75 99
75 100
76 3
76 9
76 17
76 24
76 25
76 27
76 30
76 34
76 35
76 36
76 45
76 46
76 50
76 54
76 60
76 62
76 71
76 76
76 77
76 85
76 90
76 91
76 93
76 96
76 97
76 99
76 100
77 0
77 1
77 2
77 3
77 6
77 11
77 24
77 29
77 32
77 37
77 42
77 45
77 47
77 50
77 52
77 54
77 58
77 59
77 60
77 61
77 62
77 63
77 64
77 67
77 68
77 71
77 74
77 75
77 78
77 80
77 82
77 84
77 90
77 94
77 98
78 1
78 6
78 10
78 11
78 12
78 13
78 14
78 17
78 25
78 30
78 31
78 32
78 33
78 36
78 37
78 39
78 40
78 45
78 46
78 49
78 53
78 61
78 62
78 63
78 72
78 77
78 78
78 87
78 91
78 94
78 96
78 100
79 0
79 1
79 3
79 5
79 7
79 8
79 9
79 14
79 19
79 23
79 28
79 38
79 42
79 44
79 45
79 47
79 48
79 51
79 52
79 54
79 57
79 63
79 65
79 66
79 68
79 81
79 85
79 88
79 94
80 4
80 11
80 12
80 15
80 16
80 17
80 20
80 21
80 23
80 39
80 40
80 44
80 47
80 54
80 55
80 61
80 75
80 76
80 77
80 83
80 84
80 90
80 93
80 97
81 0
81 3
81 9
81 14
81 16
81 18
81 19
81 20
81 23
81 27
81 29
81 31
81 35
81 36
81 44
81 45
81 47
81 53
81 75
81 77
81 81
81 87
81 88
81 90
81 92
81 94
81 99
82 1
82 2
82 6
82 7
82 8
82 9
82 11
82 15
82 17
82 21
82 22
82 23
82 24
82 25
82 26
82 31
82 44
82 45
82 47
82 50
82 54
82 56
82 57
82 63
82 65
82 67
82 69
82 71
82 72
82 77
82 80
82 81
82 82
82 84
82 85
82 90
82 92
83 0
83 3
83 5
83 13
83 14
83 15
83 19
83 22
83 23
83 24
83 29
83 30
83 33
83 34
83 35
83 39
83 40
83 42
83 46
83 47
83 50
83 52
83 53
83 55
83 59
83 61
83 63
83 68
83 72
83 73
83 80
83 82
83 84
83 86
83 98
83 99
83 100
84 0
84 2
84 11
84 13
84 27
84 30
84 33
84 34
84 37
84 41
84 44
84 45
84 49
84 55
84 56
84 63
84 64
84 73
84 80
84 82
84 83
84 85
84 87
84 88
84 90
84 91
84 93
84 94
84 95
84 99
84 100
85 5
85 7
85 8
85 9
85 10
85 11
85 23
85 25
85 28
85 30
85 32
85 37
85 45
85 46
85 47
85 50
85 52
85 57
85 59
85 65
85 69
85 70
85 71
85 73
85 76
85 77
85 80
85 81
85 92
85 96
85 99
85 100
86 0
86 6
86 11
86 24
86 27
86 32
86 33
86 37
86 39
86 41
86 52
86 59
86 61
86 63
86 68
86 73
86 77
86 81
86 83
86 84
86 85
86 89
86 90
86 95
86 97
87 3
87 4
87 9
87 12
87 18
87 20
87 23
87 27
87 30
87 31
87 35
87 39
87 46
87 54
87 57
87 61
87 63
87 64
87 67
87 68
87 72
87 74
87 77
87 89
87 94
87 95
87 96
87 98
87 100
88 2
88 5
88 7
88 10
88 13
88 16
88 18
88 22
88 23
88 29
88 30
88 34
88 36
88 37
88 42
88 43
88 46
88 56
88 57
88 61
88 62
88 65
88 66
88 81
88 87
88 88
88 94
89 11
89 12
89 14
89 16
89 19
89 24
89 30
89 31
89 32
89 38
89 45
89 51
89 52
89 53
89 57
89 60
89 63
89 64
89 65
89 68
89 69
89 72
89 76
89 77
89 78
89 79
89 81
89 82
89 85
89 86
89 91
89 92
90 0
90 1
90 7
90 8
90 9
90 11
90 15
90 17
90 22
90 23
90 28
90 31
90 40
90 43
90 46
90 50
90 52
90 59
90 64
90 65
90 70
90 72
90 74
90 75
90 84
90 86
90 88
90 91
90 93
90 97
91 1
91 2
91 7
91 16
91 25
91 28
91 35
91 39
91 47
91 50
91 51
91 57
91 61
91 64
91 70
91 72
91 73
91 77
91 80
91 85
91 94
91 95
91 96
91 100
92 4
92 7
92 8
92 9
92 11
92 27
92 29
92 30
92 31
92 33
92 34
92 35
92 40
92 42
92 49
92 50
92 51
92 59
92 66
92 69
92 70
92 71
92 72
92 75
92 76
92 78
92 85
92 88
92 90
92 91
92 93
92 94
92 98
92 100
93 3
93 4
93 7
93 9
93 11
93 16
93 17
93 18
93 19
93 24
93 25
93 26
93 27
93 28
93 29
93 32
93 33
93 34
93 37
93 44
93 47
93 49
93 50
93 51
93 55
93 58
93 59
93 64
93 67
93 74
93 82
93 90
93 91
93 93
93 94
93 96
93 97
93 99
93 100
94 3
94 7
94 8
94 10
94 12
94 15
94 16
94 17
94 19
94 23
94 25
94 36
94 37
94 50
94 53
94 56
94 58
94 59
94 61
94 66
94 70
94 73
94 74
94 77
94 82
94 91
94 93
94 98
95 1
95 3
95 9
95 11
95 16
95 17
95 18
95 29
95 37
95 41
95 44
95 46
95 47
95 51
95 54
95 57
95 63
95 64
95 78
95 79
95 80
95 95
95 97
96 0
96 1
96 6
96 12
96 13
96 15
96 16
96 19
96 20
96 21
96 23
96 24
96 29
96 30
96 32
96 34
96 37
96 39
96 44
96 46
96 50
96 54
96 57
96 67
96 69
96 78
96 82
96 85
96 88
96 89
96 91
96 93
96 97
97 5
97 8
97 10
97 11
97 13
97 16
97 17
97 20
97 21
97 22
97 25
97 26
97 28
97 33
97 34
97 37
97 38
97 39
97 44
97 45
97 46
97 47
97 52
97 61
97 62
97 64
97 65
97 66
97 67
97 75
97 78
97 85
97 86
97 92
98 1
98 5
98 8
98 10
98 11
98 19
98 23
98 30
98 32
98 35
98 36
98 37
98 38
98 41
98 42
98 53
98 56
98 59
98 62
98 63
98 64
98 72
98 74
98 76
98 89
98 90
98 93
98 99
98 100
99 1
99 2
99 5
99 6
99 7
99 19
99 24
99 27
99 28
99 30
99 35
99 37
99 38
99 39
99 40
99 43
99 44
99 50
99 56
99 59
99 61
99 64
99 66
99 67
99 72
99 73
99 75
99 84
99 85
99 87
99 88
99 96
99 100
100 2
100 9
100 11
100 13
100 15
100 20
100 33
100 35
100 41
100 44
100 45
100 46
100 53
100 55
100 56
100 58
100 67
100 69
100 70
100 74
100 79
100 84
100 89
100 90
100 91
100 92
100 93
100 97
