0 0
0 1
0 3
0 5
0 13
0 16
0 18
0 20
0 28
0 29
0 33
0 35
0 39
0 40
0 41
0 42
0 44
0 47
0 48
0 49
0 57
0 59
0 63
0 64
0 67
0 69
0 71
0 72
0 74
0 76
0 79
0 81
0 98
1 3
1 7
1 12
1 15
1 16
1 20
1 22
1 24
1 26
1 29
1 31
1 35
1 36
1 45
1 46
1 47
1 48
1 49
1 54
1 56
1 57
1 58
1 64
1 65
1 67
1 70
1 75
1 76
1 77
1 81
1 82
1 83
1 89
1 90
1 99
1 100
2 2
2 4
2 7
2 9
2 11
2 12
2 20
2 23
2 24
2 25
2 27
2 29
2 35
2 36
2 40
2 43
2 47
2 55
2 69
2 71
2 80
2 85
2 89
2 91
2 95
2 96
2 99
3 3
3 4
3 8
3 11
3 19
3 20
3 21
3 34
3 38
3 40
3 48
3 49
3 56
3 57
3 59
3 64
3 72
3 74
3 76
3 79
3 82
3 83
3 85
3 87
3 91
3 96
3 97
3 99
4 17
4 18
4 24
4 25
4 26
4 30
4 35
4 36
4 37
4 38
4 41
4 48
4 53
4 54
4 55
4 56
4 59
4 61
4 64
4 65
4 66
4 67
4 71
4 73
4 75
4 78
4 80
4 83
4 86
4 90
4 97
4 98
4 100
5 0
5 1
5 5
5 7
5 11
5 14
5 22
5 29
5 37
5 43
5 46
5 51
5 57
5 58
5 60
5 62
5 63
5 66
5 76
5 78
5 82
5 84
5 85
5 89
5 91
5 97
5 98
5 100
6 4
6 5
6 7
6 22
6 23
6 35
6 42
6 49
6 52
6 53
6 54
6 62
6 68
6 71
6 81
6 82
6 95
7 3
7 7
7 9
7 10
7 16
7 18
7 20
7 27
7 29
7 34
7 35
7 37
7 40
7 49
7 61
7 64
7 66
7 67
7 73
7 78
7 80
7 82
7 83
7 88
7 89
7 91
7 96
8 1
8 3
8 5
8 7
8 10
8 15
8 19
8 25
8 35
8 36
8 38
8 48
8 49
8 50
8 51
8 52
8 55
8 59
8 60
8 62
8 68
8 69
8 75
8 77
8 79
8 80
8 83
8 84
8 87
8 97
8 100
9 0
9 4
9 7
9 12
9 14
9 15
9 17
9 18
9 21
9 22
9 23
9 29
9 36
9 42
9 44
9 48
9 51
9 56
9 58
9 61
9 62
9 64
9 71
9 74
9 78
9 81
9 82
9 85
9 87
9 89
9 91
9 95
9 97
9 99
9 100
10 1
10 2
10 4
10 5
10 12
10 14
10 15
10 21
10 24
10 25
10 26
10 27
10 34
10 41
10 44
10 48
10 49
10 50
10 55
10 61
10 64
10 65
10 66
10 67
10 69
10 81
10 88
10 89
10 92
10 93
10 94
10 98
10 99
10 100
11 0
11 1
11 2
11 3
11 12
11 15
11 18
11 21
11 22
11 24
11 25
11 26
11 28
11 31
11 34
11 43
11 64
11 66
11 70
11 72
11 73
11 77
11 86
11 87
11 90
11 92
11 99
11 100
12 2
12 4
12 10
12 14
12 15
12 16
12 19
12 20
12 21
12 30
12 33
12 36
12 37
12 39
12 40
12 41
12 42
12 43
12 44
12 46
12 47
12 54
12 55
12 56
12 57
12 60
12 65
12 70
12 73
12 87
12 89
12 92
12 93
12 96
12 98
13 4
13 6
13 13
13 16
13 21
13 24
13 29
13 32
13 35
13 38
13 41
13 44
13 46
13 47
13 48
13 52
13 53
13 66
13 68
13 69
13 72
13 74
13 77
13 78
13 79
13 80
13 90
13 92
13 96
13 99
14 3
14 7
14 17
14 18
14 21
14 22
14 25
14 28
14 33
14 36
14 39
14 45
14 48
14 50
14 51
14 52
14 53
14 56
14 57
14 66
14 74
14 82
14 83
14 87
14 88
14 90
14 91
14 98
15 5
15 10
15 12
15 22
15 25
15 28
15 31
15 32
15 34
15 36
15 41
15 43
15 45
15 46
15 61
15 69
15 73
15 78
15 84
15 88
15 90
15 93
15 97
16 1
16 2
16 3
16 4
16 8
16 9
16 20
16 22
16 23
16 25
16 26
16 27
16 33
16 37
16 40
16 42
16 45
16 47
16 52
16 55
16 58
16 65
16 66
16 67
16 70
16 78
16 79
16 80
16 81
16 84
16 85
16 92
16 93
16 98
17 6
17 8
17 9
17 12
17 15
17 16
17 19
17 24
17 25
17 26
17 30
17 33
17 35
17 36
17 38
17 40
17 47
17 57
17 58
17 59
17 66
17 67
17 68
17 69
17 77
17 80
17 91
17 92
17 93
17 95
17 97
17 99
18 0
18 4
18 5
18 12
18 18
18 20
18 22
18 30
18 34
18 35
18 36
18 37
18 38
18 45
18 47
18 48
18 57
18 61
18 62
18 65
18 69
18 71
18 75
18 76
18 77
18 79
18 83
18 87
18 90
18 92
18 93
18 94
18 100
19 0
19 1
19 2
19 5
19 8
19 9
19 14
19 18
19 20
19 23
19 29
19 32
19 35
19 39
19 43
19 45
19 48
19 49
19 50
19 58
19 62
19 71
19 75
19 76
19 84
19 89
19 94
19 95
20 0
20 4
20 9
20 14
20 24
20 26
20 28
20 36
20 37
20 39
20 44
20 50
20 54
20 56
20 60
20 62
20 63
20 71
20 81
20 84
20 85
20 90
20 91
20 94
20 98
21 1
21 2
21 3
21 4
21 5
21 7
21 10
21 11
21 24
21 26
21 30
21 34
21 35
21 38
21 39
21 43
21 44
21 49
21 52
21 59
21 64
21 68
21 69
21 71
21 74
21 75
21 81
21 87
21 89
21 93
22 0
22 2
22 4
22 5
22 7
22 9
22 10
22 14
22 15
22 16
22 20
22 22
22 25
22 27
22 29
22 31
22 32
22 37
22 45
22 46
22 47
22 49
22 53
22 55
22 56
22 59
22 63
22 65
22 68
22 70
22 73
22 74
22 76
22 77
22 87
22 89
22 90
22 93
22 95
22 97
22 98
23 1
23 2
23 3
23 5
23 11
23 12
23 13
23 17
23 19
23 20
23 25
23 36
23 46
23 47
23 49
23 54
23 55
23 56
23 63
23 66
23 68
23 69
23 73
23 77
23 84
23 93
23 94
23 95
23 100
24 2
24 4
24 8
24 13
24 17
24 19
24 20
24 23
24 26
24 29
24 31
24 35
24 42
24 44
24 46
24 47
24 50
24 57
24 66
24 70
24 74
24 79
24 84
24 85
24 87
24 91
24 92
24 93
24 94
24 96
24 99
25 2
25 3
25 6
25 9
25 10
25 20
25 21
25 25
25 28
25 31
25 32
25 34
25 35
25 42
25 44
25 45
25 47
25 48
25 52
25 57
25 58
25 59
25 60
25 63
25 64
25 67
25 81
25 83
25 87
25 97
26 1
26 12
26 16
26 19
26 21
26 22
26 23
26 26
26 32
26 33
26 34
26 37
26 43
26 48
26 50
26 57
26 58
26 61
26 63
26 69
26 72
26 73
26 79
26 84
26 86
26 88
26 93
26 94
26 97
26 98
27 8
27 9
27 10
27 12
27 22
27 31
27 32
27 35
27 36
27 37
27 39
27 47
27 49
27 51
27 56
27 64
27 65
27 66
27 67
27 68
27 69
27 73
27 75
27 78
27 84
27 85
27 86
27 89
27 95
27 96
28 1
28 3
28 6
28 8
28 12
28 13
28 15
28 24
28 26
28 27
28 28
28 32
28 33
28 37
28 38
28 39
28 41
28 42
28 46
28 53
28 56
28 64
28 71
28 73
28 76
28 77
28 79
28 83
28 85
28 87
28 89
28 92
28 94
28 100
29 1
29 5
29 8
29 10
29 17
29 18
29 19
29 20
29 26
29 39
29 41
29 45
29 46
29 48
29 51
29 56
29 58
29 62
29 63
29 67
29 74
29 83
29 86
29 92
29 97
30 2
30 6
30 10
30 14
30 20
30 22
30 23
30 24
30 25
30 32
30 39
30 40
30 42
30 44
30 52
30 54
30 55
30 56
30 58
30 59
30 64
30 67
30 71
30 74
30 78
30 82
30 88
30 89
30 91
30 92
30 93
30 98
30 99
31 1
31 2
31 3
31 5
31 9
31 13
31 15
31 20
31 22
31 24
31 27
31 28
31 29
31 31
31 32
31 33
31 35
31 38
31 39
31 40
31 41
31 44
31 47
31 49
31 50
31 55
31 59
31 60
31 63
31 67
31 69
31 71
31 76
31 84
31 86
31 90
31 93
31 96
31 98
31 100
32 1
32 5
32 9
32 12
32 15
32 18
32 19
32 22
32 23
32 32
32 33
32 38
32 43
32 45
32 46
32 47
32 49
32 52
32 72
32 76
32 77
32 79
32 84
32 91
32 94
32 99
32 100
33 3
33 5
33 7
33 9
33 12
33 21
33 24
33 31
33 32
33 33
33 34
33 35
33 36
33 44
33 45
33 52
33 54
33 56
33 57
33 60
33 65
33 67
33 73
33 74
33 77
33 80
33 83
33 86
33 93
33 96
33 97
33 98
34 0
34 1
34 4
34 7
34 8
34 12
34 15
34 16
34 20
34 35
34 36
34 37
34 41
34 43
34 50
34 55
34 62
34 63
34 64
34 66
34 72
34 81
34 86
34 88
34 89
34 99
34 100
35 0
35 1
35 2
35 3
35 4
35 6
35 7
35 14
35 17
35 19
35 21
35 22
35 23
35 24
35 30
35 34
35 36
35 40
35 42
35 48
35 63
35 68
35 85
35 86
35 88
35 89
35 92
35 94
35 95
36 2
36 4
36 5
36 11
36 13
36 23
36 25
36 31
36 44
36 48
36 50
36 54
36 55
36 56
36 57
36 64
36 65
36 71
36 75
36 77
36 83
36 89
36 91
36 93
36 94
36 99
37 1
37 2
37 6
37 8
37 10
37 16
37 18
37 19
37 21
37 24
37 28
37 32
37 33
37 34
37 45
37 47
37 49
37 50
37 55
37 57
37 59
37 60
37 64
37 66
37 71
37 72
37 75
37 76
37 79
37 81
37 84
37 86
37 89
37 90
37 98
38 0
38 3
38 6
38 9
38 14
38 15
38 20
38 28
38 30
38 33
38 34
38 35
38 37
38 44
38 47
38 51
38 57
38 61
38 62
38 64
38 66
38 69
38 72
38 78
38 80
38 83
38 84
38 89
38 91
38 99
39 2
39 4
39 5
39 6
39 8
39 16
39 27
39 31
39 32
39 33
39 38
39 39
39 44
39 46
39 48
39 49
39 54
39 62
39 66
39 70
39 74
39 75
39 81
39 85
39 87
39 90
39 91
39 92
39 93
39 94
39 97
39 100
40 2
40 7
40 23
40 24
40 26
40 33
40 35
40 38
40 39
40 41
40 42
40 50
40 52
40 54
40 55
40 58
40 59
40 60
40 61
40 64
40 72
40 78
40 80
40 83
40 91
40 96
40 97
41 0
41 4
41 5
41 8
41 10
41 11
41 12
41 13
41 14
41 15
41 18
41 20
41 21
41 34
41 36
41 38
41 41
41 42
41 46
41 47
41 55
41 74
41 75
41 80
41 84
41 89
41 91
41 93
41 94
41 96
42 1
42 2
42 4
42 10
42 13
42 16
42 20
42 27
42 28
42 29
42 32
42 38
42 42
42 45
42 47
42 53
42 54
42 55
42 56
42 58
42 63
42 66
42 69
42 74
42 79
42 83
42 84
42 86
43 3
43 9
43 11
43 13
43 15
43 16
43 18
43 20
43 24
43 25
43 31
43 32
43 36
43 39
43 40
43 42
43 44
43 46
43 51
43 52
43 58
43 61
43 62
43 63
43 68
43 71
43 73
43 78
43 79
43 80
43 84
43 89
43 91
43 92
43 93
43 95
44 3
44 8
44 10
44 11
44 12
44 14
44 17
44 18
44 19
44 22
44 27
44 29
44 32
44 37
44 41
44 46
44 48
44 52
44 55
44 56
44 57
44 60
44 62
44 63
44 65
44 71
44 74
44 77
44 78
44 80
44 85
44 92
45 6
45 13
45 14
45 17
45 19
45 23
45 25
45 26
45 27
45 29
45 30
45 31
45 48
45 49
45 51
45 57
45 59
45 61
45 66
45 69
45 71
45 73
45 77
45 79
45 80
45 81
45 82
45 86
45 88
45 89
45 91
46 18
46 24
46 25
46 28
46 30
46 32
46 43
46 51
46 53
46 54
46 55
46 56
46 59
46 61
46 64
46 71
46 73
46 84
46 87
46 91
46 92
46 94
46 96
47 1
47 3
47 9
47 10
47 11
47 18
47 24
47 26
47 28
47 34
47 36
47 40
47 42
47 44
47 48
47 50
47 51
47 53
47 54
47 55
47 58
47 59
47 64
47 66
47 75
47 78
47 87
47 94
47 98
47 100
48 1
48 4
48 5
48 6
48 11
48 17
48 18
48 28
48 30
48 32
48 34
48 35
48 42
48 43
48 51
48 52
48 54
48 60
48 61
48 74
48 79
48 80
48 85
48 86
48 93
48 96
48 98
48 99
49 2
49 4
49 8
49 13
49 14
49 22
49 26
49 27
49 33
49 34
49 36
49 44
49 45
49 50
49 53
49 57
49 59
49 60
49 61
49 62
49 64
49 65
49 69
49 70
49 71
49 72
49 74
49 76
49 82
49 84
49 85
49 87
49 89
49 91
49 96
49 100
50 3
50 4
50 7
50 9
50 12
50 14
50 16
50 23
50 24
50 25
50 28
50 30
50 31
50 32
50 36
50 37
50 38
50 40
50 41
50 43
50 46
50 52
50 54
50 57
50 67
50 68
50 74
50 82
50 85
50 87
50 88
50 96
50 97
50 98
51 1
51 3
51 8
51 10
51 11
51 12
51 13
51 17
51 18
51 23
51 24
51 25
51 32
51 34
51 43
51 50
51 54
51 55
51 57
51 58
51 63
51 64
51 66
51 70
51 71
51 75
51 76
51 81
51 82
51 83
51 86
51 87
51 90
51 92
51 93
51 96
51 97
52 2
52 3
52 6
52 8
52 13
52 19
52 27
52 28
52 29
52 32
52 33
52 34
52 36
52 40
52 43
52 49
52 50
52 52
52 59
52 63
52 64
52 65
52 71
52 74
52 75
52 83
52 88
52 89
52 94
52 95
52 98
53 3
53 4
53 7
53 13
53 15
53 18
53 19
53 22
53 28
53 30
53 31
53 32
53 34
53 37
53 42
53 43
53 45
53 46
53 52
53 55
53 56
53 61
53 62
53 63
53 65
53 68
53 69
53 73
53 75
53 80
53 81
53 85
53 87
53 88
53 89
53 91
53 93
53 99
54 4
54 10
54 11
54 12
54 13
54 19
54 27
54 29
54 34
54 43
54 48
54 49
54 50
54 51
54 55
54 57
54 61
54 62
54 64
54 66
54 68
54 70
54 79
54 81
54 86
54 89
54 92
54 95
54 97
55 0
55 2
55 5
55 11
55 13
55 17
55 21
55 23
55 24
55 31
55 34
55 35
55 57
55 58
55 60
55 64
55 65
55 66
55 72
55 78
55 79
55 83
55 84
55 90
55 92
55 94
55 95
56 1
56 3
56 6
56 7
56 11
56 14
56 17
56 19
56 20
56 23
56 24
56 27
56 36
56 38
56 41
56 46
56 49
56 60
56 63
56 65
56 66
56 68
56 70
56 76
56 77
56 79
56 90
56 92
56 99
56 100
57 0
57 2
57 4
57 8
57 20
57 21
57 22
57 27
57 28
57 31
57 35
57 38
57 40
57 43
57 44
57 45
57 46
57 48
57 50
57 51
57 53
57 54
57 62
57 64
57 65
57 67
57 72
57 81
57 83
57 86
57 88
57 89
57 90
57 91
57 92
58 0
58 2
58 8
58 9
58 10
58 14
58 29
58 30
58 34
58 35
58 36
58 38
58 51
58 52
58 54
58 64
58 66
58 67
58 69
58 70
58 71
58 77
58 79
58 95
59 8
59 9
59 13
59 17
59 18
59 20
59 21
59 24
59 25
59 33
59 34
59 35
59 36
59 39
59 46
59 51
59 53
59 57
59 59
59 62
59 69
59 70
59 71
59 73
59 75
59 76
59 78
59 81
59 83
59 85
59 87
59 91
59 92
59 96
59 98
60 2
60 3
60 6
60 10
60 14
60 15
60 18
60 19
60 20
60 21
60 30
60 35
60 37
60 38
60 40
60 49
60 50
60 52
60 53
60 54
60 56
60 61
60 62
60 63
60 64
60 65
60 82
60 85
60 89
60 90
60 91
60 98
61 15
61 16
61 17
61 21
61 22
61 24
61 27
61 28
61 30
61 32
61 33
61 35
61 36
61 38
61 39
61 44
61 46
61 49
61 50
61 52
61 53
61 57
61 58
61 61
61 63
61 66
61 67
61 76
61 79
61 81
61 92
61 94
61 95
61 99
62 5
62 13
62 19
62 21
62 24
62 25
62 31
62 33
62 34
62 35
62 39
62 44
62 45
62 52
62 61
62 62
62 66
62 70
62 71
62 72
62 79
62 80
62 83
62 85
62 86
62 87
62 95
62 97
62 99
62 100
63 3
63 8
63 11
63 13
63 16
63 17
63 19
63 22
63 23
63 25
63 30
63 35
63 36
63 51
63 59
63 66
63 69
63 79
63 85
63 86
63 87
63 90
63 92
63 96
63 98
64 0
64 2
64 10
64 11
64 12
64 15
64 17
64 26
64 30
64 31
64 32
64 37
64 38
64 40
64 43
64 46
64 49
64 50
64 55
64 56
64 58
64 60
64 61
64 66
64 75
64 76
64 77
64 78
64 89
64 90
64 94
64 99
65 1
65 3
65 9
65 15
65 23
65 24
65 36
65 37
65 42
65 43
65 44
65 45
65 47
65 49
65 50
65 53
65 55
65 57
65 58
65 59
65 60
65 62
65 65
65 68
65 69
65 74
65 76
65 77
65 79
65 83
65 84
65 88
65 95
65 97
66 0
66 2
66 3
66 8
66 9
66 12
66 22
66 31
66 32
66 34
66 35
66 36
66 38
66 42
66 46
66 47
66 50
66 51
66 53
66 56
66 57
66 58
66 61
66 62
66 70
66 73
66 76
66 77
66 78
66 79
66 81
66 82
66 87
66 90
66 91
66 92
66 97
66 100
67 1
67 2
67 3
67 8
67 9
67 13
67 17
67 21
67 23
67 26
67 27
67 29
67 41
67 42
67 49
67 51
67 53
67 63
67 72
67 73
67 75
67 77
67 78
67 79
67 81
67 83
67 85
67 88
67 92
67 93
67 95
68 0
68 2
68 5
68 7
68 10
68 11
68 12
68 13
68 16
68 18
68 21
68 23
68 28
68 29
68 31
68 34
68 35
68 40
68 49
68 50
68 56
68 60
68 66
68 67
68 70
68 78
68 80
68 83
68 86
68 91
68 96
68 97
68 100
69 1
69 4
69 9
69 12
69 13
69 14
69 25
69 27
69 29
69 32
69 36
69 38
69 47
69 53
69 57
69 59
69 60
69 65
69 69
69 70
69 75
69 76
69 77
69 79
69 82
69 83
69 92
69 93
69 94
69 95
69 99
70 0
70 5
70 11
70 12
70 14
70 16
70 23
70 24
70 27
70 32
70 34
70 39
70 41
70 45
70 46
70 57
70 63
70 64
70 66
70 68
70 71
70 73
70 77
70 78
70 84
70 85
70 91
70 92
70 95
70 98
70 99
71 1
71 5
71 9
71 12
71 13
71 14
71 16
71 18
71 20
71 25
71 27
71 28
71 29
71 31
71 34
71 44
71 46
71 48
71 49
71 52
71 54
71 56
71 60
71 65
71 73
71 76
71 79
71 81
71 83
71 90
71 93
71 96
71 98
72 3
72 7
72 8
72 17
72 19
72 26
72 30
72 31
72 38
72 39
72 40
72 42
72 46
72 48
72 50
72 52
72 54
72 55
72 57
72 64
72 65
72 66
72 67
72 68
72 70
72 78
72 79
72 80
72 82
72 88
72 92
72 97
72 98
73 3
73 4
73 5
73 15
73 16
73 17
73 18
73 22
73 32
73 34
73 35
73 39
73 42
73 44
73 46
73 48
73 51
73 52
73 54
73 56
73 60
73 62
73 63
73 67
73 72
73 75
73 77
73 78
73 79
73 88
73 93
73 95
73 97
73 98
74 0
74 1
74 2
74 5
74 6
74 7
74 18
74 23
74 27
74 34
74 35
74 41
74 45
74 47
74 51
74 52
74 55
74 57
74 59
74 67
74 74
74 79
74 80
74 82
74 83
74 85
74 86
74 91
74 93
74 96
75 3
75 4
75 6
75 9
75 11
75 14
75 28
75 30
75 32
75 36
75 37
75 41
75 43
75 48
75 51
75 59
75 63
75 64
75 66
75 68
75 71
75 75
75 77
75 82
75 83
75 90
75 93
75 99
76 1
76 15
76 19
76 20
76 23
76 28
76 30
76 33
76 34
76 35
76 36
76 39
76 40
76 42
76 53
76 54
76 55
76 56
76 57
76 62
76 68
76 73
76 77
76 80
76 85
76 86
76 87
76 98
76 100
77 0
77 1
77 9
77 13
77 14
77 19
77 20
77 21
77 26
77 27
77 29
77 32
77 38
77 40
77 45
77 47
77 48
77 49
77 51
77 52
77 53
77 54
77 55
77 56
77 61
77 68
77 73
77 76
77 81
77 85
77 94
77 97
77 98
78 5
78 10
78 11
78 14
78 17
78 18
78 19
78 24
78 25
78 30
78 32
78 38
78 42
78 45
78 50
78 51
78 53
78 56
78 58
78 59
78 64
78 65
78 68
78 69
78 76
78 77
78 80
78 84
78 86
78 90
78 93
78 98
78 100
79 1
79 4
79 8
79 11
79 14
79 19
79 21
79 22
79 23
79 28
79 29
79 37
79 47
79 51
79 53
79 58
79 59
79 63
79 65
79 69
79 72
79 73
79 81
79 82
79 84
79 85
79 86
79 88
79 91
79 93
79 94
79 96
80 1
80 7
80 8
80 11
80 12
80 15
80 19
80 24
80 26
80 27
80 29
80 30
80 32
80 38
80 39
80 55
80 57
80 58
80 70
80 79
80 80
80 86
80 87
80 92
80 94
80 98
80 100
81 4
81 7
81 8
81 10
81 13
81 20
81 42
81 43
81 48
81 51
81 53
81 54
81 57
81 58
81 62
81 63
81 65
81 74
81 78
81 82
81 83
81 84
81 86
81 87
81 90
81 91
81 97
82 2
82 4
82 8
82 11
82 12
82 15
82 21
82 27
82 28
82 35
82 41
82 42
82 45
82 50
82 51
82 61
82 66
82 67
82 70
82 75
82 76
82 77
82 80
82 84
82 85
82 89
82 90
82 93
82 94
83 3
83 9
83 10
83 11
83 13
83 16
83 20
83 25
83 27
83 28
83 30
83 32
83 35
83 38
83 40
83 43
83 44
83 47
83 48
83 54
83 55
83 65
83 67
83 68
83 72
83 73
83 77
83 82
83 89
83 92
83 93
83 94
83 95
83 97
83 98
84 0
84 1
84 5
84 6
84 7
84 11
84 12
84 13
84 15
84 18
84 20
84 31
84 36
84 38
84 39
84 40
84 44
84 45
84 48
84 49
84 51
84 52
84 53
84 56
84 57
84 63
84 67
84 68
84 71
84 72
84 74
84 75
84 76
84 83
84 94
84 96
84 100
85 1
85 2
85 4
85 5
85 6
85 7
85 8
85 18
85 21
85 24
85 26
85 29
85 33
85 35
85 38
85 40
85 45
85 47
85 48
85 58
85 59
85 63
85 69
85 71
85 76
85 83
85 84
85 87
85 89
85 92
85 99
86 9
86 10
86 12
86 16
86 20
86 23
86 26
86 29
86 31
86 36
86 40
86 42
86 51
86 55
86 62
86 66
86 67
86 68
86 70
86 73
86 75
86 76
86 83
86 87
86 88
86 95
86 97
86 98
87 0
87 1
87 8
87 9
87 11
87 13
87 23
87 33
87 42
87 43
87 46
87 48
87 50
87 51
87 52
87 60
87 62
87 64
87 66
87 67
87 70
87 71
87 73
87 84
87 89
87 92
87 95
87 96
88 2
88 10
88 11
88 12
88 15
88 16
88 18
88 22
88 28
88 35
88 38
88 39
88 40
88 45
88 49
88 51
88 53
88 56
88 59
88 60
88 61
88 63
88 67
88 69
88 73
88 74
88 81
88 92
88 93
88 99
89 3
89 4
89 5
89 6
89 10
89 11
89 17
89 20
89 23
89 24
89 25
89 31
89 38
89 39
89 40
89 41
89 43
89 46
89 50
89 54
89 62
89 64
89 74
89 76
89 88
89 89
89 95
89 97
89 98
89 100
90 0
90 1
90 2
90 3
90 7
90 11
90 14
90 28
90 29
90 31
90 33
90 34
90 42
90 43
90 44
90 48
90 64
90 65
90 68
90 69
90 77
90 79
90 80
90 83
90 86
90 88
90 90
90 92
90 93
91 5
91 7
91 9
91 13
91 17
91 25
91 26
91 27
91 28
91 31
91 33
91 36
91 37
91 42
91 49
91 50
91 52
91 56
91 63
91 68
91 71
91 73
91 74
91 75
91 77
91 81
91 82
91 86
91 87
91 90
91 98
92 1
92 2
92 3
92 11
92 13
92 16
92 18
92 19
92 26
92 28
92 29
92 32
92 33
92 35
92 36
92 43
92 48
92 56
92 57
92 59
92 66
92 70
92 71
92 73
92 74
92 78
92 81
92 85
92 88
92 90
92 95
92 97
93 12
93 13
93 14
93 17
93 20
93 22
93 23
93 33
93 37
93 41
93 44
93 46
93 50
93 55
93 56
93 58
93 60
93 62
93 67
93 68
93 69
93 74
93 76
93 84
93 85
93 88
93 89
93 91
93 92
93 99
94 4
94 6
94 9
94 12
94 15
94 18
94 20
94 22
94 25
94 27
94 29
94 31
94 32
94 34
94 36
94 39
94 41
94 44
94 45
94 48
94 50
94 53
94 55
94 59
94 62
94 63
94 68
94 74
94 78
94 86
94 88
94 89
95 0
95 3
95 5
95 13
95 14
95 16
95 17
95 25
95 30
95 34
95 37
95 40
95 42
95 46
95 48
95 49
95 50
95 61
95 65
95 66
95 70
95 74
95 81
95 83
95 88
95 90
95 93
95 94
95 97
95 99
96 0
96 1
96 7
96 8
96 9
96 19
96 20
96 26
96 30
96 37
96 39
96 43
96 49
96 51
96 64
96 67
96 72
96 75
96 79
96 80
96 82
96 86
96 95
96 96
97 5
97 10
97 14
97 22
97 27
97 29
97 31
97 34
97 38
97 42
97 48
97 49
97 52
97 63
97 66
97 69
97 76
97 83
97 84
97 94
97 95
97 97
97 98
97 99
97 100
98 1
98 5
98 9
98 10
98 12
98 15
98 19
98 20
98 30
98 33
98 38
98 40
98 42
98 51
98 56
98 60
98 61
98 67
98 70
98 73
98 85
98 86
98 89
98 96
98 97
98 98
99 0
99 2
99 4
99 10
99 17
99 19
99 22
99 26
99 27
99 30
99 33
99 38
99 42
99 48
99 51
99 55
99 56
99 63
99 65
99 67
99 68
99 77
99 81
99 87
99 93
99 96
99 99
100 0
100 5
100 7
100 12
100 18
100 19
100 20
100 22
100 27
100 31
100 38
100 39
100 40
100 41
100 45
100 47
100 48
100 51
100 53
100 56
100 57
100 60
100 62
100 63
100 68
100 71
100 72
100 74
100 75
100 80
100 82
100 84
100 91
100 92
100 99
100 100
