0 2
0 3
0 8
0 14
0 17
0 18
0 19
0 22
0 27
0 28
0 38
0 39
0 40
0 41
0 42
0 43
0 44
0 45
0 46
0 48
0 60
0 61
0 63
0 68
0 73
0 74
0 80
0 82
0 85
0 87
0 91
0 94
0 97
1 1
1 2
1 7
1 10
1 22
1 24
1 31
1 34
1 35
1 36
1 43
1 44
1 46
1 51
1 54
1 65
1 70
1 71
1 75
1 78
1 96
2 1
2 3
2 7
2 8
2 9
2 13
2 24
2 25
2 26
2 27
2 42
2 45
2 47
2 48
2 52
2 53
2 54
2 55
2 59
2 62
2 74
2 75
2 76
2 81
2 86
2 92
2 97
2 98
2 99
2 100
3 0
3 7
3 8
3 9
3 11
3 13
3 16
3 17
3 20
3 21
3 23
3 29
3 34
3 41
3 43
3 44
3 45
3 46
3 48
3 50
3 59
3 61
3 64
3 67
3 72
3 74
3 80
3 81
3 82
3 86
3 88
3 90
3 91
3 93
3 96
4 1
4 5
4 7
4 13
4 21
4 24
4 28
4 32
4 41
4 43
4 45
4 49
4 55
4 56
4 61
4 78
4 80
4 86
4 88
4 93
4 94
4 95
4 98
5 4
5 5
5 16
5 19
5 23
5 25
5 30
5 35
5 40
5 41
5 42
5 45
5 48
5 52
5 57
5 58
5 59
5 61
5 65
5 67
5 76
5 78
5 79
5 80
5 81
5 84
5 88
5 89
5 94
5 95
6 1
6 9
6 13
6 15
6 16
6 18
6 22
6 23
6 24
6 27
6 31
6 32
6 33
6 34
6 36
6 37
6 38
6 40
6 47
6 60
6 63
6 73
6 74
6 76
6 80
6 83
6 92
6 93
7 0
7 2
7 7
7 8
7 9
7 18
7 23
7 32
7 38
7 40
7 50
7 52
7 53
7 58
7 59
7 63
7 64
7 65
7 66
7 67
7 73
7 74
7 77
7 82
7 89
7 90
7 93
7 94
7 97
7 100
8 0
8 5
8 10
8 20
8 22
8 29
8 32
8 37
8 46
8 48
8 49
8 52
8 56
8 62
8 64
8 66
8 67
8 71
8 72
8 75
8 77
8 89
8 92
8 98
9 1
9 2
9 5
9 8
9 14
9 21
9 25
9 32
9 33
9 37
9 39
9 47
9 52
9 59
9 63
9 65
9 67
9 72
9 73
9 81
9 82
9 86
9 94
9 97
9 98
9 99
9 100
10 1
10 3
10 8
10 10
10 13
10 17
10 18
10 19
10 32
10 43
10 44
10 45
10 49
10 53
10 56
10 57
10 59
10 61
10 63
10 69
10 71
10 74
10 76
10 86
10 88
10 89
10 91
10 93
10 94
10 98
10 99
11 0
11 3
11 4
11 6
11 13
11 15
11 16
11 17
11 21
11 25
11 27
11 30
11 35
11 36
11 37
11 39
11 41
11 42
11 44
11 48
11 49
11 50
11 52
11 53
11 55
11 60
11 62
11 68
11 69
11 70
11 71
11 73
11 74
11 76
11 78
11 79
11 82
11 87
11 88
11 92
11 93
11 95
11 97
11 99
12 0
12 1
12 17
12 22
12 24
12 30
12 31
12 35
12 36
12 40
12 43
12 47
12 61
12 70
12 71
12 74
12 81
12 83
12 87
12 94
12 96
12 98
13 14
13 16
13 19
13 21
13 29
13 32
13 34
13 44
13 45
13 51
13 53
13 59
13 66
13 70
13 73
13 74
13 78
13 79
13 80
13 81
13 82
13 84
13 86
13 88
13 91
13 92
13 99
13 100
14 3
14 4
14 9
14 11
14 12
14 14
14 16
14 17
14 19
14 20
14 22
14 25
14 31
14 33
14 41
14 46
14 47
14 48
14 50
14 51
14 52
14 53
14 58
14 59
14 62
14 64
14 69
14 71
14 73
14 96
14 100
15 0
15 2
15 6
15 7
15 10
15 11
15 17
15 18
15 19
15 20
15 24
15 27
15 32
15 33
15 45
15 47
15 55
15 61
15 67
15 70
15 73
15 77
15 81
15 82
15 83
15 85
15 86
15 88
15 90
15 93
15 95
15 100
16 1
16 3
16 5
16 8
16 9
16 10
16 11
16 21
16 24
16 29
16 31
16 36
16 39
16 43
16 45
16 50
16 53
16 55
16 58
16 59
16 61
16 63
16 67
16 69
16 70
16 73
16 75
16 80
16 91
16 98
17 0
17 1
17 7
17 12
17 14
17 27
17 28
17 33
17 35
17 38
17 41
17 47
17 52
17 57
17 58
17 61
17 63
17 64
17 70
17 72
17 82
17 83
17 85
17 88
17 89
17 90
17 92
17 96
17 97
17 100
18 10
18 16
18 17
18 19
18 40
18 42
18 43
18 45
18 46
18 53
18 58
18 60
18 61
18 65
18 73
18 75
18 78
18 79
18 82
18 89
18 90
18 92
18 93
18 96
18 98
18 100
19 2
19 7
19 8
19 9
19 14
19 18
19 19
19 27
19 29
19 33
19 34
19 35
19 37
19 61
19 65
19 70
19 76
19 77
19 83
19 87
19 88
19 91
20 2
20 3
20 11
20 15
20 16
20 20
20 22
20 23
20 27
20 29
20 31
20 33
20 41
20 50
20 52
20 54
20 56
20 58
20 63
20 64
20 66
20 72
20 73
20 78
20 79
20 85
20 93
20 94
20 98
21 2
21 4
21 8
21 11
21 17
21 19
21 22
21 23
21 27
21 29
21 31
21 38
21 39
21 45
21 47
21 48
21 49
21 50
21 51
21 54
21 59
21 63
21 68
21 73
21 74
21 83
21 84
21 86
21 87
21 90
21 93
21 94
22 1
22 3
22 4
22 9
22 15
22 17
22 19
22 22
22 29
22 36
22 44
22 49
22 66
22 68
22 70
22 72
22 73
22 80
22 88
22 90
22 92
22 100
23 4
23 10
23 11
23 13
23 14
23 15
23 17
23 20
23 21
23 22
23 26
23 31
23 47
23 48
23 51
23 54
23 56
23 58
23 59
23 61
23 62
23 68
23 71
23 76
23 86
23 91
23 92
23 93
23 95
23 97
24 0
24 2
24 9
24 13
24 14
24 15
24 21
24 28
24 32
24 35
24 36
24 69
24 75
24 81
24 84
24 86
24 90
24 92
24 95
24 97
25 0
25 10
25 11
25 12
25 15
25 22
25 26
25 29
25 30
25 35
25 43
25 44
25 45
25 46
25 51
25 56
25 57
25 60
25 69
25 71
25 72
25 74
25 75
25 77
25 79
25 84
25 87
25 89
25 91
25 95
25 100
26 0
26 2
26 10
26 11
26 12
26 15
26 21
26 22
26 23
26 24
26 27
26 28
26 31
26 37
26 38
26 39
26 47
26 51
26 53
26 54
26 60
26 62
26 64
26 67
26 69
26 70
26 71
26 72
26 73
26 77
26 87
26 88
26 89
26 90
26 96
26 98
26 99
27 2
27 5
27 16
27 17
27 33
27 36
27 44
27 45
27 47
27 50
27 51
27 52
27 55
27 56
27 62
27 63
27 72
27 74
27 78
27 83
27 86
27 91
27 100
28 1
28 2
28 8
28 9
28 12
28 14
28 24
28 32
28 34
28 36
28 37
28 39
28 48
28 51
28 55
28 57
28 59
28 62
28 64
28 67
28 69
28 72
28 74
28 76
28 79
28 83
28 88
28 89
28 96
28 98
28 99
29 0
29 1
29 9
29 11
29 12
29 14
29 18
29 20
29 23
29 24
29 25
29 28
29 30
29 34
29 35
29 42
29 43
29 44
29 49
29 56
29 59
29 61
29 63
29 68
29 74
29 79
29 85
29 93
29 94
29 99
30 1
30 10
30 14
30 17
30 18
30 19
30 22
30 23
30 30
30 35
30 38
30 42
30 44
30 50
30 52
30 53
30 54
30 56
30 63
30 65
30 68
30 74
30 78
30 79
30 83
30 88
30 95
30 96
31 3
31 12
31 14
31 15
31 26
31 29
31 31
31 34
31 38
31 39
31 40
31 42
31 44
31 47
31 48
31 50
31 52
31 56
31 57
31 59
31 62
31 66
31 68
31 72
31 74
31 75
31 76
31 85
31 86
31 88
31 92
31 97
31 98
32 2
32 8
32 9
32 17
32 24
32 26
32 32
32 35
32 37
32 43
32 51
32 58
32 64
32 67
32 71
32 75
32 83
32 84
32 86
32 89
32 90
32 91
32 94
32 96
33 2
33 3
33 4
33 5
33 7
33 8
33 10
33 14
33 16
33 18
33 21
33 26
33 27
33 32
33 43
33 44
33 47
33 49
33 52
33 56
33 59
33 77
33 81
33 86
33 90
33 93
34 3
34 4
34 6
34 9
34 15
34 16
34 17
34 21
34 23
34 31
34 34
34 36
34 40
34 44
34 45
34 48
34 54
34 56
34 64
34 66
34 72
34 73
34 75
34 77
34 81
34 84
34 86
34 87
34 90
34 94
34 95
34 97
34 100
35 2
35 3
35 5
35 8
35 12
35 17
35 20
35 21
35 27
35 29
35 31
35 34
35 35
35 36
35 37
35 40
35 42
35 46
35 52
35 53
35 54
35 59
35 60
35 61
35 62
35 63
35 64
35 67
35 68
35 74
35 77
35 84
35 87
35 88
35 90
35 96
35 98
36 0
36 1
36 4
36 5
36 7
36 10
36 14
36 18
36 19
36 24
36 25
36 31
36 33
36 34
36 37
36 53
36 57
36 58
36 63
36 69
36 74
36 80
36 87
36 90
36 91
36 99
37 2
37 7
37 10
37 12
37 24
37 29
37 30
37 33
37 34
37 35
37 38
37 42
37 50
37 51
37 52
37 54
37 61
37 64
37 66
37 72
37 74
37 75
37 76
37 82
37 86
37 87
37 89
37 92
37 94
37 95
38 1
38 2
38 5
38 6
38 7
38 9
38 14
38 16
38 18
38 19
38 22
38 24
38 26
38 30
38 33
38 34
38 43
38 53
38 54
38 57
38 58
38 59
38 61
38 64
38 71
38 76
38 88
38 89
38 92
39 3
39 6
39 7
39 14
39 16
39 19
39 20
39 21
39 24
39 26
39 35
39 37
39 40
39 42
39 45
39 46
39 47
39 52
39 53
39 58
39 59
39 64
39 65
39 68
39 70
39 71
39 72
39 85
39 88
39 90
39 95
39 97
40 5
40 8
40 11
40 13
40 16
40 20
40 26
40 28
40 40
40 45
40 46
40 51
40 53
40 55
40 60
40 65
40 74
40 78
40 79
40 80
40 83
40 84
40 86
40 87
40 91
41 5
41 7
41 10
41 11
41 15
41 17
41 18
41 23
41 24
41 25
41 32
41 36
41 39
41 43
41 46
41 47
41 48
41 53
41 54
41 55
41 63
41 64
41 71
41 75
41 76
41 82
41 89
41 91
41 99
42 6
42 12
42 23
42 24
42 29
42 30
42 32
42 33
42 34
42 35
42 37
42 43
42 49
42 52
42 59
42 60
42 63
42 76
42 81
42 84
42 86
42 90
42 94
42 95
42 99
43 7
43 9
43 10
43 16
43 20
43 24
43 26
43 29
43 33
43 39
43 43
43 44
43 46
43 50
43 56
43 58
43 61
43 62
43 69
43 71
43 76
43 78
43 87
43 91
43 94
43 96
44 2
44 3
44 6
44 7
44 16
44 18
44 20
44 23
44 30
44 44
44 47
44 53
44 54
44 55
44 56
44 58
44 62
44 63
44 65
44 66
44 69
44 74
44 82
44 93
44 95
44 96
44 99
44 100
45 3
45 4
45 18
45 19
45 21
45 22
45 23
45 30
45 31
45 32
45 39
45 42
45 47
45 49
45 51
45 55
45 63
45 68
45 73
45 74
45 76
45 82
45 87
45 92
45 93
45 94
45 98
45 99
46 3
46 9
46 11
46 13
46 17
46 22
46 23
46 24
46 45
46 46
46 53
46 54
46 60
46 61
46 63
46 66
46 69
46 70
46 72
46 77
46 82
46 85
46 88
46 93
46 96
46 99
46 100
47 1
47 2
47 8
47 13
47 16
47 18
47 19
47 23
47 26
47 30
47 33
47 42
47 44
47 45
47 46
47 50
47 53
47 56
47 58
47 60
47 62
47 63
47 75
47 77
47 86
47 88
47 90
47 95
47 100
48 2
48 3
48 4
48 6
48 13
48 15
48 18
48 20
48 22
48 25
48 26
48 33
48 45
48 53
48 57
48 58
48 59
48 65
48 71
48 80
48 86
48 87
48 94
48 95
48 96
48 99
49 0
49 3
49 7
49 9
49 10
49 16
49 17
49 23
49 24
49 25
49 26
49 30
49 33
49 34
49 43
49 50
49 54
49 60
49 63
49 65
49 67
49 77
49 79
49 83
49 85
49 86
49 87
49 90
49 97
49 98
50 1
50 3
50 11
50 13
50 14
50 17
50 18
50 19
50 20
50 23
50 25
50 26
50 31
50 32
50 35
50 44
50 46
50 48
50 51
50 53
50 54
50 55
50 56
50 57
50 59
50 61
50 66
50 67
50 68
50 71
50 79
50 80
50 81
50 87
50 88
50 91
50 96
50 97
50 98
51 4
51 6
51 10
51 16
51 17
51 18
51 20
51 29
51 31
51 32
51 34
51 41
51 46
51 47
51 49
51 53
51 54
51 55
51 56
51 60
51 64
51 65
51 67
51 71
51 75
51 76
51 81
51 86
51 90
51 95
51 98
52 5
52 8
52 11
52 13
52 18
52 23
52 25
52 28
52 31
52 33
52 35
52 39
52 40
52 46
52 52
52 61
52 67
52 69
52 74
52 75
52 76
52 78
52 80
52 82
52 83
52 88
52 93
52 100
53 4
53 10
53 16
53 18
53 19
53 20
53 21
53 32
53 33
53 35
53 38
53 43
53 46
53 53
53 54
53 58
53 59
53 60
53 62
53 63
53 70
53 74
53 81
53 82
53 87
53 91
53 92
53 94
53 95
54 2
54 3
54 4
54 5
54 8
54 16
54 21
54 22
54 23
54 31
54 33
54 36
54 37
54 39
54 42
54 44
54 45
54 48
54 57
54 61
54 63
54 68
54 70
54 71
54 76
54 77
54 81
54 84
54 86
54 87
54 92
54 97
54 98
54 100
55 2
55 14
55 15
55 17
55 22
55 24
55 26
55 33
55 44
55 47
55 49
55 51
55 52
55 59
55 62
55 63
55 65
55 66
55 71
55 72
55 75
55 77
55 78
55 80
55 84
56 0
56 3
56 4
56 5
56 8
56 10
56 20
56 30
56 34
56 44
56 45
56 48
56 49
56 51
56 53
56 54
56 55
56 60
56 63
56 64
56 69
56 72
56 76
56 80
56 88
56 90
56 98
56 100
57 1
57 6
57 7
57 12
57 13
57 16
57 22
57 24
57 26
57 27
57 29
57 33
57 34
57 38
57 41
57 42
57 43
57 48
57 50
57 54
57 55
57 56
57 60
57 65
57 66
57 68
57 69
57 74
57 75
57 78
57 85
57 88
57 94
57 97
57 100
58 5
58 8
58 14
58 21
58 27
58 39
58 43
58 53
58 55
58 56
58 57
58 58
58 67
58 68
58 69
58 71
58 74
58 76
58 86
58 91
58 93
58 97
59 3
59 8
59 9
59 11
59 13
59 17
59 19
59 23
59 24
59 25
59 28
59 29
59 30
59 39
59 40
59 42
59 49
59 56
59 66
59 67
59 72
59 73
59 74
59 76
59 85
59 87
59 88
59 90
59 93
59 94
60 1
60 4
60 10
60 12
60 14
60 16
60 20
60 23
60 24
60 30
60 34
60 37
60 43
60 47
60 49
60 58
60 60
60 61
60 63
60 64
60 65
60 69
60 70
60 71
60 73
60 74
60 77
60 82
60 85
60 86
60 99
61 0
61 2
61 3
61 5
61 6
61 7
61 8
61 9
61 15
61 19
61 24
61 25
61 30
61 33
61 36
61 41
61 42
61 45
61 47
61 49
61 52
61 53
61 61
61 63
61 64
61 72
61 75
61 76
61 80
61 82
61 84
61 88
61 93
61 99
61 100
62 3
62 9
62 22
62 23
62 24
62 30
62 33
62 37
62 39
62 47
62 50
62 51
62 53
62 54
62 63
62 64
62 67
62 69
62 71
62 72
62 73
62 75
62 78
62 79
62 80
62 81
62 88
62 89
62 95
62 96
62 98
62 99
62 100
63 0
63 5
63 7
63 12
63 13
63 18
63 20
63 24
63 25
63 27
63 36
63 43
63 48
63 51
63 52
63 53
63 58
63 59
63 67
63 69
63 74
63 76
63 83
63 84
63 87
63 88
63 90
63 91
63 95
63 96
63 98
64 0
64 2
64 3
64 7
64 8
64 11
64 13
64 15
64 16
64 18
64 19
64 28
64 31
64 32
64 38
64 41
64 49
64 53
64 54
64 55
64 58
64 67
64 70
64 72
64 74
64 78
64 80
64 81
64 87
64 89
64 90
64 92
64 97
64 99
64 100
65 2
65 4
65 5
65 6
65 14
65 15
65 16
65 17
65 20
65 24
65 25
65 33
65 35
65 54
65 58
65 67
65 73
65 75
65 76
65 80
65 83
65 98
65 100
66 2
66 7
66 11
66 12
66 18
66 20
66 26
66 27
66 43
66 47
66 50
66 59
66 60
66 66
66 70
66 78
66 79
66 90
66 96
66 97
66 98
67 0
67 5
67 6
67 15
67 16
67 17
67 18
67 19
67 20
67 25
67 32
67 33
67 36
67 40
67 42
67 45
67 48
67 55
67 57
67 58
67 61
67 71
67 75
67 78
67 80
67 82
67 84
67 89
67 94
67 96
67 98
67 99
68 5
68 6
68 7
68 8
68 9
68 10
68 11
68 15
68 22
68 24
68 30
68 31
68 32
68 40
68 44
68 51
68 53
68 54
68 62
68 65
68 68
68 72
68 74
68 75
68 76
68 78
68 79
68 82
68 84
68 99
69 1
69 2
69 6
69 7
69 12
69 14
69 15
69 16
69 28
69 29
69 30
69 32
69 35
69 39
69 43
69 48
69 50
69 54
69 60
69 61
69 62
69 65
69 69
69 70
69 71
69 75
69 76
69 77
69 79
69 80
69 82
69 84
69 85
69 88
69 90
69 91
69 93
69 95
69 96
69 99
70 6
70 7
70 8
70 10
70 11
70 14
70 17
70 19
70 20
70 23
70 26
70 30
70 44
70 47
70 48
70 52
70 55
70 61
70 67
70 68
70 73
70 80
70 82
70 83
70 85
70 88
70 90
70 95
70 97
70 98
71 8
71 10
71 11
71 12
71 13
71 15
71 16
71 17
71 19
71 21
71 22
71 25
71 33
71 35
71 36
71 39
71 43
71 49
71 60
71 62
71 66
71 73
71 78
71 80
71 81
71 89
71 95
71 98
71 99
71 100
72 1
72 10
72 12
72 14
72 15
72 16
72 18
72 20
72 26
72 29
72 32
72 33
72 38
72 39
72 42
72 44
72 45
72 46
72 52
72 53
72 59
72 60
72 61
72 69
72 72
72 75
72 80
72 81
72 82
72 86
72 89
72 92
72 93
72 95
72 98
73 2
73 10
73 11
73 13
73 22
73 25
73 27
73 32
73 36
73 39
73 43
73 47
73 53
73 59
73 61
73 66
73 69
73 71
73 73
73 74
73 76
73 79
73 82
73 85
73 92
73 94
73 97
74 11
74 14
74 18
74 19
74 29
74 31
74 33
74 35
74 37
74 39
74 40
74 43
74 44
74 48
74 52
74 60
74 61
74 64
74 66
74 68
74 69
74 70
74 73
74 76
74 77
74 79
74 80
74 81
74 87
74 94
74 97
74 99
75 3
75 4
75 7
75 10
75 16
75 17
75 18
75 19
75 28
75 29
75 34
75 35
75 38
75 41
75 44
75 45
75 48
75 56
75 58
75 59
75 63
75 73
75 80
75 84
75 87
75 89
75 90
75 95
75 97
75 98
76 2
76 5
76 6
76 8
76 16
76 20
76 22
76 26
76 31
76 33
76 37
76 41
76 47
76 50
76 55
76 57
76 59
76 60
76 63
76 64
76 66
76 69
76 75
76 76
76 77
76 85
76 96
76 97
76 100
77 2
77 4
77 10
77 11
77 14
77 15
77 16
77 21
77 23
77 31
77 37
77 39
77 46
77 49
77 57
77 59
77 66
77 67
77 70
77 73
77 76
77 77
77 78
77 81
77 89
77 97
78 2
78 7
78 21
78 23
78 26
78 29
78 30
78 38
78 44
78 46
78 47
78 50
78 52
78 53
78 56
78 62
78 65
78 69
78 72
78 74
78 77
78 84
78 88
78 92
78 94
78 96
78 97
78 98
78 100
79 3
79 7
79 11
79 12
79 18
79 20
79 22
79 24
79 37
79 41
79 43
79 44
79 49
79 50
79 55
79 57
79 62
79 63
79 64
79 68
79 70
79 80
79 87
79 89
79 91
79 97
79 100
80 3
80 4
80 5
80 8
80 12
80 14
80 16
80 17
80 19
80 21
80 22
80 23
80 24
80 29
80 42
80 43
80 45
80 49
80 53
80 55
80 56
80 58
80 64
80 71
80 74
80 76
80 79
80 82
80 83
80 84
80 86
80 91
80 92
80 93
80 94
80 96
80 98
80 99
81 0
81 1
81 2
81 5
81 7
81 9
81 13
81 17
81 21
81 23
81 25
81 27
81 29
81 30
81 31
81 33
81 34
81 35
81 41
81 60
81 64
81 65
81 73
81 78
81 84
81 87
81 91
81 92
81 93
81 94
81 96
81 97
81 98
81 99
81 100
82 0
82 7
82 8
82 11
82 15
82 16
82 18
82 20
82 23
82 24
82 33
82 37
82 40
82 41
82 42
82 43
82 46
82 48
82 54
82 58
82 60
82 69
82 70
82 71
82 74
82 76
82 79
82 80
82 81
82 86
82 87
82 89
82 95
82 98
82 100
83 0
83 4
83 14
83 15
83 18
83 20
83 21
83 34
83 38
83 39
83 40
83 42
83 47
83 48
83 52
83 53
83 54
83 62
83 63
83 78
83 79
83 81
83 83
83 88
83 92
83 98
83 100
84 1
84 5
84 6
84 12
84 14
84 15
84 17
84 21
84 34
84 35
84 36
84 44
84 45
84 46
84 52
84 55
84 56
84 59
84 60
84 63
84 65
84 69
84 71
84 80
84 89
84 91
84 93
84 96
84 97
85 4
85 8
85 9
85 12
85 13
85 15
85 19
85 22
85 24
85 26
85 36
85 37
85 38
85 40
85 47
85 48
85 49
85 51
85 55
85 56
85 66
85 70
85 76
85 77
85 80
85 82
85 83
85 97
85 98
85 99
86 12
86 13
86 16
86 21
86 22
86 25
86 27
86 32
86 33
86 36
86 37
86 39
86 41
86 44
86 47
86 54
86 57
86 58
86 63
86 65
86 74
86 85
86 87
86 89
86 91
86 97
86 98
87 0
87 4
87 5
87 6
87 11
87 12
87 13
87 19
87 27
87 34
87 42
87 45
87 46
87 47
87 49
87 50
87 51
87 59
87 60
87 64
87 70
87 73
87 74
87 80
87 84
87 86
87 88
87 89
87 90
87 91
87 94
87 97
87 99
87 100
88 1
88 2
88 4
88 5
88 7
88 12
88 15
88 22
88 28
88 29
88 33
88 38
88 40
88 43
88 44
88 45
88 50
88 51
88 64
88 67
88 68
88 71
88 76
88 80
88 83
88 90
88 91
88 93
89 0
89 1
89 2
89 4
89 6
89 8
89 11
89 14
89 18
89 19
89 23
89 25
89 27
89 28
89 29
89 30
89 35
89 36
89 38
89 40
89 43
89 45
89 52
89 55
89 61
89 62
89 67
89 72
89 76
89 77
89 78
89 85
89 87
89 90
89 91
89 93
89 100
90 2
90 3
90 11
90 17
90 20
90 24
90 27
90 30
90 32
90 33
90 40
90 41
90 42
90 43
90 45
90 46
90 48
90 50
90 55
90 56
90 58
90 59
90 66
90 73
90 74
90 76
90 82
90 83
90 84
90 90
90 93
90 95
91 0
91 4
91 8
91 10
91 11
91 19
91 28
91 29
91 34
91 35
91 36
91 40
91 42
91 47
91 50
91 51
91 52
91 54
91 59
91 61
91 62
91 65
91 67
91 72
91 74
91 78
91 82
91 83
91 85
91 93
91 96
91 97
91 100
92 6
92 9
92 15
92 19
92 22
92 23
92 27
92 28
92 29
92 33
92 35
92 37
92 42
92 45
92 48
92 54
92 61
92 67
92 69
92 70
92 76
92 79
92 85
92 86
92 88
92 89
92 99
92 100
93 3
93 6
93 7
93 9
93 11
93 15
93 17
93 19
93 22
93 25
93 28
93 29
93 32
93 41
93 46
93 48
93 50
93 55
93 57
93 58
93 59
93 61
93 64
93 66
93 68
93 70
93 74
93 75
93 78
93 83
93 84
93 88
93 89
93 90
93 98
93 100
94 0
94 2
94 4
94 6
94 7
94 8
94 11
94 12
94 20
94 21
94 22
94 27
94 28
94 33
94 38
94 39
94 45
94 60
94 66
94 73
94 74
94 75
94 76
94 83
94 84
94 85
94 96
94 98
94 99
95 6
95 11
95 13
95 15
95 17
95 25
95 27
95 29
95 30
95 34
95 35
95 36
95 41
95 42
95 44
95 46
95 49
95 57
95 63
95 66
95 69
95 73
95 74
95 75
95 77
95 80
95 81
95 86
95 88
95 94
95 100
96 3
96 8
96 11
96 22
96 23
96 24
96 26
96 32
96 33
96 36
96 37
96 42
96 47
96 48
96 51
96 55
96 69
96 70
96 71
96 72
96 78
96 81
96 86
96 92
96 100
97 2
97 8
97 12
97 13
97 14
97 16
97 25
97 27
97 29
97 35
97 36
97 41
97 43
97 55
97 57
97 63
97 72
97 73
97 74
97 79
97 80
97 89
97 90
97 91
97 92
97 93
97 96
97 97
97 99
98 1
98 19
98 20
98 21
98 23
98 28
98 33
98 36
98 41
98 43
98 44
98 48
98 53
98 57
98 58
98 59
98 68
98 71
98 80
98 94
98 100
99 3
99 4
99 7
99 12
99 15
99 16
99 19
99 27
99 30
99 34
99 39
99 40
99 44
99 46
99 47
99 49
99 50
99 51
99 55
99 56
99 58
99 61
99 62
99 63
99 68
99 71
99 81
99 83
99 87
99 88
99 89
99 92
99 94
99 97
100 3
100 5
100 6
100 10
100 11
100 14
100 16
100 20
100 21
100 22
100 29
100 30
100 33
100 36
100 39
100 43
100 46
100 52
100 53
100 54
100 56
100 63
100 64
100 65
100 66
100 67
100 68
100 69
100 74
100 76
100 77
100 78
100 82
100 87
100 89
100 93
100 95
100 97
100 100
