0 2
0 3
0 4
0 6
0 8
0 9
0 10
0 15
0 16
0 18
0 19
0 20
0 27
0 29
0 34
0 35
0 39
0 40
0 49
0 54
0 61
0 62
0 63
0 65
0 66
0 77
0 80
0 81
0 84
0 86
0 91
0 93
0 94
1 0
1 1
1 8
1 12
1 23
1 24
1 25
1 33
1 34
1 37
1 38
1 39
1 41
1 44
1 45
1 46
1 47
1 50
1 55
1 60
1 61
1 71
1 73
1 79
1 89
1 94
1 95
1 99
1 100
2 0
2 5
2 6
2 7
2 10
2 11
2 15
2 27
2 34
2 41
2 44
2 45
2 47
2 49
2 53
2 54
2 64
2 65
2 66
2 68
2 69
2 71
2 72
2 74
2 75
2 76
2 77
2 82
2 84
2 92
2 96
2 97
3 6
3 8
3 10
3 12
3 14
3 19
3 20
3 23
3 24
3 34
3 35
3 38
3 39
3 41
3 44
3 46
3 47
3 48
3 56
3 64
3 65
3 67
3 71
3 77
3 80
3 82
3 83
3 84
3 85
3 89
4 1
4 3
4 6
4 9
4 12
4 13
4 19
4 20
4 23
4 28
4 31
4 34
4 35
4 37
4 41
4 42
4 46
4 50
4 52
4 54
4 56
4 57
4 61
4 63
4 64
4 65
4 74
4 75
4 76
4 77
4 80
4 82
4 85
4 87
4 91
4 95
4 96
5 1
5 9
5 10
5 17
5 23
5 28
5 30
5 38
5 39
5 42
5 43
5 51
5 57
5 60
5 64
5 69
5 72
5 75
5 79
5 81
5 85
5 86
5 87
5 89
5 91
5 93
5 97
5 98
6 9
6 14
6 17
6 18
6 19
6 20
6 21
6 26
6 27
6 39
6 42
6 44
6 45
6 48
6 52
6 56
6 57
6 58
6 60
6 63
6 67
6 71
6 77
6 88
6 90
6 99
7 1
7 2
7 5
7 6
7 7
7 13
7 15
7 19
7 39
7 41
7 44
7 47
7 53
7 55
7 57
7 59
7 65
7 66
7 67
7 73
7 75
7 76
7 77
7 78
7 79
7 83
7 88
7 93
7 99
7 100
8 17
8 19
8 20
8 24
8 26
8 28
8 33
8 34
8 35
8 42
8 43
8 47
8 53
8 57
8 60
8 64
8 69
8 70
8 75
8 76
8 79
8 89
8 90
8 94
8 97
9 1
9 2
9 3
9 4
9 5
9 8
9 14
9 16
9 19
9 25
9 27
9 28
9 29
9 31
9 34
9 40
9 49
9 50
9 52
9 54
9 58
9 59
9 64
9 66
9 68
9 78
9 79
9 84
9 86
9 87
9 92
9 93
9 94
9 95
9 96
9 99
10 10
10 16
10 17
10 26
10 27
10 28
10 31
10 33
10 34
10 41
10 45
10 46
10 51
10 53
10 61
10 62
10 65
10 67
10 82
10 83
10 86
10 87
10 89
10 91
10 95
10 96
10 100
11 7
11 8
11 12
11 13
11 14
11 16
11 17
11 21
11 24
11 30
11 31
11 32
11 34
11 53
11 57
11 58
11 61
11 64
11 67
11 70
11 74
11 75
11 76
11 78
11 86
11 87
11 89
11 91
11 93
11 99
12 0
12 8
12 10
12 14
12 18
12 20
12 21
12 22
12 23
12 24
12 34
12 37
12 38
12 40
12 42
12 44
12 45
12 46
12 47
12 63
12 64
12 65
12 69
12 70
12 72
12 74
12 78
12 87
12 88
12 92
12 96
13 7
13 9
13 12
13 19
13 21
13 24
13 27
13 28
13 32
13 36
13 38
13 39
13 43
13 51
13 53
13 57
13 58
13 63
13 64
13 65
13 70
13 72
13 75
13 77
13 81
13 98
13 99
14 7
14 10
14 12
14 18
14 19
14 20
14 23
14 25
14 32
14 34
14 41
14 46
14 47
14 74
14 75
14 80
14 84
14 88
14 91
14 92
14 93
14 95
14 96
15 3
15 5
15 15
15 18
15 22
15 23
15 24
15 28
15 41
15 43
15 56
15 57
15 70
15 74
15 75
15 78
15 81
15 83
15 88
15 90
15 94
15 95
16 11
16 15
16 16
16 19
16 21
16 22
16 24
16 25
16 28
16 30
16 36
16 44
16 45
16 51
16 52
16 53
16 58
16 62
16 66
16 72
16 73
16 74
16 80
16 81
16 85
16 89
16 94
16 97
16 98
16 100
17 0
17 1
17 5
17 10
17 20
17 23
17 25
17 29
17 30
17 36
17 39
17 40
17 44
17 45
17 54
17 56
17 59
17 60
17 66
17 67
17 79
17 80
17 90
17 91
17 95
17 96
17 98
18 4
18 8
18 11
18 15
18 21
18 22
18 23
18 25
18 26
18 27
18 29
18 30
18 35
18 36
18 46
18 47
18 48
18 49
18 54
18 56
18 57
18 60
18 63
18 65
18 67
18 73
18 74
18 75
18 78
18 79
18 81
18 82
18 83
18 88
18 95
18 96
18 97
19 0
19 4
19 5
19 6
19 8
19 11
19 12
19 13
19 20
19 23
19 24
19 25
19 27
19 28
19 31
19 32
19 37
19 40
19 41
19 42
19 47
19 49
19 52
19 55
19 56
19 58
19 62
19 68
19 74
19 84
19 85
19 97
19 98
20 0
20 4
20 8
20 11
20 14
20 16
20 19
20 20
20 21
20 24
20 25
20 30
20 33
20 36
20 39
20 47
20 50
20 54
20 55
20 57
20 63
20 66
20 71
20 73
20 76
20 79
20 87
20 93
20 95
21 7
21 8
21 9
21 11
21 12
21 16
21 18
21 21
21 23
21 28
21 31
21 34
21 38
21 40
21 41
21 42
21 43
21 55
21 58
21 61
21 65
21 66
21 67
21 69
21 70
21 74
21 82
21 85
21 86
21 92
21 94
21 96
22 0
22 4
22 13
22 17
22 20
22 27
22 29
22 30
22 31
22 43
22 51
22 52
22 55
22 57
22 58
22 62
22 68
22 69
22 71
22 75
22 78
22 83
22 88
22 91
22 93
22 94
22 96
22 99
23 0
23 6
23 7
23 9
23 10
23 13
23 19
23 20
23 21
23 27
23 32
23 33
23 34
23 38
23 39
23 45
23 50
23 51
23 56
23 63
23 65
23 71
23 74
23 82
23 84
23 88
23 89
23 96
23 98
23 99
24 3
24 9
24 14
24 15
24 16
24 17
24 22
24 23
24 29
24 32
24 37
24 39
24 41
24 43
24 45
24 47
24 51
24 52
24 56
24 59
24 61
24 68
24 71
24 77
24 80
24 82
24 86
24 87
24 96
24 98
25 1
25 7
25 12
25 16
25 22
25 23
25 26
25 27
25 32
25 33
25 35
25 39
25 41
25 42
25 43
25 46
25 47
25 55
25 61
25 65
25 72
25 73
25 76
25 78
25 85
25 91
25 94
25 97
25 100
26 1
26 2
26 15
26 17
26 22
26 24
26 26
26 27
26 28
26 32
26 33
26 36
26 39
26 42
26 43
26 45
26 47
26 50
26 57
26 59
26 62
26 65
26 67
26 69
26 70
26 71
26 72
26 74
26 77
26 78
26 91
26 94
26 97
26 98
27 10
27 16
27 17
27 22
27 30
27 45
27 48
27 49
27 58
27 60
27 61
27 70
27 76
27 81
27 82
27 84
27 85
27 88
27 94
27 97
27 98
28 1
28 4
28 6
28 13
28 20
28 29
28 32
28 35
28 38
28 41
28 42
28 49
28 50
28 53
28 57
28 59
28 62
28 67
28 69
28 73
28 80
28 82
28 88
28 91
28 92
28 100
29 1
29 6
29 7
29 13
29 14
29 23
29 27
29 29
29 31
29 35
29 43
29 58
29 63
29 66
29 72
29 73
29 74
29 76
29 79
29 82
29 84
29 93
29 94
29 98
30 5
30 17
30 20
30 27
30 32
30 34
30 41
30 50
30 52
30 56
30 58
30 60
30 61
30 68
30 74
30 77
30 78
30 80
30 82
30 83
30 86
30 87
30 88
30 89
30 90
30 92
30 94
30 96
31 2
31 9
31 15
31 18
31 19
31 23
31 26
31 27
31 31
31 33
31 37
31 41
31 42
31 46
31 48
31 50
31 51
31 59
31 62
31 63
31 64
31 70
31 79
31 83
31 87
31 88
31 91
31 92
31 96
31 100
32 0
32 2
32 6
32 13
32 14
32 17
32 21
32 26
32 37
32 40
32 47
32 49
32 50
32 59
32 61
32 75
32 76
32 77
32 79
32 80
32 83
32 86
32 93
32 100
33 6
33 7
33 23
33 27
33 34
33 38
33 39
33 40
33 41
33 44
33 47
33 50
33 51
33 54
33 58
33 69
33 76
33 78
33 82
33 83
33 87
33 88
33 89
33 92
33 93
33 94
33 95
33 97
34 0
34 1
34 4
34 5
34 6
34 7
34 10
34 16
34 17
34 19
34 20
34 25
34 26
34 30
34 31
34 32
34 34
34 35
34 40
34 50
34 51
34 52
34 53
34 54
34 57
34 59
34 60
34 62
34 63
34 65
34 68
34 72
34 73
34 77
34 81
34 82
34 85
34 87
34 90
34 92
34 93
34 94
34 98
34 100
35 7
35 8
35 14
35 17
35 22
35 25
35 31
35 34
35 35
35 38
35 39
35 45
35 46
35 57
35 61
35 62
35 68
35 70
35 75
35 76
35 77
35 81
35 83
35 85
35 86
35 89
35 99
36 1
36 3
36 7
36 9
36 10
36 17
36 19
36 26
36 28
36 30
36 32
36 42
36 49
36 54
36 55
36 71
36 81
36 87
36 88
36 91
36 93
36 95
36 100
37 5
37 7
37 16
37 17
37 21
37 26
37 32
37 33
37 42
37 48
37 52
37 56
37 59
37 67
37 69
37 70
37 71
37 76
37 77
37 83
37 90
37 92
37 100
38 0
38 1
38 3
38 6
38 7
38 12
38 22
38 32
38 35
38 37
38 40
38 41
38 42
38 44
38 61
38 64
38 68
38 75
38 76
38 78
38 84
38 85
38 89
38 90
38 98
38 100
39 1
39 29
39 34
39 39
39 40
39 56
39 66
39 67
39 69
39 70
39 71
39 75
39 78
39 84
39 87
39 91
39 92
39 96
39 97
39 99
40 14
40 16
40 17
40 23
40 24
40 26
40 29
40 31
40 36
40 39
40 41
40 42
40 50
40 54
40 56
40 57
40 63
40 65
40 68
40 72
40 73
40 74
40 77
40 81
40 88
40 91
40 94
40 96
40 97
41 0
41 1
41 3
41 6
41 9
41 10
41 19
41 22
41 23
41 25
41 27
41 28
41 34
41 44
41 45
41 46
41 47
41 55
41 61
41 62
41 63
41 70
41 71
41 77
41 79
41 85
41 87
41 90
41 92
41 95
41 100
42 6
42 11
42 14
42 17
42 32
42 34
42 36
42 42
42 44
42 45
42 51
42 57
42 59
42 60
42 62
42 64
42 65
42 66
42 67
42 70
42 72
42 76
42 78
42 81
42 85
42 88
42 90
42 94
42 99
43 0
43 4
43 8
43 10
43 11
43 18
43 19
43 20
43 21
43 27
43 28
43 29
43 31
43 33
43 34
43 37
43 39
43 54
43 59
43 60
43 70
43 71
43 72
43 76
43 85
43 93
43 96
43 97
44 2
44 9
44 20
44 21
44 23
44 24
44 25
44 27
44 33
44 43
44 45
44 48
44 51
44 54
44 56
44 59
44 62
44 68
44 76
44 78
44 80
44 81
44 82
44 83
44 84
44 85
44 96
44 97
45 2
45 3
45 5
45 7
45 11
45 13
45 22
45 24
45 31
45 41
45 47
45 51
45 52
45 54
45 55
45 56
45 60
45 62
45 66
45 71
45 73
45 83
45 84
45 88
45 91
45 94
45 99
46 3
46 5
46 9
46 16
46 24
46 25
46 27
46 28
46 29
46 31
46 41
46 42
46 44
46 46
46 48
46 51
46 53
46 57
46 60
46 62
46 64
46 65
46 66
46 70
46 76
46 77
46 78
46 80
46 83
46 90
46 93
46 94
46 95
46 97
46 100
47 0
47 3
47 8
47 10
47 21
47 22
47 30
47 36
47 44
47 45
47 46
47 49
47 57
47 60
47 66
47 67
47 71
47 76
47 78
47 81
47 83
47 87
47 88
47 91
47 92
47 97
47 100
48 5
48 12
48 13
48 15
48 19
48 20
48 28
48 30
48 31
48 32
48 39
48 41
48 44
48 46
48 53
48 57
48 58
48 73
48 77
48 81
48 82
48 83
48 87
48 91
48 92
49 12
49 21
49 27
49 30
49 37
49 39
49 43
49 52
49 58
49 66
49 67
49 68
49 69
49 70
49 74
49 77
49 80
49 83
49 86
49 87
50 2
50 4
50 6
50 13
50 16
50 28
50 40
50 42
50 45
50 48
50 50
50 54
50 58
50 61
50 66
50 67
50 69
50 71
50 81
50 83
50 84
50 86
50 88
50 89
51 6
51 8
51 9
51 11
51 12
51 13
51 29
51 31
51 32
51 33
51 34
51 36
51 37
51 43
51 46
51 50
51 60
51 73
51 74
51 78
51 82
51 83
51 84
51 85
51 88
51 95
51 96
51 98
51 100
52 0
52 1
52 3
52 5
52 9
52 11
52 12
52 18
52 19
52 23
52 24
52 26
52 28
52 30
52 36
52 37
52 41
52 42
52 45
52 46
52 47
52 48
52 49
52 50
52 52
52 54
52 55
52 57
52 61
52 62
52 64
52 66
52 67
52 68
52 71
52 72
52 75
52 79
52 81
52 82
52 84
52 87
52 89
52 96
52 99
53 2
53 7
53 9
53 14
53 15
53 16
53 18
53 19
53 25
53 30
53 39
53 42
53 43
53 46
53 48
53 57
53 58
53 62
53 66
53 70
53 71
53 74
53 76
53 80
53 81
53 90
53 96
53 99
54 0
54 14
54 16
54 19
54 21
54 25
54 26
54 29
54 30
54 37
54 39
54 40
54 48
54 53
54 58
54 62
54 65
54 66
54 69
54 70
54 71
54 73
54 75
54 76
54 80
54 83
54 84
54 96
54 98
54 99
55 1
55 7
55 9
55 11
55 13
55 20
55 21
55 24
55 30
55 40
55 41
55 42
55 47
55 48
55 50
55 53
55 55
55 56
55 60
55 61
55 64
55 67
55 78
55 79
55 86
55 88
55 92
55 96
55 97
55 98
55 99
56 11
56 12
56 13
56 28
56 31
56 36
56 39
56 41
56 43
56 51
56 54
56 56
56 59
56 60
56 61
56 64
56 71
56 73
56 75
56 76
56 79
56 80
56 84
56 86
56 90
56 98
57 0
57 1
57 2
57 4
57 6
57 7
57 10
57 11
57 19
57 21
57 22
57 23
57 24
57 26
57 28
57 29
57 32
57 34
57 37
57 45
57 49
57 52
57 57
57 66
57 67
57 71
57 76
57 77
57 83
57 84
57 87
57 93
57 95
57 100
58 0
58 8
58 9
58 19
58 22
58 24
58 25
58 27
58 31
58 34
58 35
58 36
58 51
58 52
58 53
58 56
58 61
58 66
58 71
58 72
58 73
58 76
58 80
58 86
58 88
58 89
58 95
58 96
58 97
59 0
59 11
59 12
59 16
59 17
59 22
59 25
59 26
59 31
59 32
59 34
59 42
59 44
59 46
59 52
59 53
59 55
59 61
59 67
59 72
59 74
59 76
59 77
59 78
59 79
59 81
59 82
59 93
60 5
60 6
60 7
60 13
60 14
60 19
60 21
60 22
60 28
60 31
60 35
60 41
60 43
60 45
60 55
60 56
60 62
60 64
60 68
60 71
60 77
60 82
60 90
60 92
60 96
60 98
61 1
61 2
61 5
61 7
61 10
61 13
61 14
61 16
61 19
61 24
61 25
61 28
61 32
61 33
61 36
61 37
61 43
61 45
61 46
61 48
61 56
61 57
61 58
61 61
61 65
61 66
61 67
61 70
61 71
61 75
61 85
61 86
61 89
61 92
61 95
61 99
61 100
62 0
62 1
62 7
62 11
62 16
62 21
62 22
62 31
62 39
62 40
62 46
62 47
62 50
62 51
62 53
62 62
62 63
62 64
62 76
62 82
62 84
62 87
62 90
62 91
62 93
62 99
63 0
63 1
63 12
63 15
63 16
63 18
63 23
63 25
63 27
63 28
63 31
63 33
63 37
63 38
63 39
63 41
63 47
63 48
63 51
63 55
63 60
63 61
63 64
63 65
63 66
63 67
63 68
63 70
63 74
63 82
63 83
63 89
63 90
63 93
63 99
64 0
64 1
64 2
64 14
64 16
64 17
64 18
64 24
64 26
64 27
64 28
64 34
64 35
64 36
64 38
64 39
64 42
64 46
64 47
64 49
64 52
64 53
64 55
64 57
64 62
64 66
64 67
64 68
64 69
64 71
64 77
64 80
64 82
64 85
64 86
64 87
64 88
64 91
64 99
65 11
65 17
65 19
65 20
65 25
65 29
65 40
65 41
65 42
65 43
65 48
65 51
65 53
65 54
65 56
65 61
65 62
65 70
65 73
65 83
65 88
65 95
65 96
66 0
66 1
66 4
66 5
66 6
66 7
66 14
66 17
66 21
66 25
66 30
66 32
66 34
66 43
66 44
66 45
66 46
66 47
66 56
66 60
66 61
66 62
66 68
66 69
66 70
66 85
66 86
66 91
66 97
66 100
67 9
67 12
67 13
67 15
67 23
67 25
67 26
67 29
67 38
67 46
67 52
67 54
67 58
67 59
67 60
67 63
67 66
67 67
67 77
67 84
67 87
67 93
67 94
67 95
67 99
67 100
68 3
68 11
68 13
68 16
68 17
68 20
68 22
68 24
68 29
68 32
68 40
68 44
68 47
68 50
68 52
68 54
68 61
68 63
68 64
68 65
68 66
68 67
68 69
68 76
68 80
68 83
68 90
68 92
68 93
69 5
69 7
69 8
69 12
69 13
69 14
69 16
69 17
69 22
69 29
69 33
69 36
69 37
69 39
69 46
69 49
69 58
69 60
69 68
69 70
69 71
69 79
69 82
69 92
69 93
69 100
70 4
70 5
70 10
70 12
70 15
70 17
70 21
70 24
70 25
70 27
70 29
70 39
70 44
70 49
70 51
70 52
70 56
70 60
70 63
70 68
70 70
70 72
70 80
70 83
70 86
70 87
70 88
70 91
70 93
70 94
71 1
71 2
71 8
71 13
71 22
71 29
71 31
71 32
71 34
71 36
71 41
71 42
71 49
71 54
71 61
71 63
71 76
71 77
71 79
71 82
71 85
71 87
71 88
71 90
72 0
72 3
72 5
72 9
72 13
72 15
72 17
72 25
72 27
72 33
72 35
72 36
72 39
72 41
72 47
72 48
72 53
72 56
72 57
72 60
72 64
72 66
72 71
72 72
72 79
72 82
72 85
72 86
72 89
72 90
72 92
72 93
72 97
73 2
73 3
73 5
73 6
73 7
73 15
73 16
73 17
73 19
73 20
73 21
73 26
73 27
73 32
73 33
73 34
73 37
73 41
73 44
73 45
73 46
73 48
73 52
73 54
73 56
73 58
73 65
73 77
73 78
73 79
73 81
73 82
73 86
73 87
73 88
73 92
73 98
73 99
74 0
74 1
74 8
74 12
74 14
74 15
74 19
74 23
74 24
74 25
74 30
74 32
74 33
74 34
74 36
74 40
74 49
74 58
74 62
74 65
74 66
74 67
74 76
74 80
74 87
74 90
74 94
74 96
74 98
75 2
75 8
75 13
75 15
75 18
75 19
75 23
75 30
75 33
75 48
75 49
75 50
75 51
75 53
75 54
75 63
75 67
75 69
75 72
75 76
75 79
75 81
75 83
75 84
75 85
75 89
75 92
75 95
75 97
75 99
76 3
76 6
76 7
76 8
76 12
76 15
76 21
76 23
76 25
76 26
76 33
76 35
76 36
76 37
76 38
76 45
76 53
76 55
76 58
76 59
76 61
76 65
76 66
76 69
76 74
76 77
76 85
76 97
76 99
77 6
77 9
77 17
77 18
77 20
77 26
77 29
77 32
77 39
77 40
77 43
77 45
77 46
77 48
77 49
77 52
77 58
77 60
77 65
77 72
77 76
77 77
77 88
77 90
77 98
77 99
77 100
78 1
78 3
78 7
78 12
78 19
78 20
78 21
78 22
78 28
78 35
78 43
78 45
78 46
78 47
78 49
78 50
78 61
78 62
78 64
78 65
78 75
78 77
78 79
78 80
78 83
78 89
78 93
78 97
79 2
79 4
79 13
79 14
79 16
79 23
79 26
79 29
79 32
79 34
79 37
79 39
79 40
79 43
79 48
79 55
79 56
79 58
79 59
79 62
79 63
79 65
79 67
79 71
79 74
79 75
79 77
79 78
79 79
79 80
79 81
79 83
79 86
79 95
79 100
80 2
80 12
80 24
80 26
80 27
80 30
80 31
80 45
80 46
80 50
80 57
80 59
80 65
80 67
80 71
80 72
80 73
80 75
80 80
80 88
80 89
80 90
80 96
81 2
81 3
81 4
81 7
81 10
81 11
81 21
81 24
81 26
81 32
81 33
81 36
81 51
81 55
81 58
81 65
81 76
81 78
81 80
81 82
81 83
81 90
81 94
81 96
81 97
81 100
82 1
82 4
82 6
82 7
82 9
82 10
82 13
82 14
82 15
82 17
82 20
82 21
82 23
82 27
82 33
82 34
82 35
82 36
82 37
82 38
82 48
82 52
82 54
82 57
82 60
82 63
82 66
82 80
82 82
82 86
82 88
82 92
82 94
82 97
82 100
83 3
83 15
83 16
83 17
83 25
83 33
83 34
83 39
83 42
83 45
83 48
83 50
83 52
83 56
83 61
83 80
83 82
83 85
83 87
83 91
83 92
83 94
83 95
83 96
84 0
84 1
84 2
84 3
84 4
84 5
84 8
84 12
84 16
84 19
84 21
84 27
84 30
84 31
84 36
84 38
84 41
84 42
84 44
84 48
84 49
84 50
84 61
84 65
84 66
84 67
84 68
84 72
84 73
84 74
84 77
84 79
84 94
85 2
85 3
85 4
85 7
85 9
85 10
85 22
85 28
85 38
85 39
85 41
85 43
85 45
85 48
85 49
85 56
85 57
85 59
85 61
85 67
85 74
85 90
85 91
85 92
85 95
85 98
85 100
86 4
86 13
86 19
86 25
86 32
86 33
86 35
86 36
86 38
86 39
86 45
86 46
86 47
86 50
86 64
86 67
86 68
86 69
86 77
86 79
86 81
86 84
86 85
86 87
86 88
86 95
87 2
87 3
87 6
87 7
87 15
87 17
87 18
87 23
87 24
87 28
87 30
87 36
87 44
87 55
87 57
87 61
87 63
87 69
87 72
87 73
87 81
87 87
87 88
87 89
87 93
87 96
87 98
87 99
88 0
88 2
88 7
88 13
88 16
88 18
88 21
88 25
88 26
88 29
88 32
88 36
88 46
88 47
88 50
88 54
88 55
88 56
88 58
88 59
88 66
88 69
88 72
88 84
88 87
88 89
88 90
88 92
88 98
88 100
89 1
89 5
89 8
89 12
89 14
89 19
89 21
89 24
89 25
89 26
89 32
89 34
89 38
89 39
89 41
89 43
89 45
89 48
89 50
89 51
89 53
89 54
89 60
89 64
89 65
89 67
89 68
89 69
89 70
89 72
89 82
89 86
89 87
89 89
89 93
89 94
89 95
89 96
90 15
90 19
90 23
90 27
90 28
90 31
90 39
90 41
90 43
90 44
90 50
90 54
90 59
90 63
90 64
90 66
90 70
90 71
90 74
90 75
90 76
90 78
90 80
90 89
90 91
90 92
90 100
91 3
91 11
91 15
91 20
91 22
91 25
91 26
91 27
91 37
91 46
91 52
91 54
91 57
91 60
91 61
91 63
91 71
91 74
91 80
91 87
91 89
91 93
91 95
91 97
91 100
92 1
92 3
92 4
92 7
92 17
92 21
92 23
92 25
92 27
92 28
92 29
92 30
92 32
92 33
92 34
92 38
92 40
92 41
92 44
92 45
92 46
92 47
92 50
92 51
92 55
92 56
92 58
92 59
92 60
92 62
92 67
92 70
92 85
92 89
92 90
92 91
92 96
92 97
92 98
93 2
93 8
93 12
93 13
93 15
93 17
93 19
93 22
93 23
93 25
93 26
93 34
93 37
93 40
93 42
93 43
93 50
93 52
93 56
93 58
93 61
93 67
93 74
93 76
93 77
93 81
93 83
93 86
93 95
93 96
93 98
94 1
94 2
94 3
94 9
94 12
94 14
94 19
94 21
94 24
94 25
94 27
94 30
94 35
94 39
94 40
94 43
94 45
94 46
94 49
94 51
94 54
94 58
94 62
94 64
94 65
94 67
94 71
94 72
94 74
94 75
94 77
94 78
94 80
94 85
94 92
95 3
95 6
95 8
95 12
95 15
95 16
95 19
95 21
95 25
95 27
95 37
95 41
95 47
95 49
95 54
95 57
95 77
95 79
95 81
95 82
95 87
95 89
95 90
95 92
95 99
96 1
96 12
96 16
96 18
96 27
96 30
96 36
96 37
96 39
96 45
96 46
96 50
96 51
96 52
96 54
96 61
96 62
96 63
96 64
96 66
96 67
96 69
96 73
96 77
96 81
96 86
96 89
96 95
96 97
96 99
97 1
97 11
97 12
97 14
97 19
97 22
97 25
97 26
97 28
97 29
97 31
97 33
97 37
97 39
97 41
97 42
97 45
97 47
97 48
97 50
97 51
97 52
97 54
97 60
97 61
97 63
97 64
97 66
97 68
97 70
97 73
97 76
97 79
97 81
97 82
97 84
97 85
97 94
98 2
98 3
98 5
98 6
98 8
98 9
98 12
98 13
98 15
98 17
98 18
98 22
98 30
98 33
98 36
98 39
98 41
98 43
98 60
98 61
98 63
98 70
98 74
98 86
98 92
98 93
98 96
98 97
98 98
98 100
99 3
99 4
99 5
99 7
99 8
99 16
99 17
99 20
99 21
99 23
99 26
99 27
99 34
99 36
99 38
99 40
99 45
99 46
99 48
99 52
99 54
99 55
99 60
99 67
99 68
99 75
99 77
99 79
99 87
99 88
99 93
99 94
99 97
99 99
100 2
100 4
100 7
100 8
100 9
100 11
100 13
100 14
100 15
100 16
100 18
100 19
100 21
100 33
100 34
100 41
100 42
100 44
100 45
100 48
100 59
100 61
100 66
100 68
100 71
100 72
100 82
100 83
100 84
100 86
100 88
100 91
100 96
100 100
