0 0
0 2
0 5
0 10
0 11
0 17
0 20
0 21
0 22
0 27
0 28
0 29
0 35
0 36
0 39
0 42
0 43
0 53
0 54
0 63
0 69
0 70
0 72
0 73
0 74
0 75
0 76
0 78
0 82
0 96
0 100
1 10
1 11
1 12
1 15
1 16
1 21
1 23
1 30
1 31
1 34
1 38
1 46
1 49
1 51
1 54
1 60
1 62
1 66
1 67
1 70
1 74
1 77
1 83
1 86
1 92
1 94
1 98
2 0
2 1
2 7
2 10
2 14
2 16
2 19
2 24
2 25
2 31
2 33
2 35
2 39
2 40
2 41
2 43
2 47
2 52
2 55
2 57
2 60
2 61
2 64
2 68
2 69
2 74
2 79
2 83
2 90
2 93
2 96
2 97
2 99
3 0
3 2
3 3
3 5
3 7
3 9
3 12
3 15
3 16
3 17
3 22
3 26
3 27
3 31
3 32
3 34
3 35
3 39
3 44
3 51
3 52
3 53
3 56
3 58
3 62
3 69
3 73
3 76
3 77
3 78
3 81
3 86
3 87
3 91
3 93
3 94
4 2
4 3
4 4
4 6
4 9
4 10
4 12
4 13
4 14
4 15
4 20
4 22
4 27
4 29
4 30
4 33
4 35
4 39
4 41
4 43
4 47
4 56
4 62
4 65
4 66
4 70
4 73
4 75
4 76
4 79
4 80
4 89
4 91
4 95
4 97
4 98
5 0
5 1
5 2
5 4
5 6
5 9
5 10
5 11
5 16
5 17
5 18
5 23
5 24
5 27
5 32
5 36
5 39
5 43
5 44
5 45
5 46
5 51
5 58
5 63
5 67
5 70
5 71
5 72
5 74
5 76
5 77
5 85
5 92
5 96
5 98
6 1
6 4
6 5
6 6
6 8
6 14
6 19
6 21
6 23
6 25
6 26
6 27
6 32
6 33
6 34
6 39
6 41
6 43
6 46
6 47
6 52
6 58
6 61
6 65
6 66
6 67
6 69
6 71
6 75
6 81
6 84
6 90
6 92
6 97
6 98
6 100
7 0
7 1
7 3
7 5
7 8
7 11
7 13
7 14
7 17
7 24
7 25
7 27
7 31
7 34
7 35
7 38
7 39
7 41
7 43
7 47
7 52
7 53
7 55
7 59
7 62
7 69
7 73
7 77
7 78
7 79
7 82
7 85
7 86
7 88
8 2
8 4
8 6
8 11
8 12
8 14
8 15
8 19
8 31
8 36
8 37
8 39
8 42
8 48
8 50
8 51
8 52
8 53
8 55
8 57
8 60
8 71
8 74
8 77
8 78
8 79
8 81
8 85
8 86
8 91
8 92
8 93
8 95
8 97
9 0
9 2
9 5
9 7
9 8
9 14
9 19
9 25
9 27
9 32
9 35
9 37
9 39
9 40
9 41
9 45
9 50
9 52
9 54
9 55
9 60
9 62
9 63
9 65
9 70
9 71
9 79
9 83
9 89
9 92
9 94
9 98
10 7
10 8
10 24
10 25
10 33
10 35
10 40
10 42
10 44
10 45
10 54
10 55
10 59
10 60
10 70
10 74
10 75
10 78
10 80
10 84
10 85
10 91
10 92
10 100
11 3
11 4
11 5
11 9
11 12
11 16
11 25
11 29
11 30
11 31
11 37
11 38
11 43
11 49
11 50
11 56
11 57
11 59
11 62
11 65
11 70
11 71
11 72
11 73
11 80
11 84
11 89
11 96
11 98
12 4
12 14
12 21
12 26
12 28
12 29
12 30
12 34
12 44
12 45
12 46
12 47
12 49
12 51
12 53
12 59
12 62
12 63
12 65
12 67
12 69
12 71
12 74
12 75
12 83
12 84
12 87
12 88
12 90
12 91
12 96
12 98
12 99
13 1
13 7
13 8
13 12
13 15
13 16
13 24
13 29
13 33
13 35
13 37
13 40
13 42
13 47
13 48
13 53
13 54
13 56
13 57
13 59
13 64
13 65
13 66
13 69
13 70
13 76
13 77
13 79
13 81
13 84
13 85
13 91
13 93
14 1
14 2
14 10
14 11
14 13
14 14
14 17
14 29
14 32
14 36
14 40
14 47
14 52
14 58
14 59
14 60
14 64
14 68
14 70
14 82
14 98
14 99
15 0
15 3
15 5
15 9
15 13
15 15
15 17
15 18
15 21
15 25
15 30
15 34
15 35
15 41
15 44
15 45
15 48
15 49
15 57
15 61
15 63
15 69
15 71
15 74
15 76
15 85
15 86
15 89
15 96
16 2
16 5
16 7
16 8
16 12
16 14
16 15
16 17
16 22
16 25
16 28
16 29
16 31
16 32
16 33
16 35
16 41
16 42
16 44
16 45
16 47
16 49
16 50
16 51
16 56
16 60
16 61
16 63
16 71
16 77
16 81
16 83
16 85
16 87
16 88
16 93
16 96
16 99
16 100
17 3
17 5
17 7
17 10
17 11
17 13
17 22
17 24
17 25
17 26
17 29
17 33
17 37
17 40
17 51
17 52
17 56
17 70
17 72
17 73
17 77
17 84
17 90
17 91
17 93
17 95
17 100
18 2
18 3
18 6
18 9
18 17
18 20
18 22
18 23
18 30
18 34
18 37
18 38
18 43
18 44
18 45
18 55
18 56
18 57
18 69
18 74
18 81
18 82
18 85
18 86
18 97
18 100
19 6
19 20
19 28
19 29
19 35
19 38
19 44
19 47
19 49
19 51
19 52
19 54
19 55
19 61
19 64
19 67
19 68
19 77
19 78
19 83
19 86
19 88
19 96
19 97
20 2
20 5
20 9
20 12
20 14
20 17
20 29
20 34
20 36
20 39
20 41
20 42
20 45
20 47
20 50
20 53
20 55
20 57
20 62
20 65
20 67
20 68
20 69
20 74
20 75
20 76
20 78
20 83
20 84
20 88
20 89
20 96
20 98
20 100
21 0
21 1
21 5
21 6
21 14
21 19
21 20
21 24
21 29
21 30
21 36
21 44
21 45
21 47
21 50
21 52
21 53
21 55
21 62
21 63
21 70
21 74
21 80
21 81
21 82
21 89
21 91
21 99
22 7
22 8
22 9
22 11
22 14
22 22
22 23
22 24
22 26
22 27
22 30
22 40
22 43
22 46
22 48
22 50
22 51
22 52
22 53
22 59
22 69
22 70
22 73
22 95
22 100
23 3
23 6
23 13
23 15
23 20
23 22
23 24
23 33
23 36
23 37
23 38
23 44
23 47
23 52
23 54
23 55
23 61
23 66
23 68
23 70
23 71
23 72
23 74
23 75
23 76
23 78
23 86
23 87
23 89
23 96
23 98
23 99
24 2
24 6
24 21
24 26
24 27
24 30
24 33
24 34
24 35
24 41
24 48
24 52
24 57
24 58
24 60
24 65
24 70
24 76
24 77
24 82
24 83
24 84
24 85
24 87
24 92
24 94
24 95
24 97
24 99
25 0
25 1
25 4
25 10
25 15
25 16
25 20
25 24
25 26
25 35
25 40
25 43
25 44
25 50
25 51
25 55
25 64
25 66
25 68
25 70
25 73
25 74
25 77
25 86
25 88
25 91
25 92
25 94
25 99
25 100
26 3
26 12
26 35
26 39
26 40
26 42
26 48
26 49
26 53
26 54
26 55
26 58
26 60
26 68
26 69
26 70
26 73
26 76
26 77
26 78
26 80
26 84
26 87
26 88
26 90
26 96
26 98
26 100
27 3
27 6
27 12
27 21
27 27
27 35
27 36
27 39
27 43
27 44
27 46
27 48
27 49
27 51
27 53
27 63
27 64
27 68
27 81
27 82
27 88
27 91
27 92
27 94
27 99
27 100
28 2
28 3
28 5
28 11
28 14
28 31
28 33
28 42
28 43
28 44
28 45
28 47
28 48
28 49
28 52
28 53
28 54
28 55
28 57
28 60
28 61
28 71
28 75
28 83
28 89
28 92
28 94
28 95
29 1
29 2
29 3
29 4
29 8
29 10
29 11
29 13
29 16
29 19
29 24
29 29
29 30
29 33
29 35
29 36
29 38
29 41
29 43
29 47
29 55
29 62
29 69
29 70
29 72
29 73
29 75
29 77
29 79
29 82
29 85
29 86
29 90
29 91
29 96
29 99
30 3
30 6
30 11
30 22
30 23
30 24
30 25
30 27
30 28
30 34
30 36
30 50
30 52
30 60
30 62
30 75
30 76
30 77
30 79
30 82
30 90
30 92
30 93
30 95
30 98
30 99
30 100
31 1
31 4
31 5
31 6
31 9
31 20
31 23
31 24
31 26
31 27
31 30
31 34
31 40
31 44
31 47
31 48
31 55
31 58
31 59
31 61
31 65
31 67
31 68
31 70
31 77
31 81
31 89
31 95
31 96
31 98
31 100
32 2
32 3
32 16
32 17
32 18
32 19
32 21
32 22
32 24
32 27
32 43
32 46
32 50
32 51
32 54
32 58
32 61
32 63
32 64
32 70
32 72
32 74
32 78
32 79
32 80
32 81
32 85
32 87
32 88
32 93
33 3
33 7
33 9
33 10
33 13
33 17
33 18
33 20
33 23
33 25
33 27
33 29
33 32
33 34
33 42
33 45
33 48
33 51
33 52
33 54
33 58
33 65
33 68
33 79
33 82
33 90
33 91
33 99
34 3
34 4
34 11
34 14
34 22
34 23
34 25
34 26
34 27
34 28
34 31
34 33
34 43
34 45
34 48
34 62
34 70
34 71
34 79
34 87
34 91
34 92
35 0
35 2
35 8
35 14
35 15
35 20
35 24
35 25
35 27
35 29
35 34
35 39
35 45
35 50
35 53
35 58
35 59
35 60
35 62
35 65
35 72
35 73
35 80
35 87
35 88
35 90
35 91
35 95
35 99
35 100
36 1
36 2
36 6
36 12
36 13
36 14
36 17
36 18
36 26
36 29
36 36
36 39
36 40
36 45
36 47
36 48
36 59
36 60
36 63
36 70
36 71
36 72
36 73
36 75
36 76
36 81
36 83
36 88
36 97
36 100
37 0
37 6
37 7
37 15
37 16
37 20
37 29
37 38
37 42
37 48
37 50
37 56
37 58
37 60
37 63
37 66
37 68
37 73
37 78
37 85
37 93
37 94
37 97
38 9
38 11
38 17
38 20
38 26
38 27
38 30
38 34
38 37
38 48
38 52
38 53
38 54
38 60
38 66
38 70
38 72
38 73
38 74
38 77
38 79
38 80
38 89
38 90
38 91
38 93
38 95
38 96
39 1
39 3
39 7
39 8
39 11
39 15
39 17
39 19
39 21
39 22
39 24
39 26
39 30
39 31
39 39
39 42
39 47
39 48
39 49
39 51
39 52
39 53
39 54
39 56
39 57
39 58
39 59
39 61
39 64
39 67
39 72
39 77
39 78
39 79
39 80
39 83
39 84
39 85
39 86
39 97
39 99
40 4
40 7
40 12
40 16
40 18
40 20
40 21
40 27
40 31
40 35
40 40
40 46
40 48
40 51
40 58
40 65
40 79
40 84
40 88
40 90
40 92
40 93
40 96
40 98
40 100
41 1
41 3
41 4
41 5
41 8
41 9
41 10
41 11
41 12
41 14
41 18
41 26
41 27
41 28
41 31
41 32
41 33
41 34
41 38
41 39
41 40
41 47
41 50
41 52
41 55
41 58
41 59
41 61
41 62
41 65
41 73
41 76
41 77
41 78
41 85
41 87
41 97
41 98
42 1
42 4
42 11
42 13
42 14
42 16
42 17
42 19
42 23
42 26
42 30
42 31
42 33
42 35
42 36
42 37
42 38
42 40
42 42
42 43
42 46
42 50
42 54
42 59
42 70
42 73
42 77
42 85
42 86
42 87
42 89
42 91
42 94
42 96
43 0
43 1
43 6
43 11
43 12
43 13
43 17
43 21
43 28
43 30
43 34
43 38
43 45
43 48
43 52
43 53
43 54
43 55
43 56
43 65
43 66
43 69
43 70
43 73
43 76
43 77
43 78
43 79
43 82
43 85
43 89
43 93
43 95
43 97
43 98
44 1
44 4
44 6
44 19
44 22
44 23
44 24
44 25
44 29
44 31
44 36
44 37
44 38
44 47
44 48
44 51
44 61
44 65
44 74
44 78
44 83
44 84
44 85
44 86
44 88
44 92
44 95
44 98
44 99
45 7
45 11
45 12
45 13
45 15
45 17
45 20
45 21
45 24
45 29
45 30
45 31
45 34
45 37
45 39
45 42
45 44
45 47
45 48
45 51
45 58
45 61
45 63
45 64
45 67
45 70
45 74
45 75
45 77
45 83
45 84
45 90
45 92
45 93
45 94
45 97
45 99
46 9
46 17
46 22
46 23
46 30
46 32
46 33
46 36
46 40
46 41
46 42
46 43
46 44
46 45
46 47
46 48
46 49
46 54
46 57
46 59
46 60
46 66
46 69
46 76
46 77
46 78
46 83
46 84
46 85
46 86
46 88
46 93
46 95
46 97
47 1
47 8
47 9
47 17
47 18
47 21
47 23
47 24
47 32
47 33
47 40
47 41
47 45
47 46
47 48
47 50
47 53
47 55
47 59
47 65
47 66
47 67
47 69
47 85
47 87
47 90
47 92
48 6
48 8
48 12
48 13
48 14
48 15
48 17
48 24
48 25
48 31
48 33
48 36
48 44
48 47
48 50
48 52
48 53
48 57
48 59
48 60
48 62
48 64
48 66
48 71
48 73
48 83
48 85
48 92
48 97
48 98
49 2
49 4
49 5
49 8
49 16
49 24
49 27
49 28
49 29
49 31
49 34
49 35
49 38
49 39
49 42
49 50
49 57
49 58
49 66
49 69
49 70
49 77
49 87
50 0
50 2
50 7
50 10
50 16
50 19
50 20
50 23
50 24
50 33
50 39
50 40
50 43
50 46
50 47
50 48
50 50
50 51
50 53
50 54
50 56
50 57
50 62
50 64
50 69
50 71
50 75
50 77
50 78
50 79
50 80
50 83
50 87
50 90
50 94
50 97
50 100
51 5
51 7
51 11
51 16
51 17
51 22
51 23
51 40
51 41
51 47
51 48
51 53
51 54
51 55
51 58
51 61
51 67
51 70
51 74
51 75
51 76
51 82
51 83
51 86
51 87
51 90
51 92
51 93
51 95
51 100
52 1
52 15
52 16
52 20
52 21
52 22
52 23
52 28
52 32
52 34
52 37
52 38
52 43
52 48
52 49
52 51
52 52
52 56
52 57
52 59
52 60
52 67
52 68
52 72
52 73
52 74
52 77
52 79
52 80
52 85
52 86
52 88
52 94
52 99
53 1
53 4
53 9
53 10
53 13
53 20
53 27
53 28
53 33
53 35
53 39
53 40
53 41
53 43
53 44
53 49
53 55
53 57
53 66
53 67
53 72
53 73
53 74
53 76
53 86
53 88
53 92
54 2
54 3
54 7
54 14
54 21
54 24
54 26
54 27
54 31
54 33
54 45
54 48
54 53
54 55
54 56
54 59
54 60
54 62
54 63
54 64
54 66
54 67
54 70
54 71
54 74
54 77
54 83
54 85
54 86
54 89
54 96
54 100
55 0
55 3
55 7
55 8
55 10
55 12
55 14
55 18
55 19
55 20
55 21
55 25
55 26
55 33
55 40
55 42
55 47
55 48
55 49
55 52
55 54
55 68
55 70
55 72
55 73
55 74
55 83
55 88
55 91
55 92
55 96
55 98
55 100
56 0
56 2
56 5
56 6
56 8
56 14
56 15
56 26
56 27
56 34
56 40
56 41
56 46
56 47
56 49
56 54
56 55
56 59
56 61
56 64
56 69
56 73
56 76
56 77
56 79
56 85
56 87
56 88
56 93
56 94
56 100
57 0
57 3
57 7
57 9
57 17
57 21
57 29
57 34
57 38
57 40
57 43
57 45
57 58
57 59
57 63
57 64
57 66
57 71
57 73
57 74
57 80
57 81
57 84
57 85
57 86
57 93
57 94
58 2
58 3
58 5
58 6
58 7
58 12
58 13
58 16
58 18
58 20
58 22
58 26
58 27
58 30
58 31
58 38
58 44
58 48
58 51
58 52
58 55
58 57
58 58
58 59
58 62
58 66
58 68
58 72
58 75
58 82
58 84
58 86
58 90
58 93
58 95
59 0
59 3
59 10
59 17
59 22
59 24
59 25
59 30
59 31
59 33
59 39
59 42
59 67
59 69
59 70
59 71
59 72
59 78
59 79
59 86
59 99
59 100
60 1
60 3
60 4
60 5
60 9
60 12
60 18
60 20
60 24
60 26
60 29
60 31
60 33
60 36
60 37
60 40
60 41
60 44
60 53
60 55
60 56
60 58
60 59
60 61
60 62
60 63
60 69
60 72
60 73
60 81
60 82
60 83
60 84
60 85
60 90
60 91
60 92
60 98
60 100
61 3
61 4
61 5
61 6
61 11
61 12
61 13
61 15
61 16
61 18
61 20
61 25
61 26
61 40
61 46
61 47
61 49
61 50
61 55
61 56
61 58
61 62
61 66
61 67
61 68
61 76
61 81
61 85
61 96
61 99
62 5
62 8
62 12
62 13
62 14
62 16
62 17
62 19
62 26
62 27
62 28
62 30
62 33
62 34
62 39
62 40
62 42
62 52
62 53
62 54
62 59
62 61
62 63
62 64
62 70
62 72
62 75
62 80
62 88
62 90
62 91
62 97
62 98
63 1
63 5
63 6
63 9
63 11
63 22
63 25
63 26
63 30
63 33
63 36
63 37
63 40
63 42
63 47
63 65
63 70
63 75
63 76
63 77
63 79
63 81
63 88
63 89
63 95
63 96
63 97
63 98
64 7
64 8
64 12
64 13
64 20
64 23
64 27
64 29
64 31
64 38
64 40
64 43
64 50
64 52
64 53
64 55
64 56
64 57
64 60
64 64
64 66
64 68
64 70
64 75
64 76
64 81
64 84
64 87
64 89
64 92
64 96
65 4
65 11
65 15
65 18
65 21
65 22
65 24
65 27
65 32
65 35
65 37
65 43
65 50
65 60
65 66
65 67
65 70
65 71
65 72
65 74
65 82
65 83
65 84
65 87
65 88
65 90
65 98
65 100
66 2
66 3
66 7
66 17
66 19
66 24
66 26
66 29
66 31
66 40
66 46
66 47
66 48
66 53
66 54
66 55
66 56
66 58
66 60
66 66
66 68
66 69
66 71
66 74
66 79
66 80
66 95
66 99
67 1
67 6
67 11
67 14
67 15
67 16
67 18
67 22
67 23
67 24
67 30
67 33
67 36
67 37
67 41
67 43
67 50
67 52
67 53
67 59
67 61
67 64
67 77
67 78
67 79
67 83
67 84
67 97
67 99
67 100
68 3
68 12
68 17
68 19
68 26
68 27
68 36
68 37
68 41
68 45
68 47
68 48
68 51
68 54
68 65
68 66
68 67
68 69
68 74
68 78
68 82
68 83
68 86
68 87
68 88
68 91
68 94
68 95
68 97
68 98
68 99
69 1
69 5
69 10
69 12
69 15
69 28
69 29
69 36
69 42
69 48
69 49
69 50
69 52
69 53
69 56
69 59
69 61
69 66
69 71
69 72
69 75
69 76
69 79
69 86
69 87
69 88
69 89
69 92
69 94
69 95
69 96
69 99
70 3
70 8
70 14
70 18
70 20
70 25
70 26
70 28
70 34
70 37
70 40
70 44
70 64
70 65
70 66
70 70
70 72
70 73
70 77
70 78
70 88
70 89
70 90
70 92
70 94
70 95
70 96
70 99
71 3
71 4
71 5
71 9
71 10
71 11
71 12
71 13
71 17
71 22
71 25
71 26
71 29
71 35
71 36
71 38
71 41
71 49
71 50
71 52
71 63
71 65
71 67
71 68
71 77
71 85
71 89
71 90
71 92
72 0
72 2
72 10
72 13
72 16
72 17
72 27
72 32
72 34
72 35
72 39
72 41
72 42
72 43
72 50
72 52
72 54
72 57
72 63
72 64
72 67
72 69
72 70
72 80
72 81
72 86
72 87
72 90
72 97
73 1
73 3
73 7
73 8
73 9
73 11
73 13
73 16
73 18
73 21
73 27
73 32
73 33
73 34
73 36
73 38
73 44
73 46
73 47
73 48
73 52
73 53
73 54
73 56
73 58
73 60
73 64
73 68
73 72
73 76
73 84
73 88
73 89
73 99
73 100
74 1
74 4
74 5
74 7
74 23
74 24
74 37
74 41
74 43
74 44
74 46
74 56
74 59
74 70
74 76
74 79
74 80
74 81
74 82
74 84
74 85
74 87
74 92
74 94
74 96
74 97
74 100
75 1
75 2
75 3
75 11
75 16
75 20
75 24
75 26
75 27
75 29
75 30
75 32
75 33
75 35
75 38
75 42
75 43
75 44
75 51
75 54
75 55
75 56
75 58
75 61
75 63
75 68
75 69
75 79
75 80
75 82
75 83
75 87
75 90
75 92
75 94
75 95
75 100
76 2
76 3
76 4
76 6
76 13
76 15
76 19
76 28
76 30
76 34
76 35
76 42
76 49
76 51
76 53
76 60
76 62
76 65
76 66
76 76
76 77
76 78
76 85
76 89
76 90
76 91
76 99
77 2
77 4
77 7
77 16
77 17
77 20
77 21
77 22
77 24
77 25
77 28
77 30
77 37
77 38
77 39
77 40
77 44
77 52
77 53
77 55
77 61
77 63
77 65
77 66
77 69
77 70
77 74
77 75
77 85
77 86
77 90
77 96
77 97
77 98
78 5
78 12
78 19
78 25
78 27
78 30
78 32
78 34
78 35
78 36
78 55
78 59
78 71
78 72
78 75
78 76
78 87
78 89
78 91
78 94
79 1
79 6
79 7
79 8
79 10
79 15
79 21
79 22
79 24
79 25
79 27
79 32
79 35
79 47
79 58
79 59
79 63
79 69
79 74
79 75
79 84
79 85
79 86
79 89
80 4
80 5
80 6
80 12
80 15
80 17
80 20
80 24
80 25
80 29
80 31
80 32
80 33
80 35
80 36
80 38
80 40
80 46
80 50
80 53
80 66
80 67
80 73
80 75
80 76
80 78
80 84
80 86
80 87
80 88
80 91
80 94
80 99
80 100
81 1
81 10
81 13
81 18
81 20
81 22
81 24
81 28
81 29
81 37
81 43
81 46
81 49
81 50
81 53
81 62
81 64
81 69
81 78
81 80
81 83
81 85
81 88
81 93
81 94
81 96
82 1
82 2
82 10
82 13
82 14
82 17
82 18
82 21
82 24
82 27
82 35
82 36
82 38
82 41
82 42
82 43
82 45
82 49
82 50
82 52
82 54
82 56
82 60
82 64
82 65
82 79
82 82
82 84
82 85
82 86
82 88
82 94
82 95
82 96
82 100
83 3
83 5
83 7
83 13
83 17
83 20
83 21
83 22
83 27
83 28
83 29
83 35
83 38
83 39
83 40
83 42
83 44
83 46
83 48
83 49
83 54
83 57
83 61
83 64
83 66
83 69
83 76
83 77
83 78
83 81
83 84
83 86
83 87
83 92
83 95
83 99
84 2
84 19
84 22
84 24
84 26
84 27
84 38
84 40
84 46
84 49
84 50
84 51
84 54
84 60
84 65
84 67
84 70
84 72
84 73
84 76
84 84
84 90
84 94
84 95
84 96
84 99
84 100
85 8
85 10
85 13
85 16
85 18
85 20
85 27
85 36
85 40
85 46
85 54
85 55
85 60
85 72
85 75
85 82
85 84
85 85
85 86
85 87
85 89
85 91
85 92
85 93
86 5
86 11
86 15
86 18
86 32
86 38
86 40
86 44
86 47
86 49
86 51
86 54
86 55
86 56
86 57
86 58
86 61
86 63
86 69
86 71
86 72
86 73
86 81
86 83
86 85
86 96
86 97
86 99
87 0
87 6
87 8
87 13
87 18
87 19
87 28
87 31
87 33
87 36
87 38
87 48
87 50
87 54
87 57
87 59
87 64
87 66
87 71
87 74
87 79
87 81
87 85
87 90
87 98
87 100
88 1
88 4
88 5
88 15
88 21
88 23
88 26
88 33
88 37
88 39
88 43
88 47
88 49
88 55
88 60
88 61
88 64
88 66
88 67
88 79
88 80
88 91
88 99
89 1
89 2
89 3
89 7
89 8
89 9
89 14
89 18
89 20
89 34
89 35
89 42
89 46
89 48
89 52
89 53
89 56
89 58
89 60
89 65
89 70
89 71
89 73
89 77
89 83
89 84
89 85
89 89
89 90
89 92
89 97
89 98
90 0
90 1
90 2
90 4
90 5
90 6
90 9
90 11
90 12
90 13
90 16
90 17
90 18
90 19
90 36
90 39
90 44
90 45
90 51
90 52
90 54
90 63
90 68
90 73
90 76
90 79
90 81
90 84
90 86
90 88
90 92
90 98
91 0
91 12
91 16
91 21
91 23
91 24
91 27
91 29
91 30
91 31
91 34
91 37
91 38
91 40
91 41
91 46
91 48
91 49
91 56
91 57
91 62
91 66
91 67
91 75
91 80
91 82
91 83
91 84
91 95
91 97
92 0
92 2
92 3
92 13
92 22
92 27
92 30
92 33
92 34
92 38
92 40
92 41
92 42
92 46
92 47
92 52
92 55
92 60
92 63
92 65
92 71
92 73
92 74
92 75
92 85
92 87
92 88
92 90
92 93
92 96
92 98
93 3
93 5
93 6
93 7
93 8
93 9
93 12
93 15
93 17
93 21
93 23
93 26
93 30
93 31
93 33
93 40
93 42
93 45
93 46
93 48
93 54
93 55
93 60
93 64
93 68
93 74
93 76
93 84
93 86
93 88
93 92
93 99
94 1
94 3
94 4
94 12
94 14
94 19
94 21
94 23
94 27
94 28
94 30
94 36
94 37
94 44
94 45
94 47
94 49
94 51
94 61
94 63
94 65
94 67
94 69
94 73
94 80
94 82
94 85
94 88
94 94
94 97
95 1
95 3
95 9
95 12
95 16
95 17
95 20
95 22
95 23
95 24
95 25
95 27
95 34
95 35
95 36
95 39
95 43
95 46
95 50
95 55
95 57
95 61
95 63
95 65
95 70
95 74
95 80
95 81
95 82
95 84
95 91
95 98
95 100
96 2
96 6
96 7
96 9
96 19
96 27
96 30
96 32
96 35
96 37
96 38
96 45
96 48
96 53
96 55
96 56
96 59
96 61
96 68
96 70
96 71
96 73
96 79
96 82
96 85
96 88
96 89
96 90
96 91
96 95
96 96
97 0
97 1
97 3
97 6
97 14
97 17
97 18
97 19
97 23
97 25
97 27
97 28
97 31
97 32
97 33
97 36
97 37
97 40
97 44
97 46
97 47
97 49
97 51
97 52
97 55
97 59
97 62
97 66
97 75
97 77
97 79
97 83
97 87
97 89
97 92
98 0
98 1
98 9
98 10
98 14
98 17
98 26
98 27
98 31
98 35
98 39
98 54
98 57
98 58
98 60
98 62
98 63
98 66
98 68
98 69
98 74
98 77
98 83
98 85
98 87
98 89
98 92
98 96
99 4
99 6
99 9
99 11
99 20
99 24
99 28
99 33
99 37
99 38
99 44
99 46
99 47
99 50
99 52
99 54
99 55
99 58
99 61
99 63
99 65
99 69
99 75
99 76
99 77
99 79
99 92
99 93
99 96
99 100
100 1
100 3
100 5
100 13
100 17
100 18
100 23
100 27
100 29
100 31
100 34
100 35
100 37
100 45
100 46
100 51
100 55
100 64
100 65
100 74
100 76
100 77
100 78
100 80
100 81
100 82
100 85
100 86
100 89
100 94
100 95
