0 8
0 10
0 15
0 17
0 20
0 23
0 27
0 29
0 34
0 35
0 37
0 38
0 39
0 41
0 45
0 50
0 53
0 55
0 57
0 59
0 66
0 67
0 69
0 71
0 73
0 77
0 80
0 81
0 84
0 87
0 90
0 91
0 99
1 2
1 5
1 6
1 8
1 9
1 13
1 15
1 19
1 20
1 26
1 30
1 35
1 37
1 39
1 40
1 41
1 44
1 45
1 46
1 47
1 53
1 58
1 69
1 70
1 74
1 84
1 87
1 89
1 90
1 92
1 93
1 96
1 100
2 1
2 3
2 4
2 6
2 8
2 10
2 24
2 26
2 27
2 28
2 36
2 37
2 39
2 41
2 48
2 52
2 53
2 54
2 55
2 60
2 63
2 71
2 73
2 76
2 80
2 81
2 83
2 88
2 93
2 94
3 0
3 9
3 14
3 17
3 20
3 22
3 23
3 24
3 34
3 36
3 42
3 43
3 45
3 47
3 49
3 53
3 59
3 66
3 72
3 75
3 76
3 82
3 94
3 100
4 1
4 3
4 8
4 11
4 27
4 30
4 40
4 41
4 42
4 43
4 44
4 47
4 54
4 57
4 59
4 61
4 63
4 65
4 71
4 75
4 77
4 81
4 92
4 100
5 3
5 8
5 11
5 13
5 14
5 16
5 18
5 23
5 25
5 26
5 28
5 31
5 34
5 36
5 37
5 38
5 41
5 42
5 46
5 53
5 59
5 63
5 64
5 71
5 79
5 81
5 89
5 96
5 98
5 99
6 4
6 7
6 9
6 13
6 16
6 18
6 21
6 29
6 31
6 32
6 42
6 49
6 51
6 52
6 59
6 61
6 63
6 68
6 69
6 76
6 80
6 81
6 84
6 85
6 86
6 89
6 97
7 3
7 4
7 5
7 8
7 9
7 13
7 14
7 21
7 23
7 24
7 25
7 28
7 32
7 41
7 44
7 45
7 47
7 49
7 50
7 53
7 55
7 56
7 57
7 59
7 61
7 62
7 65
7 68
7 72
7 73
7 76
7 77
7 81
7 82
7 84
7 94
7 95
7 98
7 99
8 6
8 10
8 11
8 16
8 19
8 23
8 34
8 35
8 57
8 59
8 62
8 67
8 72
8 77
8 80
8 81
8 82
8 84
8 85
8 86
8 87
8 89
8 90
8 96
8 99
8 100
9 1
9 3
9 4
9 8
9 10
9 12
9 14
9 15
9 17
9 18
9 20
9 22
9 24
9 31
9 32
9 38
9 39
9 40
9 42
9 43
9 44
9 53
9 57
9 58
9 59
9 61
9 65
9 67
9 77
9 78
9 83
9 85
9 86
9 89
9 90
9 92
9 94
9 97
9 98
10 0
10 4
10 12
10 13
10 18
10 24
10 27
10 37
10 38
10 43
10 48
10 49
10 51
10 54
10 57
10 59
10 66
10 67
10 70
10 71
10 82
10 83
10 84
10 85
10 87
10 97
10 98
11 3
11 7
11 10
11 11
11 12
11 13
11 15
11 16
11 17
11 22
11 29
11 36
11 38
11 43
11 48
11 50
11 51
11 53
11 55
11 56
11 57
11 58
11 62
11 82
11 87
11 89
11 91
11 96
11 98
11 100
12 0
12 5
12 14
12 15
12 16
12 24
12 25
12 28
12 32
12 33
12 36
12 37
12 41
12 47
12 50
12 58
12 59
12 61
12 64
12 66
12 68
12 71
12 74
12 80
12 81
12 82
12 85
12 88
12 92
12 94
12 95
12 98
12 99
13 2
13 3
13 4
13 6
13 8
13 17
13 21
13 25
13 26
13 27
13 28
13 30
13 31
13 33
13 38
13 43
13 49
13 50
13 57
13 58
13 61
13 68
13 69
13 74
13 76
13 79
13 80
13 83
13 84
13 85
13 86
13 87
13 93
13 97
13 98
13 100
14 3
14 6
14 13
14 17
14 21
14 23
14 25
14 41
14 42
14 44
14 49
14 53
14 58
14 67
14 73
14 76
14 85
14 88
14 91
14 95
15 0
15 1
15 3
15 5
15 17
15 18
15 21
15 24
15 26
15 34
15 35
15 36
15 37
15 41
15 48
15 49
15 51
15 53
15 57
15 61
15 63
15 65
15 70
15 79
15 80
15 82
15 89
15 92
15 99
16 1
16 4
16 5
16 8
16 14
16 15
16 22
16 23
16 31
16 36
16 43
16 44
16 45
16 54
16 56
16 60
16 61
16 64
16 65
16 67
16 69
16 70
16 72
16 74
16 77
16 80
16 85
16 86
16 95
16 96
16 98
17 2
17 4
17 7
17 10
17 11
17 17
17 21
17 22
17 26
17 27
17 32
17 33
17 35
17 37
17 38
17 42
17 48
17 50
17 55
17 56
17 59
17 62
17 64
17 69
17 71
17 73
17 74
17 77
17 79
17 80
17 81
17 84
17 88
17 89
17 91
17 93
17 96
17 99
18 0
18 10
18 11
18 16
18 17
18 25
18 30
18 31
18 33
18 34
18 37
18 38
18 40
18 41
18 46
18 49
18 58
18 60
18 62
18 65
18 68
18 72
18 74
18 78
18 85
18 86
18 87
18 89
18 90
19 2
19 4
19 8
19 14
19 18
19 19
19 20
19 23
19 25
19 26
19 28
19 30
19 33
19 35
19 36
19 38
19 41
19 52
19 54
19 57
19 60
19 69
19 77
19 79
19 82
19 86
19 87
19 89
19 100
20 2
20 7
20 9
20 10
20 11
20 18
20 21
20 23
20 26
20 29
20 30
20 31
20 32
20 33
20 35
20 36
20 42
20 45
20 49
20 51
20 52
20 53
20 56
20 63
20 68
20 69
20 73
20 81
20 82
20 84
20 85
20 91
20 93
20 94
21 2
21 4
21 7
21 8
21 11
21 15
21 16
21 18
21 21
21 24
21 26
21 27
21 31
21 35
21 41
21 45
21 48
21 53
21 55
21 57
21 66
21 69
21 70
21 72
21 76
21 82
21 92
21 96
21 98
21 100
22 1
22 3
22 6
22 12
22 21
22 24
22 26
22 35
22 37
22 39
22 48
22 52
22 55
22 57
22 63
22 65
22 66
22 73
22 74
22 75
22 78
22 79
22 80
22 83
22 87
22 91
23 0
23 1
23 2
23 4
23 8
23 9
23 11
23 12
23 14
23 19
23 23
23 26
23 29
23 33
23 36
23 38
23 39
23 41
23 46
23 49
23 55
23 56
23 58
23 60
23 63
23 64
23 69
23 70
23 76
23 78
23 80
23 82
23 85
23 88
23 91
23 92
23 96
23 100
24 0
24 1
24 2
24 8
24 9
24 10
24 11
24 19
24 22
24 24
24 29
24 35
24 37
24 38
24 39
24 42
24 46
24 49
24 51
24 52
24 57
24 60
24 61
24 63
24 74
24 75
24 76
24 78
24 87
24 88
24 91
25 11
25 18
25 23
25 24
25 25
25 30
25 32
25 34
25 35
25 39
25 43
25 48
25 51
25 53
25 54
25 55
25 57
25 66
25 69
25 71
25 73
25 75
25 79
25 81
25 82
25 85
25 90
25 94
25 99
26 0
26 4
26 5
26 7
26 13
26 15
26 17
26 21
26 27
26 30
26 35
26 37
26 44
26 49
26 50
26 54
26 57
26 67
26 68
26 73
26 77
26 78
26 82
26 83
26 88
26 91
26 97
26 98
27 4
27 5
27 8
27 10
27 13
27 15
27 17
27 20
27 21
27 22
27 27
27 30
27 32
27 34
27 35
27 45
27 52
27 57
27 62
27 67
27 72
27 78
27 81
27 82
27 87
27 89
27 92
27 94
27 95
27 98
28 1
28 7
28 9
28 10
28 15
28 18
28 26
28 29
28 30
28 33
28 34
28 37
28 38
28 44
28 47
28 50
28 55
28 58
28 62
28 72
28 74
28 77
28 78
28 79
28 91
28 92
29 1
29 2
29 5
29 7
29 9
29 14
29 15
29 20
29 24
29 27
29 30
29 35
29 40
29 44
29 50
29 54
29 58
29 64
29 71
29 72
29 79
29 80
29 81
29 82
29 89
29 91
29 100
30 0
30 5
30 6
30 8
30 15
30 16
30 20
30 22
30 27
30 28
30 32
30 37
30 39
30 40
30 41
30 47
30 48
30 51
30 55
30 57
30 62
30 64
30 66
30 70
30 74
30 76
30 84
30 88
30 89
30 91
30 98
31 9
31 12
31 15
31 18
31 22
31 28
31 29
31 35
31 47
31 51
31 54
31 55
31 63
31 65
31 67
31 68
31 71
31 73
31 74
31 77
31 83
31 84
31 91
31 93
31 97
31 99
32 0
32 4
32 5
32 7
32 8
32 13
32 17
32 18
32 22
32 24
32 25
32 27
32 34
32 39
32 40
32 48
32 50
32 54
32 56
32 58
32 60
32 66
32 71
32 72
32 79
32 80
32 82
32 83
32 84
32 85
32 91
32 92
32 95
32 97
32 100
33 0
33 9
33 11
33 16
33 20
33 21
33 23
33 28
33 36
33 37
33 40
33 42
33 43
33 44
33 45
33 47
33 49
33 52
33 54
33 59
33 62
33 66
33 67
33 71
33 72
33 75
33 77
33 78
33 85
34 2
34 4
34 5
34 8
34 10
34 11
34 12
34 18
34 19
34 23
34 30
34 31
34 35
34 38
34 44
34 49
34 50
34 52
34 60
34 63
34 67
34 77
34 88
34 93
34 94
34 95
34 96
34 100
35 3
35 9
35 12
35 16
35 17
35 18
35 30
35 31
35 35
35 41
35 44
35 46
35 50
35 53
35 56
35 61
35 62
35 71
35 76
35 81
35 88
35 90
35 93
35 99
35 100
36 0
36 1
36 5
36 6
36 8
36 10
36 19
36 23
36 32
36 34
36 38
36 40
36 43
36 47
36 48
36 50
36 55
36 56
36 57
36 61
36 70
36 73
36 76
36 93
36 96
36 99
37 1
37 4
37 5
37 6
37 12
37 18
37 19
37 20
37 23
37 25
37 28
37 30
37 31
37 32
37 35
37 46
37 50
37 51
37 58
37 62
37 63
37 65
37 68
37 73
37 75
37 78
37 81
37 82
37 85
37 88
37 92
37 98
37 100
38 1
38 2
38 16
38 17
38 20
38 31
38 33
38 35
38 36
38 38
38 42
38 45
38 54
38 56
38 60
38 62
38 69
38 73
38 75
38 84
38 87
38 90
38 96
38 99
39 3
39 13
39 17
39 19
39 21
39 24
39 26
39 31
39 37
39 40
39 43
39 44
39 52
39 59
39 61
39 64
39 66
39 72
39 73
39 80
39 94
40 0
40 5
40 9
40 11
40 13
40 17
40 20
40 21
40 26
40 27
40 30
40 36
40 38
40 40
40 41
40 42
40 44
40 45
40 50
40 53
40 54
40 55
40 59
40 60
40 61
40 62
40 66
40 67
40 73
40 74
40 77
40 80
40 82
40 84
40 89
40 95
40 96
40 98
40 99
40 100
41 2
41 6
41 10
41 11
41 16
41 17
41 19
41 21
41 27
41 36
41 40
41 50
41 52
41 54
41 59
41 60
41 61
41 63
41 65
41 69
41 72
41 73
41 75
41 78
41 81
41 82
41 85
41 86
41 93
41 94
41 98
41 99
42 1
42 2
42 4
42 6
42 7
42 10
42 11
42 17
42 37
42 38
42 43
42 49
42 53
42 58
42 59
42 60
42 61
42 67
42 72
42 75
42 77
42 80
42 81
42 82
42 83
42 85
42 90
42 93
42 97
43 2
43 6
43 13
43 19
43 23
43 28
43 30
43 31
43 38
43 46
43 50
43 52
43 55
43 59
43 66
43 69
43 71
43 72
43 78
43 84
43 85
43 87
43 91
43 100
44 7
44 8
44 9
44 12
44 25
44 26
44 27
44 31
44 34
44 40
44 41
44 47
44 50
44 53
44 56
44 58
44 59
44 63
44 64
44 65
44 70
44 75
44 76
44 80
44 83
44 86
44 87
44 90
44 95
44 100
45 2
45 5
45 10
45 14
45 23
45 28
45 29
45 35
45 37
45 41
45 52
45 57
45 58
45 59
45 68
45 71
45 74
45 77
45 83
45 91
45 97
45 98
46 3
46 8
46 13
46 15
46 18
46 19
46 20
46 21
46 24
46 25
46 30
46 31
46 33
46 35
46 37
46 39
46 42
46 43
46 46
46 47
46 48
46 55
46 58
46 59
46 62
46 72
46 74
46 75
46 86
46 93
47 1
47 10
47 12
47 13
47 15
47 21
47 25
47 30
47 31
47 32
47 34
47 35
47 39
47 45
47 48
47 49
47 50
47 58
47 63
47 64
47 73
47 75
47 76
47 77
47 79
47 89
47 90
47 95
47 96
47 97
47 98
48 0
48 4
48 5
48 12
48 14
48 15
48 18
48 22
48 23
48 24
48 28
48 29
48 33
48 34
48 36
48 40
48 41
48 46
48 50
48 54
48 57
48 58
48 59
48 60
48 64
48 66
48 70
48 72
48 76
48 79
48 81
48 83
48 84
48 89
48 93
48 96
48 97
49 4
49 6
49 8
49 9
49 11
49 14
49 16
49 17
49 20
49 21
49 23
49 25
49 32
49 37
49 38
49 39
49 41
49 45
49 53
49 54
49 57
49 58
49 59
49 60
49 61
49 64
49 65
49 69
49 73
49 74
49 77
49 78
49 79
49 81
49 84
49 90
49 91
49 98
50 1
50 7
50 10
50 11
50 13
50 19
50 24
50 25
50 28
50 29
50 32
50 41
50 42
50 48
50 51
50 52
50 53
50 54
50 56
50 57
50 58
50 60
50 61
50 63
50 68
50 70
50 74
50 79
50 87
50 92
50 94
50 96
50 97
51 0
51 7
51 8
51 15
51 18
51 22
51 23
51 24
51 25
51 32
51 34
51 35
51 36
51 42
51 43
51 46
51 49
51 52
51 56
51 61
51 64
51 66
51 69
51 71
51 73
51 79
51 90
51 95
52 5
52 7
52 10
52 19
52 21
52 25
52 26
52 30
52 31
52 34
52 35
52 36
52 41
52 42
52 43
52 47
52 49
52 54
52 56
52 58
52 60
52 63
52 64
52 65
52 68
52 69
52 71
52 72
52 75
52 79
52 80
52 84
52 87
52 91
52 92
52 93
52 96
53 0
53 1
53 5
53 7
53 8
53 12
53 13
53 14
53 20
53 24
53 30
53 31
53 32
53 41
53 42
53 43
53 45
53 46
53 50
53 54
53 64
53 68
53 69
53 71
53 78
53 80
53 83
53 87
53 90
53 91
53 98
53 99
53 100
54 2
54 3
54 4
54 6
54 7
54 12
54 19
54 20
54 29
54 36
54 45
54 46
54 47
54 53
54 54
54 55
54 57
54 62
54 66
54 69
54 70
54 76
54 80
54 81
54 84
54 88
54 89
54 97
55 0
55 4
55 5
55 6
55 7
55 15
55 16
55 17
55 19
55 20
55 24
55 26
55 31
55 46
55 47
55 55
55 56
55 69
55 70
55 81
55 84
55 87
55 92
55 97
55 98
55 99
56 0
56 1
56 3
56 6
56 8
56 9
56 10
56 12
56 15
56 17
56 19
56 21
56 24
56 25
56 30
56 33
56 36
56 37
56 44
56 45
56 46
56 47
56 57
56 59
56 62
56 66
56 67
56 70
56 72
56 74
56 77
56 79
56 88
56 89
56 93
56 94
56 97
56 99
57 1
57 3
57 5
57 13
57 14
57 15
57 17
57 20
57 21
57 24
57 27
57 32
57 35
57 36
57 38
57 39
57 40
57 44
57 45
57 49
57 52
57 54
57 58
57 62
57 63
57 68
57 76
57 78
57 80
57 81
57 83
57 86
57 87
57 90
57 92
58 5
58 19
58 22
58 25
58 27
58 30
58 32
58 34
58 37
58 38
58 39
58 40
58 47
58 49
58 52
58 56
58 57
58 61
58 67
58 68
58 69
58 71
58 73
58 76
58 79
58 85
58 92
58 93
58 95
58 97
58 98
58 99
59 1
59 3
59 4
59 5
59 8
59 10
59 11
59 19
59 29
59 30
59 33
59 42
59 45
59 50
59 54
59 58
59 65
59 66
59 67
59 68
59 69
59 73
59 75
59 77
59 79
59 80
59 81
59 84
59 85
59 97
59 98
60 5
60 6
60 7
60 11
60 13
60 19
60 21
60 22
60 23
60 26
60 28
60 31
60 36
60 40
60 41
60 44
60 48
60 49
60 62
60 64
60 65
60 67
60 72
60 74
60 77
60 82
60 84
60 87
60 92
60 93
60 95
60 97
60 100
61 13
61 14
61 16
61 23
61 31
61 40
61 43
61 45
61 49
61 50
61 54
61 61
61 62
61 67
61 68
61 69
61 71
61 74
61 80
61 81
61 87
61 88
61 93
61 96
62 1
62 2
62 3
62 4
62 6
62 9
62 11
62 15
62 16
62 18
62 27
62 30
62 31
62 35
62 38
62 39
62 46
62 50
62 53
62 54
62 59
62 64
62 71
62 78
62 80
62 83
62 87
62 93
62 98
63 1
63 2
63 3
63 5
63 6
63 9
63 13
63 21
63 24
63 39
63 40
63 47
63 51
63 52
63 62
63 66
63 70
63 72
63 73
63 76
63 77
63 78
63 83
63 85
63 87
63 90
63 93
63 95
63 96
63 97
63 98
63 100
64 2
64 40
64 44
64 48
64 53
64 55
64 56
64 57
64 58
64 59
64 62
64 67
64 70
64 71
64 80
64 83
64 86
64 87
64 88
64 89
64 92
64 94
64 100
65 5
65 6
65 8
65 11
65 13
65 14
65 15
65 21
65 24
65 27
65 41
65 43
65 45
65 48
65 51
65 55
65 70
65 76
65 78
65 83
65 84
65 93
65 94
65 98
66 3
66 4
66 7
66 8
66 13
66 15
66 16
66 19
66 20
66 23
66 24
66 27
66 32
66 33
66 36
66 40
66 42
66 47
66 52
66 54
66 57
66 68
66 71
66 79
66 80
66 84
66 90
66 91
66 96
66 99
66 100
67 2
67 3
67 7
67 10
67 13
67 14
67 15
67 17
67 19
67 28
67 31
67 33
67 36
67 38
67 39
67 41
67 42
67 46
67 47
67 50
67 53
67 56
67 57
67 62
67 65
67 67
67 68
67 74
67 75
67 76
67 77
67 82
67 83
67 88
67 89
67 90
67 92
67 93
67 94
67 95
67 97
68 6
68 8
68 14
68 19
68 24
68 26
68 27
68 29
68 33
68 36
68 37
68 39
68 46
68 54
68 63
68 64
68 65
68 67
68 68
68 73
68 77
68 78
68 92
68 94
69 2
69 17
69 19
69 25
69 26
69 28
69 29
69 32
69 33
69 35
69 37
69 38
69 41
69 46
69 47
69 48
69 50
69 67
69 70
69 73
69 77
69 78
69 85
69 87
69 88
69 92
69 95
69 96
69 98
69 100
70 3
70 8
70 11
70 12
70 18
70 22
70 25
70 26
70 27
70 31
70 33
70 35
70 37
70 38
70 43
70 48
70 49
70 52
70 57
70 60
70 64
70 67
70 78
70 79
70 81
70 82
70 84
70 86
70 92
70 94
70 100
71 2
71 3
71 5
71 8
71 9
71 11
71 14
71 18
71 20
71 26
71 27
71 29
71 30
71 32
71 39
71 50
71 52
71 73
71 76
71 79
71 82
71 85
71 88
71 90
71 91
71 98
71 99
72 1
72 3
72 4
72 5
72 10
72 11
72 14
72 16
72 21
72 32
72 35
72 36
72 39
72 44
72 45
72 49
72 50
72 52
72 53
72 56
72 60
72 65
72 67
72 69
72 74
72 77
72 81
72 82
72 88
72 96
72 97
73 4
73 6
73 8
73 18
73 19
73 25
73 27
73 28
73 31
73 36
73 38
73 40
73 47
73 49
73 58
73 60
73 62
73 64
73 69
73 73
73 76
73 78
73 86
73 90
73 91
73 98
74 0
74 1
74 2
74 4
74 7
74 8
74 9
74 11
74 12
74 16
74 22
74 24
74 25
74 26
74 27
74 33
74 38
74 48
74 50
74 64
74 67
74 68
74 70
74 73
74 76
74 80
74 82
74 83
74 89
74 93
74 94
74 97
75 1
75 7
75 8
75 13
75 15
75 16
75 18
75 22
75 29
75 35
75 38
75 39
75 41
75 43
75 45
75 46
75 50
75 51
75 52
75 53
75 59
75 60
75 66
75 67
75 70
75 71
75 72
75 76
75 77
75 78
75 80
75 84
75 89
75 90
75 92
75 97
76 2
76 4
76 8
76 25
76 33
76 34
76 37
76 38
76 51
76 53
76 56
76 61
76 64
76 70
76 74
76 77
76 84
76 88
76 89
76 91
76 92
76 95
76 96
76 100
77 4
77 6
77 9
77 18
77 19
77 20
77 22
77 26
77 28
77 32
77 39
77 41
77 45
77 47
77 51
77 55
77 57
77 60
77 72
77 74
77 80
77 87
77 92
77 94
77 95
77 97
77 100
78 4
78 5
78 6
78 7
78 11
78 15
78 17
78 18
78 20
78 23
78 31
78 34
78 37
78 38
78 42
78 47
78 48
78 49
78 52
78 60
78 77
78 78
78 79
78 80
78 82
78 89
78 93
78 95
78 99
78 100
79 0
79 6
79 8
79 15
79 18
79 21
79 23
79 28
79 32
79 34
79 39
79 44
79 45
79 49
79 50
79 52
79 56
79 60
79 61
79 62
79 64
79 68
79 72
79 76
79 82
79 86
79 88
79 94
79 95
79 96
79 99
80 1
80 3
80 10
80 21
80 22
80 26
80 45
80 59
80 64
80 70
80 71
80 75
80 84
80 88
80 89
80 91
80 94
80 97
81 0
81 4
81 5
81 11
81 12
81 15
81 18
81 21
81 28
81 29
81 32
81 33
81 36
81 37
81 41
81 42
81 43
81 44
81 52
81 59
81 63
81 67
81 70
81 72
81 74
81 76
81 77
81 89
81 92
81 93
81 99
82 1
82 2
82 13
82 17
82 24
82 29
82 37
82 39
82 40
82 43
82 47
82 49
82 55
82 57
82 59
82 60
82 70
82 72
82 75
82 76
82 78
82 79
82 80
82 82
82 83
82 86
82 87
82 90
82 97
82 98
82 99
83 4
83 6
83 9
83 10
83 11
83 13
83 16
83 28
83 29
83 34
83 35
83 43
83 48
83 51
83 64
83 66
83 83
83 85
83 86
83 91
83 96
83 97
84 1
84 7
84 8
84 16
84 21
84 30
84 34
84 39
84 40
84 41
84 44
84 56
84 58
84 62
84 65
84 71
84 72
84 75
84 78
84 79
84 87
84 89
84 91
84 96
85 0
85 3
85 10
85 11
85 20
85 23
85 24
85 25
85 26
85 29
85 33
85 36
85 38
85 41
85 42
85 45
85 48
85 51
85 52
85 57
85 59
85 62
85 63
85 65
85 74
85 76
85 77
85 82
85 84
85 85
85 87
85 91
85 92
86 0
86 10
86 15
86 22
86 24
86 26
86 27
86 31
86 32
86 33
86 35
86 38
86 43
86 45
86 46
86 49
86 55
86 56
86 57
86 62
86 70
86 71
86 73
86 75
86 76
86 80
86 81
86 83
86 89
86 91
86 93
86 98
87 1
87 5
87 7
87 10
87 14
87 17
87 20
87 21
87 28
87 33
87 34
87 37
87 39
87 43
87 56
87 57
87 59
87 63
87 66
87 75
87 76
87 77
87 78
87 83
87 89
87 91
87 96
87 98
87 100
88 1
88 4
88 5
88 7
88 9
88 18
88 22
88 23
88 24
88 27
88 29
88 31
88 34
88 37
88 40
88 42
88 44
88 46
88 48
88 50
88 59
88 60
88 61
88 63
88 65
88 66
88 68
88 71
88 72
88 73
88 82
88 83
88 87
88 89
88 93
88 95
88 100
89 3
89 6
89 10
89 13
89 17
89 19
89 20
89 29
89 32
89 36
89 37
89 40
89 41
89 43
89 46
89 52
89 54
89 55
89 56
89 57
89 67
89 69
89 71
89 73
89 77
89 79
89 80
89 81
89 82
89 87
89 90
89 91
89 92
89 95
89 99
90 2
90 6
90 17
90 21
90 22
90 35
90 36
90 39
90 40
90 43
90 45
90 47
90 51
90 52
90 57
90 61
90 68
90 71
90 72
90 74
90 76
90 80
90 86
90 87
90 90
90 94
90 97
90 98
90 99
91 1
91 5
91 8
91 9
91 10
91 17
91 18
91 19
91 21
91 23
91 27
91 28
91 33
91 34
91 36
91 40
91 47
91 62
91 64
91 68
91 69
91 72
91 76
91 77
91 81
91 82
91 86
91 91
91 94
91 95
91 97
92 3
92 4
92 11
92 12
92 19
92 21
92 22
92 25
92 28
92 30
92 32
92 33
92 35
92 37
92 38
92 41
92 43
92 48
92 54
92 55
92 59
92 60
92 67
92 70
92 78
92 92
92 98
92 99
93 4
93 5
93 9
93 10
93 12
93 14
93 18
93 19
93 25
93 28
93 30
93 31
93 36
93 40
93 44
93 52
93 57
93 60
93 61
93 64
93 65
93 66
93 67
93 68
93 78
93 84
93 87
93 93
93 94
93 95
93 100
94 2
94 3
94 4
94 8
94 12
94 16
94 18
94 25
94 26
94 36
94 39
94 40
94 48
94 54
94 57
94 59
94 60
94 64
94 68
94 69
94 71
94 72
94 75
95 1
95 7
95 8
95 9
95 10
95 12
95 20
95 27
95 33
95 39
95 46
95 47
95 48
95 49
95 50
95 52
95 56
95 57
95 58
95 61
95 67
95 68
95 75
95 77
95 79
95 82
95 83
95 89
95 93
95 94
95 97
95 98
96 0
96 1
96 2
96 6
96 8
96 10
96 14
96 16
96 17
96 22
96 23
96 29
96 30
96 33
96 36
96 39
96 43
96 51
96 53
96 54
96 61
96 62
96 64
96 67
96 72
96 74
96 77
96 78
96 87
96 88
96 90
96 92
96 95
96 97
96 98
97 0
97 1
97 2
97 5
97 8
97 10
97 11
97 13
97 14
97 15
97 19
97 25
97 30
97 32
97 35
97 37
97 44
97 50
97 55
97 58
97 59
97 61
97 62
97 63
97 64
97 68
97 81
97 82
97 83
97 86
97 87
97 88
97 90
97 92
97 98
98 1
98 3
98 9
98 13
98 15
98 18
98 20
98 22
98 26
98 34
98 35
98 40
98 41
98 45
98 46
98 53
98 54
98 60
98 63
98 70
98 71
98 77
98 80
98 81
98 88
98 89
98 90
98 91
98 95
98 96
99 2
99 5
99 6
99 7
99 8
99 10
99 34
99 36
99 39
99 40
99 43
99 44
99 48
99 49
99 53
99 55
99 58
99 61
99 63
99 65
99 67
99 73
99 80
99 81
99 89
99 90
99 92
99 97
100 0
100 1
100 10
100 11
100 12
100 24
100 26
100 29
100 31
100 41
100 45
100 55
100 56
100 59
100 60
100 66
100 68
100 69
100 74
100 82
100 83
100 88
100 89
100 95
100 100
