0 1
0 4
0 6
0 7
0 9
0 11
0 18
0 35
0 37
0 38
0 39
0 41
0 45
0 46
0 49
0 57
0 60
0 64
0 65
0 66
0 78
0 80
0 82
0 86
0 88
0 93
0 96
0 97
1 0
1 1
1 3
1 4
1 7
1 8
1 13
1 14
1 17
1 19
1 36
1 37
1 45
1 51
1 55
1 58
1 60
1 64
1 66
1 67
1 69
1 76
1 80
1 82
1 83
1 87
1 91
1 95
1 97
1 99
1 100
2 0
2 4
2 10
2 11
2 17
2 20
2 21
2 31
2 33
2 34
2 35
2 43
2 49
2 50
2 59
2 70
2 71
2 72
2 74
2 84
2 88
2 94
2 97
2 98
2 99
3 1
3 5
3 9
3 18
3 25
3 26
3 38
3 42
3 47
3 52
3 54
3 59
3 61
3 62
3 67
3 72
3 74
3 87
3 91
3 94
3 96
4 4
4 6
4 10
4 14
4 15
4 16
4 17
4 18
4 19
4 20
4 24
4 25
4 28
4 31
4 33
4 35
4 37
4 38
4 50
4 58
4 60
4 67
4 69
4 73
4 75
4 80
4 83
4 84
4 86
4 88
4 91
4 94
4 98
5 14
5 15
5 20
5 22
5 23
5 24
5 26
5 28
5 29
5 30
5 35
5 37
5 43
5 45
5 48
5 57
5 58
5 65
5 68
5 72
5 74
5 77
5 79
5 82
5 84
5 94
6 0
6 2
6 4
6 10
6 11
6 12
6 13
6 14
6 19
6 21
6 23
6 32
6 34
6 36
6 42
6 46
6 49
6 52
6 55
6 57
6 61
6 64
6 65
6 66
6 68
6 70
6 72
6 75
6 81
6 89
6 91
6 92
7 0
7 5
7 6
7 10
7 13
7 14
7 18
7 24
7 25
7 29
7 35
7 36
7 38
7 41
7 43
7 52
7 53
7 54
7 63
7 66
7 67
7 71
7 74
7 76
7 78
7 79
7 80
7 81
7 82
7 83
7 92
7 93
7 95
8 6
8 7
8 11
8 12
8 13
8 23
8 25
8 34
8 44
8 46
8 55
8 56
8 59
8 66
8 67
8 69
8 71
8 77
8 79
8 86
8 89
8 98
9 7
9 12
9 21
9 23
9 24
9 26
9 27
9 29
9 34
9 37
9 40
9 45
9 46
9 48
9 52
9 53
9 55
9 58
9 61
9 65
9 67
9 74
9 75
9 77
9 78
9 79
9 81
9 83
9 85
9 86
9 89
9 90
9 92
9 94
9 98
10 1
10 5
10 8
10 9
10 10
10 13
10 15
10 21
10 26
10 36
10 38
10 46
10 47
10 49
10 51
10 57
10 58
10 60
10 62
10 64
10 67
10 70
10 74
10 75
10 76
10 77
10 78
10 79
10 82
10 84
10 86
10 88
10 92
10 96
10 98
10 99
11 4
11 6
11 23
11 32
11 36
11 37
11 42
11 45
11 50
11 55
11 56
11 58
11 63
11 65
11 69
11 70
11 73
11 76
11 77
11 80
11 82
11 87
11 88
11 89
11 90
11 91
12 1
12 2
12 5
12 6
12 9
12 12
12 13
12 15
12 17
12 20
12 22
12 24
12 34
12 35
12 37
12 40
12 46
12 47
12 52
12 53
12 58
12 60
12 65
12 66
12 67
12 69
12 71
12 74
12 75
12 81
12 84
12 85
12 97
12 98
12 99
12 100
13 0
13 2
13 5
13 8
13 13
13 14
13 17
13 19
13 26
13 32
13 37
13 38
13 39
13 41
13 42
13 44
13 48
13 50
13 54
13 56
13 57
13 58
13 63
13 67
13 75
13 76
13 78
13 80
13 85
13 88
13 91
13 92
13 99
14 1
14 7
14 13
14 16
14 18
14 19
14 21
14 23
14 29
14 32
14 33
14 39
14 45
14 51
14 56
14 59
14 62
14 66
14 67
14 70
14 76
14 81
14 85
14 88
14 93
14 98
14 100
15 0
15 1
15 3
15 5
15 6
15 10
15 12
15 13
15 18
15 23
15 24
15 27
15 31
15 34
15 39
15 40
15 41
15 42
15 46
15 47
15 48
15 50
15 53
15 54
15 55
15 57
15 58
15 62
15 64
15 66
15 67
15 75
15 86
15 90
15 98
16 6
16 13
16 14
16 18
16 21
16 33
16 38
16 42
16 44
16 48
16 52
16 54
16 55
16 56
16 62
16 63
16 65
16 66
16 67
16 69
16 70
16 72
16 76
16 81
16 82
16 83
16 86
16 87
16 91
16 94
16 97
17 5
17 6
17 10
17 17
17 20
17 21
17 22
17 24
17 28
17 30
17 32
17 33
17 35
17 37
17 40
17 45
17 53
17 58
17 59
17 62
17 65
17 67
17 72
17 73
17 76
17 77
17 78
17 82
17 85
17 87
17 89
17 95
17 97
17 99
18 5
18 6
18 8
18 9
18 10
18 13
18 24
18 25
18 29
18 30
18 31
18 32
18 33
18 36
18 38
18 39
18 40
18 41
18 46
18 50
18 63
18 64
18 73
18 76
18 77
18 79
18 83
18 87
18 90
18 91
18 96
19 1
19 7
19 16
19 17
19 18
19 22
19 24
19 26
19 30
19 34
19 38
19 39
19 40
19 43
19 46
19 53
19 54
19 57
19 60
19 63
19 65
19 68
19 72
19 74
19 76
19 77
19 79
19 89
19 93
19 95
19 96
19 98
20 12
20 16
20 18
20 21
20 26
20 30
20 38
20 39
20 48
20 49
20 51
20 52
20 53
20 59
20 60
20 66
20 69
20 70
20 72
20 73
20 75
20 79
20 82
20 83
20 87
20 90
20 93
20 95
21 0
21 2
21 6
21 13
21 14
21 19
21 22
21 23
21 24
21 27
21 31
21 34
21 35
21 39
21 41
21 42
21 45
21 46
21 48
21 51
21 52
21 56
21 62
21 64
21 66
21 74
21 75
21 80
21 82
21 83
21 84
21 89
21 98
22 0
22 4
22 5
22 8
22 10
22 11
22 14
22 16
22 17
22 20
22 24
22 25
22 26
22 29
22 32
22 41
22 46
22 62
22 72
22 74
22 78
22 82
22 83
22 84
22 94
22 95
22 96
22 97
22 100
23 1
23 2
23 6
23 14
23 18
23 19
23 25
23 30
23 36
23 40
23 46
23 47
23 48
23 49
23 51
23 54
23 58
23 61
23 64
23 67
23 68
23 70
23 72
23 75
23 81
23 91
23 92
23 93
23 95
24 0
24 13
24 14
24 16
24 18
24 20
24 24
24 26
24 27
24 28
24 29
24 31
24 32
24 34
24 35
24 39
24 45
24 46
24 54
24 55
24 57
24 58
24 62
24 63
24 66
24 67
24 70
24 77
24 79
24 83
24 87
24 92
24 93
24 95
24 100
25 4
25 9
25 11
25 13
25 18
25 23
25 25
25 32
25 36
25 38
25 39
25 41
25 45
25 50
25 51
25 55
25 57
25 60
25 66
25 79
25 82
25 83
25 86
25 88
25 90
25 92
25 97
25 100
26 0
26 4
26 5
26 7
26 10
26 11
26 13
26 14
26 19
26 22
26 24
26 28
26 37
26 41
26 47
26 49
26 51
26 53
26 54
26 58
26 60
26 65
26 66
26 67
26 71
26 73
26 76
26 89
26 90
26 91
26 98
26 99
27 0
27 2
27 6
27 7
27 8
27 10
27 13
27 14
27 17
27 21
27 22
27 26
27 33
27 35
27 37
27 45
27 57
27 64
27 66
27 67
27 73
27 76
27 78
27 82
27 86
27 88
27 89
27 92
27 93
27 94
27 96
27 100
28 0
28 2
28 3
28 6
28 9
28 10
28 11
28 16
28 18
28 22
28 23
28 26
28 30
28 36
28 44
28 48
28 49
28 50
28 53
28 54
28 56
28 58
28 66
28 67
28 71
28 72
28 74
28 78
28 79
28 81
28 82
28 83
28 84
28 85
28 88
28 91
28 94
28 95
28 99
29 1
29 2
29 4
29 5
29 8
29 11
29 18
29 20
29 22
29 25
29 26
29 32
29 35
29 43
29 47
29 48
29 50
29 52
29 55
29 63
29 68
29 70
29 77
29 78
29 81
29 85
29 90
29 92
29 93
29 97
29 98
29 100
30 1
30 10
30 12
30 16
30 18
30 19
30 21
30 22
30 24
30 28
30 31
30 35
30 41
30 42
30 45
30 46
30 53
30 64
30 66
30 67
30 70
30 74
30 77
30 78
30 79
30 81
30 82
30 85
30 86
30 89
30 91
31 5
31 12
31 20
31 21
31 24
31 27
31 30
31 31
31 33
31 40
31 44
31 45
31 48
31 51
31 52
31 54
31 55
31 56
31 58
31 59
31 65
31 69
31 80
31 83
31 86
31 91
31 100
32 1
32 4
32 9
32 10
32 13
32 16
32 21
32 28
32 35
32 38
32 40
32 45
32 46
32 47
32 52
32 55
32 56
32 60
32 68
32 69
32 70
32 78
32 80
32 82
32 84
32 85
32 96
32 97
32 99
32 100
33 0
33 1
33 2
33 4
33 5
33 13
33 15
33 16
33 17
33 20
33 23
33 27
33 28
33 30
33 34
33 41
33 44
33 48
33 49
33 54
33 55
33 56
33 60
33 61
33 62
33 66
33 67
33 70
33 74
33 80
33 84
33 87
34 3
34 7
34 10
34 11
34 15
34 17
34 20
34 22
34 27
34 33
34 35
34 39
34 42
34 48
34 62
34 63
34 66
34 72
34 73
34 79
34 81
34 83
34 84
34 85
34 88
34 91
34 92
34 94
34 96
34 97
35 0
35 2
35 6
35 7
35 13
35 15
35 21
35 22
35 23
35 24
35 27
35 30
35 32
35 39
35 50
35 54
35 61
35 63
35 67
35 70
35 73
35 81
35 86
35 89
35 90
35 92
35 93
35 97
36 2
36 5
36 20
36 21
36 23
36 24
36 25
36 29
36 30
36 32
36 37
36 40
36 41
36 49
36 53
36 54
36 56
36 59
36 61
36 63
36 66
36 68
36 70
36 72
36 81
36 82
36 84
36 88
36 90
36 94
36 98
36 99
37 2
37 3
37 5
37 12
37 13
37 14
37 15
37 16
37 22
37 23
37 26
37 28
37 29
37 33
37 46
37 47
37 48
37 49
37 50
37 53
37 54
37 55
37 57
37 59
37 60
37 61
37 63
37 70
37 73
37 74
37 80
37 82
37 83
37 86
37 87
37 90
37 94
37 95
37 97
37 100
38 0
38 5
38 7
38 8
38 16
38 17
38 19
38 27
38 33
38 36
38 39
38 40
38 44
38 45
38 48
38 52
38 56
38 57
38 58
38 59
38 63
38 71
38 72
38 74
38 77
38 78
38 79
38 80
38 81
38 84
38 87
38 92
38 96
39 0
39 9
39 11
39 16
39 19
39 20
39 24
39 29
39 30
39 33
39 34
39 38
39 40
39 42
39 47
39 48
39 56
39 57
39 60
39 61
39 87
39 95
39 97
39 98
39 99
40 1
40 5
40 9
40 18
40 22
40 23
40 27
40 33
40 38
40 43
40 47
40 51
40 65
40 67
40 77
40 84
40 90
40 92
40 93
41 3
41 6
41 9
41 12
41 14
41 17
41 23
41 28
41 30
41 31
41 33
41 36
41 37
41 39
41 42
41 43
41 44
41 46
41 47
41 49
41 54
41 59
41 62
41 65
41 66
41 70
41 77
41 78
41 79
41 84
41 85
41 86
41 91
41 94
41 95
42 2
42 3
42 5
42 8
42 9
42 16
42 17
42 27
42 31
42 32
42 34
42 35
42 36
42 41
42 45
42 48
42 51
42 58
42 60
42 61
42 66
42 68
42 69
42 72
42 74
42 80
42 83
42 85
42 86
42 95
42 97
42 99
43 6
43 8
43 10
43 13
43 14
43 16
43 17
43 18
43 19
43 24
43 29
43 33
43 36
43 44
43 46
43 48
43 49
43 52
43 54
43 55
43 56
43 57
43 58
43 60
43 63
43 65
43 71
43 73
43 75
43 77
43 78
43 80
43 81
43 82
43 87
43 88
43 91
43 94
43 95
43 100
44 1
44 3
44 4
44 11
44 16
44 17
44 18
44 21
44 24
44 28
44 29
44 30
44 36
44 42
44 45
44 47
44 56
44 62
44 66
44 67
44 69
44 71
44 76
44 83
44 88
44 90
44 91
44 92
44 94
45 0
45 5
45 7
45 25
45 27
45 28
45 32
45 34
45 36
45 40
45 43
45 51
45 52
45 54
45 56
45 60
45 72
45 79
45 80
45 90
45 94
45 96
46 0
46 4
46 9
46 11
46 16
46 20
46 22
46 23
46 25
46 26
46 28
46 29
46 32
46 35
46 37
46 43
46 44
46 48
46 51
46 53
46 54
46 55
46 57
46 59
46 68
46 79
46 84
46 96
46 97
46 100
47 0
47 1
47 2
47 3
47 5
47 6
47 9
47 16
47 21
47 24
47 25
47 26
47 27
47 36
47 38
47 41
47 42
47 44
47 49
47 50
47 51
47 66
47 68
47 72
47 77
47 78
47 79
47 81
47 83
47 86
47 88
47 91
47 96
47 98
47 99
48 5
48 6
48 7
48 8
48 14
48 15
48 22
48 23
48 27
48 28
48 31
48 32
48 33
48 34
48 36
48 55
48 59
48 61
48 63
48 66
48 67
48 72
48 73
48 75
48 80
48 81
48 82
48 89
48 92
48 95
48 97
49 2
49 3
49 4
49 17
49 18
49 22
49 32
49 33
49 36
49 43
49 44
49 49
49 52
49 56
49 60
49 64
49 71
49 73
49 75
49 77
49 79
49 82
49 83
49 84
49 86
49 87
49 88
49 89
49 90
49 92
49 94
49 96
49 97
49 100
50 3
50 5
50 10
50 11
50 14
50 15
50 16
50 17
50 18
50 19
50 24
50 25
50 31
50 33
50 35
50 38
50 42
50 47
50 50
50 54
50 57
50 59
50 60
50 65
50 67
50 71
50 76
50 78
50 80
50 87
50 88
50 91
50 94
50 98
51 1
51 5
51 6
51 9
51 10
51 11
51 12
51 15
51 16
51 21
51 25
51 30
51 36
51 53
51 55
51 56
51 57
51 62
51 63
51 64
51 67
51 73
51 74
51 77
51 80
51 82
51 83
51 89
51 95
52 1
52 2
52 7
52 16
52 18
52 21
52 22
52 25
52 26
52 28
52 39
52 40
52 41
52 43
52 54
52 55
52 59
52 68
52 69
52 71
52 77
52 79
52 80
52 81
52 84
52 87
52 89
52 91
52 95
52 96
52 100
53 0
53 1
53 2
53 14
53 16
53 18
53 20
53 22
53 27
53 28
53 29
53 30
53 34
53 35
53 36
53 37
53 40
53 44
53 50
53 51
53 52
53 55
53 60
53 62
53 65
53 74
53 77
53 79
53 80
53 81
53 87
53 88
53 91
53 93
53 94
53 95
53 96
54 1
54 7
54 15
54 18
54 19
54 21
54 24
54 27
54 33
54 34
54 41
54 43
54 46
54 50
54 63
54 67
54 69
54 70
54 75
54 78
54 81
54 87
54 89
54 91
54 92
54 96
54 98
55 1
55 16
55 18
55 32
55 46
55 50
55 52
55 57
55 58
55 63
55 67
55 69
55 71
55 74
55 76
55 80
55 84
55 89
55 91
55 92
55 96
55 99
55 100
56 12
56 13
56 15
56 32
56 34
56 38
56 39
56 41
56 42
56 46
56 47
56 48
56 50
56 51
56 58
56 60
56 61
56 63
56 66
56 67
56 70
56 77
56 82
56 84
56 91
56 94
57 7
57 15
57 17
57 23
57 24
57 35
57 39
57 44
57 52
57 55
57 56
57 60
57 63
57 70
57 79
57 81
57 84
57 86
57 87
57 91
57 96
58 2
58 3
58 4
58 9
58 14
58 15
58 24
58 25
58 26
58 27
58 32
58 37
58 39
58 40
58 41
58 45
58 47
58 56
58 58
58 61
58 64
58 66
58 70
58 71
58 73
58 75
58 76
58 77
58 78
58 79
58 81
58 90
58 92
58 97
58 98
59 1
59 3
59 5
59 12
59 14
59 17
59 18
59 21
59 22
59 23
59 24
59 32
59 35
59 36
59 38
59 42
59 47
59 49
59 51
59 54
59 58
59 62
59 63
59 70
59 72
59 73
59 75
59 83
59 84
59 85
59 86
59 87
59 88
59 91
59 95
59 96
59 97
60 3
60 8
60 10
60 11
60 15
60 16
60 19
60 21
60 24
60 33
60 34
60 41
60 45
60 53
60 62
60 63
60 66
60 70
60 72
60 74
60 76
60 80
60 81
60 83
60 84
60 85
60 87
60 90
60 95
60 96
61 0
61 1
61 13
61 14
61 15
61 20
61 21
61 23
61 24
61 32
61 34
61 37
61 41
61 43
61 44
61 47
61 49
61 52
61 55
61 58
61 59
61 60
61 62
61 75
61 77
61 94
62 2
62 4
62 6
62 7
62 8
62 10
62 11
62 15
62 17
62 18
62 23
62 28
62 31
62 36
62 39
62 40
62 43
62 52
62 53
62 56
62 61
62 62
62 63
62 64
62 65
62 71
62 72
62 74
62 76
62 80
62 84
62 86
62 90
62 91
62 92
62 99
63 0
63 6
63 7
63 8
63 14
63 15
63 17
63 24
63 26
63 27
63 28
63 32
63 33
63 36
63 37
63 40
63 44
63 45
63 46
63 51
63 54
63 56
63 57
63 60
63 63
63 64
63 67
63 72
63 73
63 75
63 80
63 85
63 86
63 87
63 89
63 93
63 95
63 96
64 3
64 6
64 10
64 14
64 18
64 22
64 25
64 26
64 30
64 35
64 38
64 39
64 49
64 60
64 62
64 63
64 65
64 69
64 71
64 76
64 77
64 79
64 80
64 83
64 88
64 98
65 2
65 8
65 14
65 17
65 19
65 22
65 27
65 28
65 36
65 37
65 41
65 44
65 46
65 49
65 51
65 53
65 56
65 65
65 69
65 71
65 80
65 87
65 89
65 93
65 94
65 96
66 0
66 1
66 3
66 4
66 7
66 9
66 10
66 13
66 14
66 16
66 17
66 22
66 26
66 28
66 31
66 32
66 39
66 43
66 44
66 45
66 49
66 51
66 52
66 53
66 58
66 60
66 65
66 66
66 70
66 71
66 77
66 78
66 80
66 81
66 82
66 83
66 91
66 93
66 95
66 99
67 3
67 4
67 8
67 9
67 12
67 17
67 19
67 29
67 30
67 31
67 32
67 39
67 44
67 50
67 53
67 54
67 62
67 64
67 66
67 69
67 80
67 86
67 96
67 100
68 0
68 2
68 3
68 4
68 9
68 12
68 15
68 17
68 20
68 30
68 31
68 35
68 36
68 39
68 42
68 44
68 46
68 49
68 53
68 54
68 56
68 65
68 76
68 78
68 80
68 82
68 89
68 93
68 94
68 99
69 2
69 3
69 7
69 10
69 14
69 16
69 20
69 24
69 26
69 33
69 34
69 38
69 39
69 44
69 48
69 50
69 51
69 53
69 58
69 64
69 72
69 74
69 75
69 76
69 78
69 81
69 82
69 84
69 85
69 90
69 91
69 93
69 95
69 97
69 99
70 0
70 6
70 8
70 15
70 17
70 19
70 21
70 22
70 23
70 25
70 30
70 31
70 36
70 39
70 40
70 42
70 44
70 49
70 70
70 73
70 75
70 79
70 80
70 82
70 87
70 91
70 93
70 97
71 1
71 3
71 7
71 8
71 12
71 16
71 23
71 25
71 26
71 31
71 34
71 38
71 39
71 43
71 46
71 50
71 51
71 54
71 59
71 61
71 63
71 65
71 69
71 72
71 77
71 78
71 80
71 81
71 83
71 84
71 88
71 90
71 95
71 96
71 99
72 0
72 3
72 8
72 9
72 12
72 21
72 27
72 32
72 35
72 37
72 49
72 50
72 54
72 55
72 60
72 62
72 63
72 67
72 75
72 77
72 82
72 87
72 94
72 95
72 97
72 99
73 0
73 2
73 3
73 8
73 12
73 15
73 17
73 20
73 25
73 26
73 27
73 35
73 37
73 40
73 42
73 51
73 55
73 57
73 58
73 65
73 66
73 68
73 71
73 73
73 78
73 83
73 87
73 88
73 92
73 93
73 96
73 99
74 0
74 1
74 3
74 7
74 13
74 18
74 24
74 25
74 27
74 28
74 30
74 32
74 38
74 39
74 42
74 45
74 48
74 51
74 53
74 55
74 59
74 60
74 61
74 63
74 65
74 69
74 71
74 74
74 77
74 78
74 79
74 84
74 88
74 90
74 92
74 93
74 97
74 99
75 5
75 6
75 10
75 13
75 19
75 22
75 23
75 27
75 28
75 33
75 34
75 38
75 39
75 40
75 43
75 48
75 49
75 51
75 52
75 53
75 54
75 57
75 60
75 63
75 65
75 77
75 86
75 87
75 91
75 96
75 97
76 0
76 2
76 5
76 7
76 12
76 16
76 23
76 28
76 31
76 33
76 39
76 43
76 46
76 48
76 51
76 52
76 53
76 63
76 65
76 68
76 69
76 72
76 73
76 74
76 76
76 79
76 82
76 85
76 87
76 88
76 89
76 94
76 98
77 1
77 3
77 4
77 6
77 8
77 11
77 18
77 21
77 25
77 31
77 36
77 37
77 39
77 41
77 45
77 47
77 48
77 54
77 62
77 64
77 67
77 68
77 70
77 71
77 73
77 78
77 82
77 83
77 99
78 3
78 4
78 7
78 13
78 14
78 17
78 20
78 22
78 23
78 25
78 29
78 30
78 33
78 35
78 49
78 53
78 54
78 64
78 66
78 68
78 71
78 72
78 75
78 77
78 78
78 79
78 83
78 84
78 87
78 91
78 92
78 94
78 95
78 97
79 1
79 6
79 8
79 11
79 12
79 19
79 21
79 22
79 30
79 31
79 34
79 38
79 39
79 46
79 47
79 49
79 51
79 52
79 54
79 55
79 56
79 57
79 58
79 65
79 70
79 76
79 78
79 81
79 83
79 88
79 89
79 90
79 100
80 1
80 7
80 13
80 15
80 18
80 21
80 22
80 23
80 26
80 29
80 32
80 37
80 40
80 42
80 44
80 50
80 52
80 54
80 56
80 58
80 76
80 80
80 82
80 84
80 86
80 87
80 90
80 94
80 97
80 98
81 3
81 5
81 6
81 11
81 15
81 20
81 26
81 27
81 29
81 30
81 36
81 38
81 40
81 41
81 43
81 48
81 51
81 53
81 54
81 57
81 61
81 62
81 64
81 72
81 77
81 81
81 85
81 86
81 96
82 3
82 5
82 11
82 12
82 14
82 16
82 21
82 22
82 25
82 30
82 31
82 32
82 33
82 42
82 46
82 48
82 49
82 61
82 63
82 67
82 70
82 76
82 78
82 79
82 83
82 88
83 1
83 2
83 3
83 4
83 6
83 13
83 17
83 19
83 24
83 25
83 26
83 27
83 30
83 35
83 41
83 42
83 48
83 49
83 54
83 57
83 62
83 69
83 73
83 74
83 79
83 82
83 83
83 84
83 87
83 88
83 90
83 92
83 99
83 100
84 0
84 3
84 6
84 9
84 11
84 13
84 17
84 19
84 20
84 35
84 36
84 37
84 39
84 41
84 42
84 44
84 47
84 51
84 68
84 71
84 73
84 74
84 77
84 83
84 87
84 93
84 94
84 95
85 3
85 4
85 10
85 25
85 26
85 28
85 29
85 30
85 34
85 36
85 37
85 38
85 40
85 41
85 43
85 45
85 48
85 51
85 52
85 55
85 58
85 61
85 62
85 64
85 65
85 66
85 67
85 69
85 71
85 76
85 83
85 89
85 97
85 99
86 6
86 10
86 12
86 14
86 16
86 17
86 18
86 24
86 32
86 36
86 38
86 43
86 46
86 49
86 52
86 57
86 58
86 59
86 61
86 62
86 63
86 64
86 67
86 68
86 70
86 72
86 74
86 85
86 100
87 0
87 1
87 3
87 5
87 10
87 12
87 13
87 16
87 19
87 20
87 21
87 29
87 31
87 32
87 36
87 39
87 40
87 42
87 43
87 44
87 46
87 52
87 53
87 54
87 56
87 61
87 65
87 73
87 75
87 76
87 80
87 89
87 91
87 96
88 2
88 8
88 12
88 13
88 18
88 22
88 25
88 30
88 31
88 32
88 35
88 37
88 43
88 49
88 51
88 57
88 63
88 67
88 75
88 76
88 79
88 82
88 83
88 84
88 85
88 86
88 92
88 94
89 8
89 9
89 12
89 18
89 22
89 24
89 26
89 31
89 32
89 35
89 38
89 44
89 47
89 54
89 64
89 65
89 67
89 68
89 70
89 71
89 72
89 77
89 79
89 80
89 81
89 92
89 93
89 95
89 96
89 98
89 100
90 0
90 4
90 7
90 8
90 9
90 11
90 13
90 14
90 17
90 23
90 26
90 28
90 30
90 39
90 40
90 43
90 44
90 46
90 47
90 59
90 60
90 63
90 66
90 67
90 69
90 75
90 76
90 80
90 82
90 83
90 84
90 90
90 92
90 95
90 100
91 1
91 3
91 7
91 9
91 11
91 16
91 17
91 19
91 22
91 25
91 26
91 27
91 28
91 29
91 43
91 56
91 69
91 70
91 71
91 72
91 73
91 77
91 79
91 85
91 87
91 92
91 95
91 99
92 1
92 2
92 3
92 10
92 11
92 12
92 17
92 25
92 29
92 31
92 38
92 39
92 40
92 43
92 44
92 49
92 52
92 54
92 61
92 62
92 64
92 72
92 79
92 85
92 86
92 88
92 92
92 95
92 100
93 2
93 4
93 6
93 8
93 9
93 11
93 25
93 38
93 45
93 52
93 53
93 55
93 57
93 77
93 78
93 85
93 97
93 100
94 2
94 3
94 4
94 5
94 7
94 10
94 13
94 19
94 21
94 26
94 27
94 28
94 30
94 31
94 36
94 40
94 44
94 45
94 64
94 65
94 74
94 76
94 86
94 87
94 90
94 94
94 95
94 96
94 97
94 99
94 100
95 3
95 4
95 5
95 7
95 12
95 18
95 24
95 35
95 37
95 43
95 45
95 47
95 48
95 50
95 54
95 58
95 65
95 66
95 68
95 72
95 73
95 75
95 82
95 85
95 86
95 87
95 88
95 91
95 92
95 93
95 98
95 100
96 3
96 6
96 7
96 8
96 11
96 13
96 14
96 15
96 20
96 24
96 25
96 26
96 34
96 37
96 41
96 43
96 44
96 50
96 54
96 55
96 56
96 57
96 58
96 62
96 71
96 77
96 79
96 81
96 82
96 84
96 94
96 95
96 96
96 98
97 2
97 3
97 8
97 13
97 14
97 15
97 17
97 18
97 19
97 25
97 30
97 31
97 33
97 34
97 36
97 44
97 47
97 48
97 49
97 51
97 53
97 63
97 70
97 74
97 76
97 77
97 78
97 79
97 91
97 94
97 98
98 6
98 8
98 10
98 12
98 13
98 26
98 33
98 35
98 37
98 43
98 45
98 46
98 50
98 51
98 55
98 56
98 57
98 58
98 63
98 65
98 70
98 71
98 76
98 78
98 81
98 87
98 89
98 94
98 95
98 98
98 99
99 3
99 7
99 12
99 13
99 19
99 25
99 27
99 30
99 31
99 32
99 35
99 38
99 44
99 47
99 49
99 50
99 51
99 52
99 59
99 63
99 65
99 70
99 71
99 73
99 75
99 77
99 82
99 85
99 88
99 97
99 100
100 0
100 4
100 6
100 13
100 17
100 19
100 22
100 23
100 24
100 25
100 26
100 27
100 28
100 32
100 34
100 35
100 39
100 41
100 44
100 46
100 49
100 58
100 60
100 62
100 64
100 73
100 78
100 80
100 82
100 87
100 91
100 96
100 97
100 99
